CityOrigin,City,Country,year_depart,month_depart,minPrice,meanPrice,medianPrice,timestamp
MXP,Londres,Reino Unido,2023,3,13.81,25.502298136645962,20.24,2023-05-14 20:16:22
MXP,Nápoles,Itália,2023,3,16.56,34.89557377049181,32.65,2023-05-14 20:16:22
MXP,Londres,Reino Unido,2023,1,16.58,16.58,16.58,2023-05-14 20:16:22
MXP,Londres,Reino Unido,2023,2,17.47,20.987777777777776,21.46,2023-05-14 20:16:22
MXP,Lamezia Terme,Itália,2023,3,18.62,29.985149253731343,29.045,2023-05-14 20:16:22
MXP,Catânia,Itália,2023,2,19.3,25.4795,26.67,2023-05-14 20:16:22
MXP,Bucareste,Roménia,2023,3,19.3,55.791428571428575,51.89,2023-05-14 20:16:22
MXP,Nápoles,Itália,2023,2,19.3,32.24913043478261,26.67,2023-05-14 20:16:22
MXP,Brindisi,Itália,2023,2,19.3,36.846000000000004,26.71,2023-05-14 20:16:22
MXP,Lamezia Terme,Itália,2023,5,19.31,29.763987341772154,30.08,2023-05-14 20:16:22
MXP,Olbia,Itália,2023,6,19.67,50.60305785123967,43.25,2023-05-14 20:16:22
MXP,Catânia,Itália,2023,5,20.23,34.55538461538462,33.69,2023-05-14 20:16:22
MXP,Londres,Reino Unido,2023,5,20.93,32.41045454545454,31.215,2023-05-14 20:16:22
MXP,Aarhus,Dinamarca,2023,1,21.12,35.712857142857146,21.15,2023-05-14 20:16:22
MXP,Palma de Maiorca,Espanha,2023,5,21.4,40.370573248407645,37.23,2023-05-14 20:16:22
MXP,Palermo,Itália,2023,3,21.54,38.166393442622955,28.295,2023-05-14 20:16:22
MXP,Algueiro,Itália,2023,5,21.84,36.394171779141104,33.45,2023-05-14 20:16:22
MXP,Budapeste,Hungria,2023,3,22.03,58.51,50.445,2023-05-14 20:16:22
MXP,Bari,Itália,2023,5,22.24,31.916421052631577,31.6,2023-05-14 20:16:22
MXP,Málaga,Espanha,2023,3,22.37,53.848045977011495,45.07,2023-05-14 20:16:22
MXP,Bari,Itália,2023,3,22.43,79.1,34.05,2023-05-14 20:16:22
MXP,Catânia,Itália,2023,4,22.77,41.65827586206896,32.65,2023-05-14 20:16:22
MXP,Catânia,Itália,2023,3,23.0,31.54934640522876,29.03,2023-05-14 20:16:22
MXP,Palma de Maiorca,Espanha,2023,3,23.15,34.2716393442623,28.81,2023-05-14 20:16:22
MXP,Palma de Maiorca,Espanha,2023,4,23.2,31.99358024691358,30.34,2023-05-14 20:16:22
MXP,Bilbau,Espanha,2023,6,23.83,97.34637583892618,84.44,2023-05-14 20:16:22
MXP,Palermo,Itália,2023,4,23.9,40.695128205128206,35.1,2023-05-14 20:16:22
MXP,Lamezia Terme,Itália,2023,6,23.99,34.37460317460317,30.31,2023-05-14 20:16:22
MXP,Manchester,Reino Unido,2023,3,24.23,70.75650943396226,52.24,2023-05-14 20:16:22
MXP,Barcelona,Espanha,2023,3,24.35,38.65073170731708,33.510000000000005,2023-05-14 20:16:22
MXP,Alicante,Espanha,2023,5,24.49,45.25125,40.42,2023-05-14 20:16:22
MXP,Bari,Itália,2023,10,24.63,143.21955555555556,33.73,2023-05-14 20:16:22
MXP,Viena,Áustria,2023,5,24.69,42.148167938931294,38.34,2023-05-14 20:16:22
MXP,Brindisi,Itália,2023,3,24.79,40.0731914893617,38.54,2023-05-14 20:16:22
MXP,Palermo,Itália,2023,2,24.79,28.451875,26.665,2023-05-14 20:16:22
MXP,Cagliari,Itália,2023,3,24.82,38.546176470588236,36.53,2023-05-14 20:16:22
MXP,Cagliari,Itália,2023,2,24.82,31.023636363636363,30.82,2023-05-14 20:16:22
MXP,Bari,Itália,2023,2,24.85,40.97222222222222,26.69,2023-05-14 20:16:22
MXP,Lamezia Terme,Itália,2023,4,24.94,48.163888888888884,30.37,2023-05-14 20:16:22
MXP,Porto,Portugal,2023,5,25.43,52.754464285714285,43.74,2023-05-14 20:16:22
MXP,Barcelona,Espanha,2023,5,25.47,41.148802395209586,39.03,2023-05-14 20:16:22
MXP,Podgorica,Montenegro,2023,2,25.53,52.60516129032258,32.26,2023-05-14 20:16:22
MXP,Lamezia Terme,Itália,2023,2,25.74,27.746785714285714,26.69,2023-05-14 20:16:22
MXP,Viena,Áustria,2023,6,25.74,57.565543478260864,38.11,2023-05-14 20:16:22
MXP,Podgorica,Montenegro,2023,4,25.75,140.85913043478263,154.91,2023-05-14 20:16:22
MXP,Bari,Itália,2023,8,25.75,36.315,35.1,2023-05-14 20:16:22
MXP,Barcelona,Espanha,2023,4,25.83,45.90888888888889,38.11,2023-05-14 20:16:22
MXP,Barcelona,Espanha,2023,10,25.93,40.51058823529412,40.845,2023-05-14 20:16:22
MXP,Aarhus,Dinamarca,2023,4,26.02,138.24432692307693,107.375,2023-05-14 20:16:22
MXP,Podgorica,Montenegro,2023,3,26.12,138.51788732394365,157.26,2023-05-14 20:16:22
MXP,Palermo,Itália,2023,5,26.47,35.65829113924051,33.185,2023-05-14 20:16:22
MXP,Bari,Itália,2023,6,26.52,37.08864864864865,33.16,2023-05-14 20:16:22
MXP,Manchester,Reino Unido,2023,2,26.61,89.122,55.31,2023-05-14 20:16:22
MXP,Barcelona,Espanha,2023,2,26.68,40.229285714285716,39.55,2023-05-14 20:16:22
MXP,Málaga,Espanha,2023,5,26.69,53.30586206896551,51.64,2023-05-14 20:16:22
MXP,Bucareste,Roménia,2023,2,26.71,56.45944444444444,44.635000000000005,2023-05-14 20:16:22
MXP,Cagliari,Itália,2023,4,26.79,42.5846875,37.34,2023-05-14 20:16:22
MXP,Nápoles,Itália,2023,6,26.79,36.97560975609756,36.31,2023-05-14 20:16:22
MXP,Bari,Itália,2023,4,27.06,50.96211538461539,33.835,2023-05-14 20:16:22
MXP,Viena,Áustria,2023,3,27.13,48.454552845528454,41.49,2023-05-14 20:16:22
MXP,Londres,Reino Unido,2023,6,27.21,35.86963636363636,33.75,2023-05-14 20:16:22
MXP,Porto,Portugal,2023,3,27.53,59.614382022471915,46.72,2023-05-14 20:16:22
MXP,Catânia,Itália,2023,10,27.84,34.54020833333333,33.480000000000004,2023-05-14 20:16:22
MXP,Cracóvia,Polónia,2023,3,27.99,100.39779816513762,76.29,2023-05-14 20:16:22
MXP,Algueiro,Itália,2023,3,28.2,47.73603174603174,39.83,2023-05-14 20:16:22
MXP,Algueiro,Itália,2023,4,28.21,45.83425531914894,40.12,2023-05-14 20:16:22
MXP,Algueiro,Itália,2023,6,28.25,47.497014925373136,43.89,2023-05-14 20:16:22
MXP,Pristina,Kosovo,2023,5,28.3,109.1263440860215,70.07,2023-05-14 20:16:22
MXP,Budapeste,Hungria,2023,5,28.38,67.52678260869565,65.14,2023-05-14 20:16:22
MXP,Cagliari,Itália,2023,5,28.56,38.230790960451976,37.43,2023-05-14 20:16:22
MXP,Budapeste,Hungria,2023,2,28.56,48.238571428571426,45.09,2023-05-14 20:16:22
MXP,Palermo,Itália,2023,9,28.97,37.857179487179486,36.28,2023-05-14 20:16:22
MXP,Paris,França,2023,5,29.14,47.23404494382022,45.35,2023-05-14 20:16:22
MXP,Budapeste,Hungria,2023,4,29.65,70.63045454545455,54.635000000000005,2023-05-14 20:16:22
MXP,Londres,Reino Unido,2023,4,29.86,50.321999999999996,46.65,2023-05-14 20:16:22
MXP,Palma de Maiorca,Espanha,2023,6,30.1,44.65416666666667,40.5,2023-05-14 20:16:22
MXP,Nápoles,Itália,2023,9,30.13,39.194,37.625,2023-05-14 20:16:22
MXP,Málaga,Espanha,2023,6,30.27,70.85830769230769,65.38,2023-05-14 20:16:22
MXP,Praga,República Checa,2023,2,30.33,38.924,39.61,2023-05-14 20:16:22
MXP,Escópia,Macedónia do Norte,2023,5,30.34,125.70783783783783,142.01,2023-05-14 20:16:22
MXP,Praga,República Checa,2023,3,30.73,57.29819672131148,48.33,2023-05-14 20:16:22
MXP,Málaga,Espanha,2023,9,30.84,49.36727272727273,41.01,2023-05-14 20:16:22
MXP,Nápoles,Itália,2023,5,30.84,36.75416666666667,35.769999999999996,2023-05-14 20:16:22
MXP,Praga,República Checa,2023,4,30.87,53.69457142857143,48.32,2023-05-14 20:16:22
MXP,Bari,Itália,2023,7,30.93,43.089285714285715,36.31,2023-05-14 20:16:22
MXP,Palermo,Itália,2023,10,31.01,37.88634146341463,37.36,2023-05-14 20:16:22
MXP,Paris,França,2023,9,31.03,50.02440677966102,49.59,2023-05-14 20:16:22
MXP,Brindisi,Itália,2023,5,31.1,44.805692307692304,43.11,2023-05-14 20:16:22
MXP,Pristina,Kosovo,2023,2,31.2,126.44534482758621,84.285,2023-05-14 20:16:22
MXP,Budapeste,Hungria,2023,1,31.25,31.296666666666667,31.32,2023-05-14 20:16:22
MXP,Bruxelas,Bélgica,2023,2,31.25,61.8678947368421,66.25,2023-05-14 20:16:22
MXP,Viena,Áustria,2023,2,31.25,47.69608695652174,39.57,2023-05-14 20:16:22
MXP,Bari,Itália,2023,9,31.66,36.30894736842105,33.915,2023-05-14 20:16:22
MXP,Catânia,Itália,2023,6,31.75,48.36600000000001,42.57,2023-05-14 20:16:22
MXP,Nápoles,Itália,2023,4,31.8,44.62708333333333,37.599999999999994,2023-05-14 20:16:22
MXP,Nápoles,Itália,2023,8,31.91,37.18095238095238,36.4,2023-05-14 20:16:22
MXP,Viena,Áustria,2023,4,31.97,52.631052631578946,46.769999999999996,2023-05-14 20:16:22
MXP,Nápoles,Itália,2023,7,32.01,36.428958333333334,36.68,2023-05-14 20:16:22
MXP,Luqa,Malta,2023,6,32.08,62.28577235772357,51.74,2023-05-14 20:16:22
MXP,Madrid,Espanha,2023,6,32.08,53.037528089887644,45.97,2023-05-14 20:16:22
MXP,Barcelona,Espanha,2023,6,32.08,46.8,45.57,2023-05-14 20:16:22
MXP,Alicante,Espanha,2023,6,32.08,63.674418604651166,49.22,2023-05-14 20:16:22
MXP,Málaga,Espanha,2023,10,32.25,45.144062500000004,42.76,2023-05-14 20:16:22
MXP,Praga,República Checa,2023,8,32.26,37.364999999999995,36.745000000000005,2023-05-14 20:16:22
MXP,Zadar,Croácia,2023,6,32.64,76.00453488372094,49.44,2023-05-14 20:16:22
MXP,Zadar,Croácia,2023,7,32.67,69.14041379310345,65.12,2023-05-14 20:16:22
MXP,Berlim,Alemanha,2023,6,32.75,56.87352941176471,52.39,2023-05-14 20:16:22
MXP,Luqa,Malta,2023,5,32.88,62.950150375939856,54.55,2023-05-14 20:16:22
MXP,Praga,República Checa,2023,5,33.06,55.19535714285714,53.32,2023-05-14 20:16:22
MXP,Luqa,Malta,2023,4,33.1,64.46957446808511,62.27,2023-05-14 20:16:22
MXP,Atenas,Grécia,2023,3,33.11,67.90473684210527,60.73,2023-05-14 20:16:22
MXP,Lisboa,Portugal,2023,3,33.16,57.688013698630144,51.79,2023-05-14 20:16:22
MXP,Luxemburgo,Luxemburgo,2023,3,33.35,73.33428571428571,48.51,2023-05-14 20:16:22
MXP,Podgorica,Montenegro,2023,5,33.64,110.32537313432836,100.05,2023-05-14 20:16:22
MXP,Bruxelas,Bélgica,2023,3,33.67,71.91071428571429,65.29,2023-05-14 20:16:22
MXP,Praga,República Checa,2023,6,33.69,51.014836065573775,48.08,2023-05-14 20:16:22
MXP,Palermo,Itália,2023,6,33.69,57.67884615384616,49.82,2023-05-14 20:16:22
MXP,Olbia,Itália,2023,7,33.87,49.86911564625851,46.87,2023-05-14 20:16:22
MXP,Barcelona,Espanha,2023,9,33.93,43.39090909090909,42.615,2023-05-14 20:16:22
MXP,Lampedusa,Itália,2023,3,34.01,63.917886178861785,41.24,2023-05-14 20:16:22
MXP,Brindisi,Itália,2023,4,34.02,48.28068181818182,41.38,2023-05-14 20:16:22
MXP,Palma de Maiorca,Espanha,2023,10,34.13,43.787894736842105,42.4,2023-05-14 20:16:22
MXP,Catânia,Itália,2023,9,34.45,46.492758620689656,44.47,2023-05-14 20:16:22
MXP,Bilbau,Espanha,2023,4,34.59,169.61097222222222,152.08,2023-05-14 20:16:22
MXP,Viena,Áustria,2023,7,34.72,45.644375,38.68,2023-05-14 20:16:22
MXP,Comiso,Itália,2023,4,34.75,119.01173913043478,75.73500000000001,2023-05-14 20:16:22
MXP,Cagliari,Itália,2023,6,34.76,45.26810810810811,39.22,2023-05-14 20:16:22
MXP,Bruxelas,Bélgica,2023,4,34.85,96.9074,94.47,2023-05-14 20:16:22
MXP,Valência,Espanha,2023,5,34.93,55.6294,49.26,2023-05-14 20:16:22
MXP,Paris,França,2023,3,35.0,48.70953488372093,49.69,2023-05-14 20:16:22
MXP,Luxemburgo,Luxemburgo,2023,4,35.36,100.90175182481752,83.44,2023-05-14 20:16:22
MXP,Paris,França,2023,4,35.36,51.86756756756756,50.76,2023-05-14 20:16:22
MXP,Lamezia Terme,Itália,2023,10,35.38,35.38666666666666,35.38,2023-05-14 20:16:22
MXP,Tallin,Estónia,2023,3,35.39,142.51794520547944,112.26,2023-05-14 20:16:22
MXP,Pristina,Kosovo,2023,4,35.45,147.1258394160584,115.56,2023-05-14 20:16:22
MXP,Ibiza,Espanha,2023,4,35.45,48.16073863636364,42.135,2023-05-14 20:16:22
MXP,Bacau,Roménia,2023,5,35.54,89.83568965517242,68.77,2023-05-14 20:16:22
MXP,Porto,Portugal,2023,10,35.59,52.582857142857144,48.72,2023-05-14 20:16:22
MXP,Porto,Portugal,2023,11,35.66,49.416666666666664,56.25,2023-05-14 20:16:22
MXP,Luqa,Malta,2023,9,35.87,60.64,57.525,2023-05-14 20:16:22
MXP,Algueiro,Itália,2023,2,35.89,42.666,40.94,2023-05-14 20:16:22
MXP,Alicante,Espanha,2023,9,35.95,82.44380952380952,49.65,2023-05-14 20:16:22
MXP,Brindisi,Itália,2023,10,35.98,51.50666666666666,36.02,2023-05-14 20:16:22
MXP,Madrid,Espanha,2023,3,36.25,71.8055,64.23,2023-05-14 20:16:22
MXP,Madrid,Espanha,2023,10,36.31,47.90204545454546,44.455,2023-05-14 20:16:22
MXP,Berlim,Alemanha,2023,3,36.34,85.80166666666666,85.16,2023-05-14 20:16:22
MXP,Londres,Reino Unido,2023,9,36.38,42.034000000000006,40.36,2023-05-14 20:16:22
MXP,Alicante,Espanha,2023,10,36.39,57.31230769230769,65.72,2023-05-14 20:16:22
MXP,Alicante,Espanha,2023,3,36.44,96.30363636363636,62.855000000000004,2023-05-14 20:16:22
MXP,Madrid,Espanha,2023,5,36.74,56.9450495049505,48.59,2023-05-14 20:16:22
MXP,Ibiza,Espanha,2023,6,36.77,70.4551282051282,75.36,2023-05-14 20:16:22
MXP,Lampedusa,Itália,2023,4,36.85,65.41783783783784,39.4,2023-05-14 20:16:22
MXP,Brindisi,Itália,2023,6,37.06,60.9646,58.21,2023-05-14 20:16:22
MXP,Quichinau,Moldávia,2023,3,37.25,126.41933333333333,99.95,2023-05-14 20:16:22
MXP,Paris,França,2023,6,37.5,51.58152777777778,49.9,2023-05-14 20:16:22
MXP,Luxemburgo,Luxemburgo,2023,2,37.62,66.33222222222223,48.86,2023-05-14 20:16:22
MXP,Berlim,Alemanha,2023,1,37.68,51.482000000000006,37.77,2023-05-14 20:16:22
MXP,Dublin,Irlanda,2023,3,37.74,64.18976,52.81,2023-05-14 20:16:22
MXP,Budapeste,Hungria,2023,6,37.77,74.20593984962406,63.45,2023-05-14 20:16:22
MXP,Split,Croácia,2023,6,37.98,136.6514049586777,134.08,2023-05-14 20:16:22
MXP,Brindisi,Itália,2023,9,38.04,54.92304347826087,52.41,2023-05-14 20:16:22
MXP,Barcelona,Espanha,2023,7,38.31,54.480000000000004,46.405,2023-05-14 20:16:22
MXP,Barcelona,Espanha,2023,11,38.31,46.098,42.4,2023-05-14 20:16:22
MXP,Comiso,Itália,2023,5,38.35,217.0005882352941,45.48,2023-05-14 20:16:22
MXP,Praga,República Checa,2023,9,38.4,47.33833333333334,46.665,2023-05-14 20:16:22
MXP,Praga,República Checa,2023,7,38.4,57.32555555555555,52.9,2023-05-14 20:16:22
MXP,Valência,Espanha,2023,6,38.49,69.66896551724138,50.87,2023-05-14 20:16:22
MXP,Aarhus,Dinamarca,2023,5,38.51,118.20657534246575,82.52,2023-05-14 20:16:22
MXP,Londres,Reino Unido,2023,12,38.54,38.54,38.54,2023-05-14 20:16:22
MXP,Zadar,Croácia,2023,8,38.54,95.72216080402009,70.78,2023-05-14 20:16:22
MXP,Algueiro,Itália,2023,7,38.57,57.98764705882353,58.07,2023-05-14 20:16:22
MXP,Barcelona,Espanha,2024,1,38.57,38.61666666666667,38.57,2023-05-14 20:16:22
MXP,Málaga,Espanha,2023,4,38.62,86.70962962962962,65.05,2023-05-14 20:16:22
MXP,Valência,Espanha,2023,2,38.62,59.49730769230769,43.14,2023-05-14 20:16:22
MXP,Corfú,Grécia,2023,6,38.91,71.22604166666666,63.355000000000004,2023-05-14 20:16:22
MXP,Olbia,Itália,2023,3,39.03,88.0916,60.79,2023-05-14 20:16:22
MXP,Bilbau,Espanha,2023,5,39.08,113.00540816326532,99.0,2023-05-14 20:16:22
MXP,Comiso,Itália,2023,3,39.08,53.762750000000004,44.525,2023-05-14 20:16:22
MXP,Olbia,Itália,2023,5,39.09,54.160999999999994,51.64,2023-05-14 20:16:22
MXP,Ibiza,Espanha,2023,5,39.14,65.25450704225352,66.09,2023-05-14 20:16:22
MXP,Olbia,Itália,2023,4,39.18,75.2425,54.86,2023-05-14 20:16:22
MXP,Manchester,Reino Unido,2023,4,39.21,106.03170212765957,83.33,2023-05-14 20:16:22
MXP,Luxemburgo,Luxemburgo,2023,10,39.22,39.230000000000004,39.230000000000004,2023-05-14 20:16:22
MXP,Bordéus,França,2023,6,39.34,101.18898305084745,91.995,2023-05-14 20:16:22
MXP,Viena,Áustria,2023,1,39.61,39.61,39.61,2023-05-14 20:16:22
MXP,Cagliari,Itália,2023,10,39.85,42.164,40.47,2023-05-14 20:16:22
MXP,Algueiro,Itália,2023,9,40.03,52.68,45.795,2023-05-14 20:16:22
MXP,Alicante,Espanha,2023,4,40.04,128.48895833333333,83.905,2023-05-14 20:16:22
MXP,Cagliari,Itália,2023,9,40.1,51.88681818181818,42.06,2023-05-14 20:16:22
MXP,Luqa,Malta,2023,3,40.22,75.5628947368421,56.035,2023-05-14 20:16:22
MXP,Paris,França,2023,12,40.31,45.43000000000001,40.31,2023-05-14 20:16:22
MXP,Sevilha,Espanha,2023,6,40.32,87.51877551020408,88.47,2023-05-14 20:16:22
MXP,Berlim,Alemanha,2023,5,40.37,64.82614285714286,59.019999999999996,2023-05-14 20:16:22
MXP,Berlim,Alemanha,2023,10,40.42,51.87807692307692,57.15,2023-05-14 20:16:22
MXP,Alicante,Espanha,2023,2,40.44,65.14,49.1,2023-05-14 20:16:22
MXP,Tirana,Albânia,2023,5,40.44,59.05155963302752,56.39,2023-05-14 20:16:22
MXP,Madrid,Espanha,2023,2,40.44,46.209090909090904,42.37,2023-05-14 20:16:22
MXP,Atenas,Grécia,2023,6,40.44,80.57936842105264,76.17,2023-05-14 20:16:22
MXP,Cracóvia,Polónia,2023,4,40.45,107.84226415094341,82.7,2023-05-14 20:16:22
MXP,Madrid,Espanha,2023,4,40.46,69.3327027027027,67.83,2023-05-14 20:16:22
MXP,Lisboa,Portugal,2023,2,40.47,45.574999999999996,44.88,2023-05-14 20:16:22
MXP,Alicante,Espanha,2023,7,40.47,86.06541666666668,76.58000000000001,2023-05-14 20:16:22
MXP,Manchester,Reino Unido,2023,5,40.53,84.92416666666666,79.91,2023-05-14 20:16:22
MXP,Berlim,Alemanha,2023,9,40.71,58.59285714285714,54.92,2023-05-14 20:16:22
MXP,Palma de Maiorca,Espanha,2023,9,40.71,45.266875,43.555,2023-05-14 20:16:22
MXP,La Corunha,Espanha,2023,5,40.95,137.99507936507936,119.2,2023-05-14 20:16:22
MXP,Luqa,Malta,2023,10,41.15,51.271,43.545,2023-05-14 20:16:22
MXP,Madrid,Espanha,2023,9,41.24,55.366,55.44,2023-05-14 20:16:22
MXP,Escópia,Macedónia do Norte,2023,6,41.26,115.74352112676056,123.22,2023-05-14 20:16:22
MXP,Marraquexe,Marrocos,2023,3,41.36,71.20634146341463,63.974999999999994,2023-05-14 20:16:22
MXP,Porto,Portugal,2023,4,41.69,121.50117647058823,74.49,2023-05-14 20:16:22
MXP,Marraquexe,Marrocos,2023,5,41.75,69.79569696969696,65.13,2023-05-14 20:16:22
MXP,Ibiza,Espanha,2023,10,41.98,66.7188888888889,66.2,2023-05-14 20:16:22
MXP,Tirana,Albânia,2023,4,42.09,65.75061224489797,59.85,2023-05-14 20:16:22
MXP,Palermo,Itália,2023,11,42.25,45.41,45.41,2023-05-14 20:16:22
MXP,Aarhus,Dinamarca,2023,6,42.25,120.42918367346938,65.05,2023-05-14 20:16:22
MXP,Porto,Portugal,2023,2,42.28,80.135,61.144999999999996,2023-05-14 20:16:22
MXP,Bucareste,Roménia,2023,5,42.31,83.77479381443298,69.33500000000001,2023-05-14 20:16:22
MXP,Porto,Portugal,2023,6,42.38,68.27250000000001,63.53,2023-05-14 20:16:22
MXP,Arrecife,Espanha,2023,6,42.44,85.78500000000001,75.325,2023-05-14 20:16:22
MXP,Madrid,Espanha,2023,8,42.63,63.721333333333334,70.4,2023-05-14 20:16:22
MXP,Lamezia Terme,Itália,2023,9,42.66,44.378,43.16,2023-05-14 20:16:22
MXP,La Corunha,Espanha,2023,6,43.11,118.495421686747,83.69,2023-05-14 20:16:22
MXP,Algueiro,Itália,2023,10,43.16,48.298,44.49,2023-05-14 20:16:22
MXP,La Corunha,Espanha,2023,4,43.2,156.95677419354837,135.635,2023-05-14 20:16:22
MXP,Cagliari,Itália,2023,7,43.38,71.378,77.53999999999999,2023-05-14 20:16:22
MXP,Cracóvia,Polónia,2023,6,43.51,71.1961038961039,66.94,2023-05-14 20:16:22
MXP,Atenas,Grécia,2023,5,43.75,75.85428571428572,66.33,2023-05-14 20:16:22
MXP,Tirana,Albânia,2023,3,43.8,61.312716049382715,50.57,2023-05-14 20:16:22
MXP,Ibiza,Espanha,2023,3,44.04,55.8328125,54.290000000000006,2023-05-14 20:16:22
MXP,Dublin,Irlanda,2023,2,44.06,61.4,49.605000000000004,2023-05-14 20:16:22
MXP,Dublin,Irlanda,2023,1,44.12,45.794,45.06,2023-05-14 20:16:22
MXP,Valência,Espanha,2023,3,44.15,97.83755102040816,63.82,2023-05-14 20:16:22
MXP,Valência,Espanha,2023,4,44.18,76.82944444444445,65.51,2023-05-14 20:16:22
MXP,Comiso,Itália,2023,10,44.26,48.559333333333335,46.97,2023-05-14 20:16:22
MXP,La Corunha,Espanha,2023,9,44.65,91.00205128205128,77.03,2023-05-14 20:16:22
MXP,Berlim,Alemanha,2023,4,44.67,87.15266666666666,82.29,2023-05-14 20:16:22
MXP,Olbia,Itália,2023,8,44.94,62.02057142857142,48.77,2023-05-14 20:16:22
MXP,Paris,França,2023,10,44.95,49.04942857142857,49.59,2023-05-14 20:16:22
MXP,Paris,França,2023,2,45.04,52.458181818181814,53.37,2023-05-14 20:16:22
MXP,Aarhus,Dinamarca,2023,3,45.07,235.3095652173913,193.61,2023-05-14 20:16:22
MXP,Viena,Áustria,2023,8,45.09,51.27166666666667,51.205,2023-05-14 20:16:22
MXP,Málaga,Espanha,2023,7,45.21,73.58538461538461,57.24,2023-05-14 20:16:22
MXP,Paris,França,2024,3,45.25,45.355000000000004,45.355000000000004,2023-05-14 20:16:22
MXP,Porto,Portugal,2023,9,45.27,66.20296296296296,60.41,2023-05-14 20:16:22
MXP,Valência,Espanha,2023,7,45.48,71.44800000000001,62.15,2023-05-14 20:16:22
MXP,Veneza,Itália,2023,3,45.59,141.23752293577982,82.72,2023-05-14 20:16:22
MXP,Sevilha,Espanha,2023,5,45.6,75.54611428571428,66.56,2023-05-14 20:16:22
MXP,Lampedusa,Itália,2023,5,45.63,122.15614285714287,94.07,2023-05-14 20:16:22
MXP,Bacau,Roménia,2023,3,45.63,114.32323529411765,54.32,2023-05-14 20:16:22
MXP,Comiso,Itália,2023,9,45.78,74.365,57.52,2023-05-14 20:16:22
MXP,Cracóvia,Polónia,2023,2,45.96,90.84575757575757,81.98,2023-05-14 20:16:22
MXP,Funchal,Portugal,2023,3,46.06,87.50559633027524,83.75,2023-05-14 20:16:22
MXP,Mahón,Espanha,2023,6,46.06,102.41574074074073,97.52000000000001,2023-05-14 20:16:22
MXP,Tirana,Albânia,2023,6,46.12,64.33444444444444,55.76,2023-05-14 20:16:22
MXP,Zadar,Croácia,2023,9,46.2,93.15230769230769,62.59,2023-05-14 20:16:22
MXP,Paris,França,2023,11,46.26,46.67,46.675,2023-05-14 20:16:22
MXP,Poznań,Polónia,2023,3,46.76,126.79719626168223,93.11,2023-05-14 20:16:22
MXP,Telavive,Israel,2023,3,46.79,89.8560576923077,80.48500000000001,2023-05-14 20:16:22
MXP,Copenhaga,Dinamarca,2023,5,46.83,82.4275167785235,73.12,2023-05-14 20:16:22
MXP,Copenhaga,Dinamarca,2023,4,46.83,91.76,81.81,2023-05-14 20:16:22
MXP,Cracóvia,Polónia,2023,5,46.99,90.70592105263158,87.03,2023-05-14 20:16:22
MXP,Comiso,Itália,2023,6,47.09,88.93810810810811,71.04,2023-05-14 20:16:22
MXP,Findel,Luxemburgo,2023,12,47.17,54.005,54.005,2023-05-14 20:16:22
MXP,Sevilha,Espanha,2023,4,47.49,105.26193548387097,83.04,2023-05-14 20:16:22
MXP,Bacau,Roménia,2023,4,47.65,170.625,123.175,2023-05-14 20:16:22
MXP,Valência,Espanha,2023,8,47.7,89.21375,75.28,2023-05-14 20:16:22
MXP,Tirana,Albânia,2023,7,47.76,104.97047619047619,68.27,2023-05-14 20:16:22
MXP,Tallin,Estónia,2023,2,47.76,144.4758823529412,133.445,2023-05-14 20:16:22
MXP,Amã,Jordânia,2024,1,47.94,74.49913793103448,60.48,2023-05-14 20:16:22
MXP,Valência,Espanha,2023,10,47.96,52.660000000000004,52.595,2023-05-14 20:16:22
MXP,Copenhaga,Dinamarca,2023,10,48.03,67.1164705882353,62.07,2023-05-14 20:16:22
MXP,Valência,Espanha,2023,9,48.07,60.58129032258064,56.87,2023-05-14 20:16:22
MXP,Amã,Jordânia,2023,12,48.07,54.8075,55.565,2023-05-14 20:16:22
MXP,Marraquexe,Marrocos,2023,4,48.09,91.6875,68.91,2023-05-14 20:16:22
MXP,Amã,Jordânia,2024,2,48.31,77.467,84.28,2023-05-14 20:16:22
MXP,Londres,Reino Unido,2023,10,48.38,48.38,48.38,2023-05-14 20:16:22
MXP,Lárnaca,Chipre,2023,5,48.46,143.39840425531915,144.17000000000002,2023-05-14 20:16:22
MXP,Dublin,Irlanda,2023,5,48.7,76.084609375,72.815,2023-05-14 20:16:22
MXP,Tirana,Albânia,2023,2,48.71,59.37416666666667,50.61,2023-05-14 20:16:22
MXP,Alicante,Espanha,2023,1,48.82,48.82,48.82,2023-05-14 20:16:22
MXP,Praga,República Checa,2023,10,48.85,54.666666666666664,53.58,2023-05-14 20:16:22
MXP,Atenas,Grécia,2023,4,48.88,105.18652173913043,95.42,2023-05-14 20:16:22
MXP,Podgorica,Montenegro,2023,6,49.01,90.29215686274509,73.52000000000001,2023-05-14 20:16:22
MXP,Luqa,Malta,2023,1,49.63,49.63666666666666,49.63,2023-05-14 20:16:22
MXP,Lublin,Polónia,2023,3,49.63,151.04285714285714,120.66,2023-05-14 20:16:22
MXP,Bacau,Roménia,2023,2,49.66,106.86888888888889,80.02,2023-05-14 20:16:22
MXP,Lisboa,Portugal,2023,11,49.88,59.61344827586207,60.04,2023-05-14 20:16:22
MXP,Berlim,Alemanha,2023,7,50.03,71.57921052631578,64.85499999999999,2023-05-14 20:16:22
MXP,Edimburgo,Reino Unido,2023,3,50.03,80.64,65.185,2023-05-14 20:16:22
MXP,Bacau,Roménia,2023,10,50.13,50.61764705882353,50.79,2023-05-14 20:16:22
MXP,Podgorica,Montenegro,2023,11,50.13,114.81125,136.34,2023-05-14 20:16:22
MXP,Aarhus,Dinamarca,2023,2,50.15,101.86291666666666,65.18,2023-05-14 20:16:22
MXP,Podgorica,Montenegro,2023,7,50.18,127.77426829268292,131.59,2023-05-14 20:16:22
MXP,Roma,Itália,2023,3,50.18,66.35761904761904,61.67,2023-05-14 20:16:22
MXP,Luqa,Malta,2023,7,50.29,95.753,95.93,2023-05-14 20:16:22
MXP,Copenhaga,Dinamarca,2023,9,50.29,75.95218390804598,71.95,2023-05-14 20:16:22
MXP,Amã,Jordânia,2023,6,50.29,161.86112676056337,131.01,2023-05-14 20:16:22
MXP,Sevilha,Espanha,2023,3,50.49,86.39687500000001,75.36500000000001,2023-05-14 20:16:22
MXP,Palma de Maiorca,Espanha,2023,7,50.5,67.38909090909091,61.72,2023-05-14 20:16:22
MXP,Telavive,Israel,2023,2,50.5,68.56307692307692,74.75,2023-05-14 20:16:22
MXP,Roma,Itália,2023,2,50.55,62.46476190476191,56.91,2023-05-14 20:16:22
MXP,Paris,França,2023,7,50.57,53.949999999999996,52.28,2023-05-14 20:16:22
MXP,Roma,Itália,2023,5,50.66,74.20640522875817,69.17,2023-05-14 20:16:22
MXP,Bacau,Roménia,2023,11,50.8,54.71454545454546,56.75,2023-05-14 20:16:22
MXP,Amã,Jordânia,2023,11,51.06,98.63551020408163,75.74,2023-05-14 20:16:22
MXP,Nápoles,Itália,2023,10,51.43,51.43,51.43,2023-05-14 20:16:22
MXP,Katovice,Polónia,2023,3,51.43,116.66056074766355,114.76,2023-05-14 20:16:22
MXP,Berlim,Alemanha,2023,8,51.44,63.63116279069767,60.18,2023-05-14 20:16:22
MXP,Amã,Jordânia,2023,2,51.47,114.59051724137932,104.295,2023-05-14 20:16:22
MXP,Luqa,Malta,2023,2,51.5,56.495,52.32,2023-05-14 20:16:22
MXP,Varsóvia,Polónia,2023,3,51.53,80.71094827586207,73.71,2023-05-14 20:16:22
MXP,Aarhus,Dinamarca,2023,8,51.61,159.142,119.95,2023-05-14 20:16:22
MXP,Lourdes,França,2023,6,51.61,109.24435483870967,75.14,2023-05-14 20:16:22
MXP,Brindisi,Itália,2023,7,51.89,107.23428571428572,79.29,2023-05-14 20:16:22
MXP,Praga,República Checa,2023,11,51.89,54.3575,55.05,2023-05-14 20:16:22
MXP,Copenhaga,Dinamarca,2023,3,52.04,89.32486111111112,86.025,2023-05-14 20:16:22
MXP,Luxemburgo,Luxemburgo,2023,6,52.28,70.53999999999999,59.87,2023-05-14 20:16:22
MXP,Veneza,Itália,2023,2,52.3,120.68586206896552,89.25,2023-05-14 20:16:22
MXP,Arrecife,Espanha,2023,5,52.32,111.2690756302521,106.07,2023-05-14 20:16:22
MXP,Lourdes,França,2023,4,52.32,162.82742574257426,128.3,2023-05-14 20:16:22
MXP,Funchal,Portugal,2023,1,52.39,58.3975,58.42,2023-05-14 20:16:22
MXP,Atenas,Grécia,2023,7,52.4,98.71578947368421,100.1,2023-05-14 20:16:22
MXP,Palermo,Itália,2024,1,52.53,52.53,52.53,2023-05-14 20:16:22
MXP,Olbia,Itália,2023,9,52.61,65.705,63.68,2023-05-14 20:16:22
MXP,Findel,Luxemburgo,2023,6,52.64,71.54076923076923,70.86500000000001,2023-05-14 20:16:22
MXP,Sevilha,Espanha,2023,10,52.73,65.91818181818182,61.16,2023-05-14 20:16:22
MXP,Gdansk,Polónia,2023,3,52.88,103.22233766233767,73.7,2023-05-14 20:16:22
MXP,Atenas,Grécia,2023,9,52.94,77.8476404494382,76.27,2023-05-14 20:16:22
MXP,Lisboa,Portugal,2024,1,53.03,53.150000000000006,53.150000000000006,2023-05-14 20:16:22
MXP,Escópia,Macedónia do Norte,2023,3,53.08,133.03,113.78,2023-05-14 20:16:22
MXP,Budapeste,Hungria,2023,7,53.18,66.995,65.18,2023-05-14 20:16:22
MXP,Granadilla de Abona,Espanha,2023,5,53.31,101.74434782608695,105.78999999999999,2023-05-14 20:16:22
MXP,Sófia,Bulgária,2023,3,53.31,119.65835051546392,84.75,2023-05-14 20:16:22
MXP,Santa Cruz de Tenerife,Espanha,2023,5,53.31,96.18345794392522,95.73,2023-05-14 20:16:22
MXP,Roma,Itália,2023,1,53.43,53.43,53.43,2023-05-14 20:16:22
MXP,Lisboa,Portugal,2023,6,53.52,77.04229166666667,73.025,2023-05-14 20:16:22
MXP,Alicante,Espanha,2023,8,53.54,140.43,153.86,2023-05-14 20:16:22
MXP,Tallin,Estónia,2023,12,53.55,117.14750000000001,128.94,2023-05-14 20:16:22
MXP,Lisboa,Portugal,2023,12,53.57,65.60826086956521,67.16,2023-05-14 20:16:22
MXP,Lourdes,França,2023,5,53.66,133.07347826086956,122.65,2023-05-14 20:16:22
MXP,Luxemburgo,Luxemburgo,2023,5,53.77,100.62229166666667,102.41,2023-05-14 20:16:22
MXP,Bordéus,França,2023,4,53.79,143.7876923076923,133.12,2023-05-14 20:16:22
MXP,Birmingham,Reino Unido,2023,6,53.9,160.36096774193547,148.78,2023-05-14 20:16:22
MXP,Copenhaga,Dinamarca,2023,11,53.96,71.67833333333333,65.535,2023-05-14 20:16:22
MXP,Mahón,Espanha,2023,8,54.35,153.9365,124.125,2023-05-14 20:16:22
MXP,Lisboa,Portugal,2023,5,54.52,74.40731707317073,67.92,2023-05-14 20:16:22
MXP,Pescara,Itália,2023,3,54.66,107.06837209302324,70.85,2023-05-14 20:16:22
MXP,Marsa Alam,Egito,2023,3,54.7,214.97262295081967,219.93,2023-05-14 20:16:22
MXP,Cracóvia,Polónia,2023,11,54.92,57.03666666666667,57.025000000000006,2023-05-14 20:16:22
MXP,Las Palmas,Espanha,2023,3,55.05,88.5505504587156,83.16,2023-05-14 20:16:22
MXP,Atenas,Grécia,2023,1,55.15,55.15,55.15,2023-05-14 20:16:22
MXP,Lárnaca,Chipre,2023,3,55.17,90.63333333333333,82.125,2023-05-14 20:16:22
MXP,Trapani,Itália,2023,9,55.32,109.57428571428571,105.33,2023-05-14 20:16:22
MXP,Granadilla de Abona,Espanha,2023,6,55.36,112.1959574468085,108.21,2023-05-14 20:16:22
MXP,Santa Cruz de Tenerife,Espanha,2023,6,55.36,102.49605263157895,87.50999999999999,2023-05-14 20:16:22
MXP,Amã,Jordânia,2023,3,55.46,137.44351851851852,117.47,2023-05-14 20:16:22
MXP,Faro,Portugal,2023,3,55.58,118.67539682539683,85.73,2023-05-14 20:16:22
MXP,Lourdes,França,2023,7,55.6,116.42142857142858,100.195,2023-05-14 20:16:22
MXP,Split,Croácia,2023,5,55.76,159.72934782608695,154.995,2023-05-14 20:16:22
MXP,Corfú,Grécia,2023,7,55.99,84.54068965517241,77.32,2023-05-14 20:16:22
MXP,Bordéus,França,2023,3,56.06,99.2739024390244,90.7,2023-05-14 20:16:22
MXP,Vilnius,Lituânia,2023,3,56.1,147.85731182795698,113.2,2023-05-14 20:16:22
MXP,Bremen,Alemanha,2023,3,56.11,174.37824324324325,166.895,2023-05-14 20:16:22
MXP,Oslo,Noruega,2023,3,56.13,109.65423913043479,84.72999999999999,2023-05-14 20:16:22
MXP,Toulouse,França,2023,3,56.13,110.32359550561797,94.76,2023-05-14 20:16:22
MXP,Nantes,França,2023,3,56.19,97.03048192771084,86.75,2023-05-14 20:16:22
MXP,Findel,Luxemburgo,2023,5,56.28,89.0751724137931,82.42,2023-05-14 20:16:22
MXP,Málaga,Espanha,2024,1,56.4,56.4,56.4,2023-05-14 20:16:22
MXP,Málaga,Espanha,2023,8,56.51,98.24,98.24,2023-05-14 20:16:22
MXP,Bristol,Reino Unido,2023,4,56.69,164.87153846153845,170.29000000000002,2023-05-14 20:16:22
MXP,Chania,Grécia,2023,10,56.91,91.61121951219512,79.82,2023-05-14 20:16:22
MXP,Bilbau,Espanha,2023,9,56.91,93.83857142857143,84.32499999999999,2023-05-14 20:16:22
MXP,Saragoça,Espanha,2023,3,57.03,146.48854166666666,129.06,2023-05-14 20:16:22
MXP,Míconos,Grécia,2023,6,57.11,96.67153374233129,83.96,2023-05-14 20:16:22
MXP,Brindisi,Itália,2023,8,57.41,82.40416666666667,85.735,2023-05-14 20:16:22
MXP,Marsa Alam,Egito,2023,5,57.44,185.83779411764704,181.91000000000003,2023-05-14 20:16:22
MXP,Arrecife,Espanha,2023,3,57.62,99.47869565217391,84.28,2023-05-14 20:16:22
MXP,Roma,Itália,2023,6,57.73,241.1742372881356,83.2,2023-05-14 20:16:22
MXP,Lisboa,Portugal,2023,10,57.86,73.15556701030928,74.61,2023-05-14 20:16:22
MXP,Edimburgo,Reino Unido,2023,2,57.9,85.39750000000001,66.185,2023-05-14 20:16:22
MXP,Copenhaga,Dinamarca,2024,1,58.02,58.115,58.115,2023-05-14 20:16:22
MXP,Cracóvia,Polónia,2023,7,58.04,87.46944444444445,75.21,2023-05-14 20:16:22
MXP,Mahón,Espanha,2023,9,58.24,81.81828571428571,73.36,2023-05-14 20:16:22
MXP,Dublin,Irlanda,2023,9,58.24,75.46894736842104,70.63,2023-05-14 20:16:22
MXP,Marselha,França,2023,5,58.37,111.44270491803279,98.36,2023-05-14 20:16:22
MXP,Katovice,Polónia,2023,2,58.55,134.71,99.97,2023-05-14 20:16:22
MXP,Kosice,Eslováquia,2023,3,58.71,159.00944444444445,180.47,2023-05-14 20:16:22
MXP,Comiso,Itália,2023,2,58.87,65.36,61.62,2023-05-14 20:16:22
MXP,Reiquiavique,Islândia,2023,3,59.11,115.139375,110.74,2023-05-14 20:16:22
MXP,La Corunha,Espanha,2023,7,59.26,130.74486486486484,92.27,2023-05-14 20:16:22
MXP,Castellón de la Plana,Espanha,2023,3,59.48,136.56461538461537,80.32,2023-05-14 20:16:22
MXP,Míconos,Grécia,2023,7,59.74,107.7266447368421,101.595,2023-05-14 20:16:22
MXP,Dortmund,Alemanha,2023,3,59.79,315.4450877192982,187.58,2023-05-14 20:16:22
MXP,Bilbau,Espanha,2023,8,59.79,146.27166666666665,154.96499999999997,2023-05-14 20:16:22
MXP,Santiago de Compostela,Espanha,2023,4,59.85,142.53257142857143,122.26,2023-05-14 20:16:22
MXP,Palma de Maiorca,Espanha,2023,8,59.87,88.864,83.83,2023-05-14 20:16:22
MXP,Sevilha,Espanha,2023,9,59.91,81.50125,78.9,2023-05-14 20:16:22
MXP,Colónia,Alemanha,2023,6,60.04,102.77627450980393,92.85,2023-05-14 20:16:22
MXP,Pisa,Itália,2023,3,60.17,281.0840579710145,71.14,2023-05-14 20:16:22
MXP,Marraquexe,Marrocos,2024,1,60.34,62.56,62.695,2023-05-14 20:16:22
MXP,Bordéus,França,2023,5,60.41,98.50028037383179,85.49,2023-05-14 20:16:22
MXP,Colónia,Alemanha,2023,5,60.49,92.67191304347827,87.06,2023-05-14 20:16:22
MXP,Hamburgo,Alemanha,2023,8,60.52,120.95194444444445,87.51,2023-05-14 20:16:22
MXP,Míconos,Grécia,2023,5,60.52,125.68499999999999,122.36500000000001,2023-05-14 20:16:22
MXP,Heraclião,Grécia,2023,6,60.52,113.12529411764706,97.44999999999999,2023-05-14 20:16:22
MXP,Marraquexe,Marrocos,2023,1,60.56,62.681999999999995,60.66,2023-05-14 20:16:22
MXP,Cork,Irlanda,2023,3,60.56,135.67072463768116,79.13,2023-05-14 20:16:22
MXP,Toulouse,França,2023,2,60.57,168.14914285714286,152.73,2023-05-14 20:16:22
MXP,Pristina,Kosovo,2023,3,60.57,236.6461971830986,208.15,2023-05-14 20:16:22
MXP,Marsa Alam,Egito,2023,1,60.58,73.146,63.795,2023-05-14 20:16:22
MXP,Poznań,Polónia,2023,1,60.66,143.494,85.66,2023-05-14 20:16:22
MXP,Colónia,Alemanha,2023,7,60.66,105.34444444444445,80.85,2023-05-14 20:16:22
MXP,Mahón,Espanha,2023,3,60.69,122.51571428571427,94.82,2023-05-14 20:16:22
MXP,Berlim,Alemanha,2023,2,60.73,66.25,66.25,2023-05-14 20:16:22
MXP,Colónia,Alemanha,2023,3,60.78,115.18927083333334,95.42,2023-05-14 20:16:22
MXP,Heraclião,Grécia,2023,5,60.79,113.25647058823529,104.11,2023-05-14 20:16:22
MXP,Cluj,Roménia,2023,1,60.79,237.25,122.29,2023-05-14 20:16:22
MXP,Funchal,Portugal,2023,6,60.9,127.66338983050848,119.69,2023-05-14 20:16:22
MXP,Palermo,Itália,2023,7,61.13,93.615,93.615,2023-05-14 20:16:22
MXP,Poznań,Polónia,2023,2,61.14,187.89529411764707,133.41,2023-05-14 20:16:22
MXP,Marsa Alam,Egito,2023,11,61.47,169.36411764705883,176.13,2023-05-14 20:16:22
MXP,Zagreb,Croácia,2023,3,61.47,138.81153153153153,115.89,2023-05-14 20:16:22
MXP,Manchester,Reino Unido,2023,10,61.59,74.08545454545454,66.63,2023-05-14 20:16:22
MXP,Barcelona,Espanha,2023,8,61.72,102.33,102.33,2023-05-14 20:16:22
MXP,Marsa Alam,Egito,2023,12,61.73,187.4675,208.11,2023-05-14 20:16:22
MXP,Amesterdão,Holanda,2023,6,61.82,92.076993006993,87.41,2023-05-14 20:16:22
MXP,Santiago de Compostela,Espanha,2023,5,62.04,144.88518072289156,133.53,2023-05-14 20:16:22
MXP,Bacau,Roménia,2023,9,62.07,79.88374999999999,70.10499999999999,2023-05-14 20:16:22
MXP,Lourdes,França,2023,9,62.19,108.0657142857143,67.93,2023-05-14 20:16:22
MXP,Fes,Marrocos,2023,5,62.27,143.70572916666666,127.93,2023-05-14 20:16:22
MXP,Manchester,Reino Unido,2023,9,62.27,89.92999999999999,82.02,2023-05-14 20:16:22
MXP,Riga,Letónia,2023,3,62.35,130.32555555555555,102.61,2023-05-14 20:16:22
MXP,Faro,Portugal,2023,5,62.35,102.89209302325581,98.27,2023-05-14 20:16:22
MXP,Cluj,Roménia,2023,2,62.5,138.19178571428571,130.775,2023-05-14 20:16:22
MXP,Corfú,Grécia,2023,9,62.51,81.97074468085107,81.17,2023-05-14 20:16:22
MXP,Bolonha,Itália,2023,3,62.54,459.09583333333336,107.55,2023-05-14 20:16:22
MXP,Atenas,Grécia,2023,10,62.57,74.31711538461539,71.69,2023-05-14 20:16:22
MXP,Nantes,França,2023,11,62.59,71.52442307692307,63.519999999999996,2023-05-14 20:16:22
MXP,Billund,Dinamarca,2023,3,62.6,125.16964285714286,105.92,2023-05-14 20:16:22
MXP,Trapani,Itália,2023,6,62.6,143.93263157894737,136.99,2023-05-14 20:16:22
MXP,Manchester,Reino Unido,2023,6,62.6,93.51,90.285,2023-05-14 20:16:22
MXP,Marraquexe,Marrocos,2023,11,62.67,79.41888888888889,74.47,2023-05-14 20:16:22
MXP,Faro,Portugal,2023,10,63.0,84.63634146341464,83.33,2023-05-14 20:16:22
MXP,Míconos,Grécia,2023,9,63.0,83.98782608695652,84.56,2023-05-14 20:16:22
MXP,Ibiza,Espanha,2023,9,63.19,69.40959183673469,64.47,2023-05-14 20:16:22
MXP,Granadilla de Abona,Espanha,2023,3,63.28,99.49639344262295,90.63,2023-05-14 20:16:22
MXP,Santiago de Compostela,Espanha,2023,3,63.28,126.30529411764707,103.61,2023-05-14 20:16:22
MXP,Santa Cruz de Tenerife,Espanha,2023,3,63.28,95.51472222222223,89.555,2023-05-14 20:16:22
MXP,Luxemburgo,Luxemburgo,2023,9,63.32,76.50800000000001,85.22,2023-05-14 20:16:22
MXP,Tallin,Estónia,2023,6,63.43,158.731320754717,158.58,2023-05-14 20:16:22
MXP,Marselha,França,2023,3,63.47,112.8487323943662,96.34,2023-05-14 20:16:22
MXP,Turim,Itália,2023,3,63.53,338.45603448275864,80.465,2023-05-14 20:16:22
MXP,Mahón,Espanha,2023,10,63.54,78.31238095238095,71.02,2023-05-14 20:16:22
MXP,Karlsruhe,Alemanha,2023,3,63.6,146.3365306122449,118.47,2023-05-14 20:16:22
MXP,Bucareste,Roménia,2023,6,63.64,97.30120000000001,94.78,2023-05-14 20:16:22
MXP,Colónia,Alemanha,2023,4,64.03,108.57081632653062,92.46,2023-05-14 20:16:22
MXP,Mahón,Espanha,2023,5,64.05,116.35438016528924,96.15,2023-05-14 20:16:22
MXP,Frankfurt,Alemanha,2023,3,64.21,103.83886363636363,77.87,2023-05-14 20:16:22
MXP,Findel,Luxemburgo,2023,7,64.34,78.084,77.15,2023-05-14 20:16:22
MXP,Faro,Portugal,2023,2,64.38,105.51444444444445,74.53,2023-05-14 20:16:22
MXP,Mahón,Espanha,2023,7,64.39,89.39991228070176,82.8,2023-05-14 20:16:22
MXP,Dublin,Irlanda,2023,4,64.39,129.68523809523808,102.43,2023-05-14 20:16:22
MXP,Zaquinto,Grécia,2023,9,64.41,148.96571428571428,141.245,2023-05-14 20:16:22
MXP,Marraquexe,Marrocos,2023,6,64.48,85.50137931034483,78.95,2023-05-14 20:16:22
MXP,Kos,Grécia,2023,6,64.48,131.8686111111111,126.66,2023-05-14 20:16:22
MXP,Ibiza,Espanha,2023,7,64.52,82.70724137931033,75.66,2023-05-14 20:16:22
MXP,Dublin,Irlanda,2023,10,64.59,72.58342105263158,73.51,2023-05-14 20:16:22
MXP,Estocolmo,Suécia,2023,3,64.74,106.96936936936937,87.82,2023-05-14 20:16:22
MXP,Varsóvia,Polónia,2023,4,64.75,122.52025,119.17,2023-05-14 20:16:22
MXP,Tallin,Estónia,2023,10,64.81,128.506,129.56,2023-05-14 20:16:22
MXP,Las Palmas,Espanha,2023,5,64.85,98.2637837837838,93.53,2023-05-14 20:16:22
MXP,Santander,Espanha,2023,5,64.94,158.12737373737374,149.65,2023-05-14 20:16:22
MXP,Trieste,Itália,2023,2,65.14,715.0445454545454,262.41,2023-05-14 20:16:22
MXP,Sharm El Sheikh,Egito,2023,9,65.14,128.95945652173913,112.325,2023-05-14 20:16:22
MXP,Vitória,Espanha,2023,5,65.25,115.48515463917525,79.63,2023-05-14 20:16:22
MXP,Karlsruhe,Alemanha,2023,1,65.26,65.26,65.26,2023-05-14 20:16:22
MXP,Ibiza,Espanha,2023,8,65.27,81.2096,82.49,2023-05-14 20:16:22
MXP,Breslavia,Polónia,2023,2,65.31,169.965625,149.87,2023-05-14 20:16:22
MXP,Ancona,Itália,2023,3,65.33,382.44972222222225,455.96,2023-05-14 20:16:22
MXP,Faro,Portugal,2023,9,65.35,96.58773333333333,91.61,2023-05-14 20:16:22
MXP,Colónia,Alemanha,2023,9,65.35,97.87583333333333,81.62,2023-05-14 20:16:22
MXP,Arrecife,Espanha,2023,9,65.4,115.20483870967742,109.19,2023-05-14 20:16:22
MXP,Zaquinto,Grécia,2023,6,65.44,138.57433497536945,130.61,2023-05-14 20:16:22
MXP,Sharm El Sheikh,Egito,2024,1,65.52,84.11232558139535,78.37,2023-05-14 20:16:22
MXP,Verona,Itália,2023,3,65.56,304.74611111111113,98.59,2023-05-14 20:16:22
MXP,Reiquiavique,Islândia,2023,5,65.7,94.31851528384279,80.69,2023-05-14 20:16:22
MXP,Salónica,Grécia,2023,5,65.74,116.10096153846153,109.23,2023-05-14 20:16:22
MXP,Atenas,Grécia,2023,11,65.83,70.96608695652174,67.97,2023-05-14 20:16:22
MXP,Edimburgo,Reino Unido,2023,11,66.02,81.38421052631578,81.67,2023-05-14 20:16:22
MXP,Astúrias,Espanha,2023,3,66.03,119.35,106.0,2023-05-14 20:16:22
MXP,Copenhaga,Dinamarca,2023,2,66.06,73.36888888888889,71.11,2023-05-14 20:16:22
MXP,Faro,Portugal,2023,1,66.06,66.06,66.06,2023-05-14 20:16:22
MXP,Pisa,Itália,2023,2,66.17,82.77055555555555,68.81,2023-05-14 20:16:22
MXP,Lampedusa,Itália,2023,10,66.19,109.58910447761194,113.02,2023-05-14 20:16:22
MXP,Pristina,Kosovo,2023,6,66.2,167.32866666666666,157.76,2023-05-14 20:16:22
MXP,Findel,Luxemburgo,2023,8,66.2,81.564,68.2,2023-05-14 20:16:22
MXP,Santander,Espanha,2023,2,66.22,174.98142857142855,100.125,2023-05-14 20:16:22
MXP,Memmingen,Alemanha,2023,3,66.32,166.04529411764705,72.01,2023-05-14 20:16:22
MXP,Veneza,Itália,2023,5,66.32,144.75967213114754,118.75,2023-05-14 20:16:22
MXP,Cagliari,Itália,2023,8,66.37,103.66666666666667,95.81,2023-05-14 20:16:22
MXP,Breslavia,Polónia,2023,3,66.39,180.6679411764706,138.47,2023-05-14 20:16:22
MXP,Colónia,Alemanha,2023,8,66.58,87.387,87.49,2023-05-14 20:16:22
MXP,Atenas,Grécia,2024,3,66.58,66.6,66.6,2023-05-14 20:16:22
MXP,Funchal,Portugal,2023,2,66.7,136.88888888888889,103.38,2023-05-14 20:16:22
MXP,Bordéus,França,2023,9,66.85,82.1776923076923,68.77,2023-05-14 20:16:22
MXP,Roma,Itália,2023,4,66.88,90.2886,85.58,2023-05-14 20:16:22
MXP,Santander,Espanha,2023,3,66.98,197.33196721311475,98.2,2023-05-14 20:16:22
MXP,Kosice,Eslováquia,2023,1,66.98,67.0275,66.995,2023-05-14 20:16:22
MXP,Edimburgo,Reino Unido,2023,5,66.99,106.72918699186992,93.52,2023-05-14 20:16:22
MXP,Varsóvia,Polónia,2023,2,67.01,96.69,88.66,2023-05-14 20:16:22
MXP,Hamburgo,Alemanha,2023,3,67.04,134.3057142857143,113.68,2023-05-14 20:16:22
MXP,Funchal,Portugal,2023,5,67.09,141.61620000000002,137.71499999999997,2023-05-14 20:16:22
MXP,Toulouse,França,2023,1,67.09,88.30000000000001,67.12,2023-05-14 20:16:22
MXP,Nantes,França,2023,2,67.14,153.53130434782608,144.38,2023-05-14 20:16:22
MXP,Marraquexe,Marrocos,2024,2,67.15,77.12181818181818,76.95,2023-05-14 20:16:22
MXP,Shannon,Irlanda,2023,2,67.25,82.43107142857143,81.83,2023-05-14 20:16:22
MXP,Málaga,Espanha,2023,12,67.31,67.31,67.31,2023-05-14 20:16:22
MXP,Lárnaca,Chipre,2023,6,67.38,131.01021276595745,115.25,2023-05-14 20:16:22
MXP,Munique,Alemanha,2023,9,67.44,141.11608695652174,145.99,2023-05-14 20:16:22
MXP,Birmingham,Reino Unido,2023,7,67.59,170.88205128205126,166.26,2023-05-14 20:16:22
MXP,Madrid,Espanha,2023,7,67.63,94.678,94.78,2023-05-14 20:16:22
MXP,Puerto del Rosario,Espanha,2023,3,67.84,106.2673831775701,97.25,2023-05-14 20:16:22
MXP,Riade,Arábia Saudita,2023,6,67.97,147.46757575757576,80.21,2023-05-14 20:16:22
MXP,Escíato,Grécia,2023,7,68.01,164.28673684210526,137.23000000000002,2023-05-14 20:16:22
MXP,Nantes,França,2023,9,68.02,94.915,88.27,2023-05-14 20:16:22
MXP,Thera,Grécia,2023,7,68.03,103.64416,97.22,2023-05-14 20:16:22
MXP,Marsa Alam,Egito,2024,1,68.03,91.2,91.43,2023-05-14 20:16:22
MXP,Vitória,Espanha,2023,4,68.03,286.6486111111111,315.64,2023-05-14 20:16:22
MXP,Cork,Irlanda,2023,2,68.06,93.77142857142857,78.38,2023-05-14 20:16:22
MXP,Bucareste,Roménia,2023,9,68.07,81.818125,78.63999999999999,2023-05-14 20:16:22
MXP,Santiago de Compostela,Espanha,2023,6,68.07,123.78191919191919,115.82,2023-05-14 20:16:22
MXP,Varsóvia,Polónia,2023,1,68.16,68.16499999999999,68.16499999999999,2023-05-14 20:16:22
MXP,Edimburgo,Reino Unido,2023,6,68.17,106.13785714285714,96.91,2023-05-14 20:16:22
MXP,Tânger,Marrocos,2023,5,68.22,147.02664705882353,113.83,2023-05-14 20:16:22
MXP,Porto,Portugal,2023,7,68.23,87.19875,80.955,2023-05-14 20:16:22
MXP,Cracóvia,Polónia,2023,8,68.35,132.92555555555555,123.6,2023-05-14 20:16:22
MXP,Riga,Letónia,2023,2,68.81,129.634,111.64,2023-05-14 20:16:22
MXP,Oslo,Noruega,2023,6,68.84,129.17550561797754,117.42,2023-05-14 20:16:22
MXP,Gdansk,Polónia,2023,5,68.84,138.5188785046729,125.45,2023-05-14 20:16:22
MXP,Bilbau,Espanha,2023,10,68.93,82.6325,81.465,2023-05-14 20:16:22
MXP,Riga,Letónia,2023,1,68.93,92.8375,92.825,2023-05-14 20:16:22
MXP,Varsóvia,Polónia,2023,6,68.94,113.61932584269664,120.3,2023-05-14 20:16:22
MXP,Dublin,Irlanda,2023,8,68.95,104.7192857142857,91.4,2023-05-14 20:16:22
MXP,Arrecife,Espanha,2023,2,68.96,102.235,112.21,2023-05-14 20:16:22
MXP,Puerto del Rosario,Espanha,2024,3,68.98,84.13142857142857,68.98,2023-05-14 20:16:22
MXP,Marraquexe,Marrocos,2023,2,69.01,80.57833333333333,81.28999999999999,2023-05-14 20:16:22
MXP,Londres,Reino Unido,2023,7,69.08,84.85666666666667,80.78,2023-05-14 20:16:22
MXP,Heraclião,Grécia,2023,10,69.12,88.72941176470589,83.71,2023-05-14 20:16:22
MXP,Tuzla,Bósnia-Herzegóvina,2023,4,69.21,291.3998734177215,281.28,2023-05-14 20:16:22
MXP,Hamburgo,Alemanha,2023,4,69.21,138.79261904761904,135.63,2023-05-14 20:16:22
MXP,Bratislava,Eslováquia,2023,3,69.48,137.35015625,138.07,2023-05-14 20:16:22
MXP,Split,Croácia,2023,9,69.71,105.05499999999999,81.775,2023-05-14 20:16:22
MXP,Perugia,Itália,2023,2,69.73,69.76222222222222,69.76,2023-05-14 20:16:22
MXP,Dublin,Irlanda,2023,6,69.83,90.41816666666666,84.775,2023-05-14 20:16:22
MXP,Heraclião,Grécia,2023,7,69.85,112.3917,101.31,2023-05-14 20:16:22
MXP,Eindhoven,Holanda,2023,3,69.85,106.75626865671641,93.85,2023-05-14 20:16:22
MXP,Telavive,Israel,2023,5,69.88,92.99847682119206,86.4,2023-05-14 20:16:22
MXP,Salzburgo,Áustria,2023,3,70.07,214.64600000000002,179.84,2023-05-14 20:16:22
MXP,Oslo,Noruega,2023,4,70.07,168.82957142857143,171.55,2023-05-14 20:16:22
MXP,Nuremberga,Alemanha,2023,3,70.08,135.42810344827586,136.015,2023-05-14 20:16:22
MXP,Alexandria,Egito,2023,5,70.48,161.41,130.69,2023-05-14 20:16:22
MXP,Marraquexe,Marrocos,2024,3,70.56,70.57,70.57,2023-05-14 20:16:22
MXP,Colónia,Alemanha,2023,2,70.68,129.04076923076923,109.14,2023-05-14 20:16:22
MXP,Verona,Itália,2023,1,70.68,70.788,70.785,2023-05-14 20:16:22
MXP,Hamburgo,Alemanha,2023,10,70.68,92.44000000000001,70.68,2023-05-14 20:16:22
MXP,Oslo,Noruega,2023,5,70.72,125.6458510638298,117.64,2023-05-14 20:16:22
MXP,Santa Cruz de Tenerife,Espanha,2023,2,70.77,101.24249999999999,88.33,2023-05-14 20:16:22
MXP,Granadilla de Abona,Espanha,2023,2,70.77,101.63416666666666,88.33,2023-05-14 20:16:22
MXP,Frankfurt,Alemanha,2023,2,70.8,107.1588888888889,101.66,2023-05-14 20:16:22
MXP,Estocolmo,Suécia,2023,2,71.33,88.60441176470587,83.24,2023-05-14 20:16:22
MXP,Luxemburgo,Luxemburgo,2023,8,71.44,71.44,71.44,2023-05-14 20:16:22
MXP,Cork,Irlanda,2023,5,71.66,165.1587234042553,135.315,2023-05-14 20:16:22
MXP,Préveza,Grécia,2023,7,71.66,191.04343915343915,136.29,2023-05-14 20:16:22
MXP,Puerto del Rosario,Espanha,2023,2,71.74,106.6725,91.44,2023-05-14 20:16:22
MXP,Tallin,Estónia,2023,8,71.77,210.64761904761906,179.315,2023-05-14 20:16:22
MXP,Salónica,Grécia,2023,2,71.85,152.55333333333334,156.89,2023-05-14 20:16:22
MXP,Edimburgo,Reino Unido,2023,12,71.86,98.97777777777777,85.59,2023-05-14 20:16:22
MXP,Fes,Marrocos,2023,3,71.88,190.859010989011,132.04,2023-05-14 20:16:22
MXP,Telavive,Israel,2023,11,71.89,89.5025,88.74000000000001,2023-05-14 20:16:22
MXP,Olbia,Itália,2023,10,72.24,72.24,72.24,2023-05-14 20:16:22
MXP,Riade,Arábia Saudita,2023,5,72.26,128.74632653061224,92.64,2023-05-14 20:16:22
MXP,Sharm El Sheikh,Egito,2023,11,72.37,125.28054545454546,124.18,2023-05-14 20:16:22
MXP,Split,Croácia,2023,7,72.46,145.80660714285713,127.80000000000001,2023-05-14 20:16:22
MXP,Mahón,Espanha,2023,4,72.51,115.65428571428572,122.78,2023-05-14 20:16:22
MXP,Glasgow,Reino Unido,2023,4,72.51,177.00476923076923,171.41,2023-05-14 20:16:22
MXP,Kos,Grécia,2023,7,72.52,160.479375,143.31,2023-05-14 20:16:22
MXP,Amesterdão,Holanda,2023,10,72.55,83.22954545454546,84.435,2023-05-14 20:16:22
MXP,Toulouse,França,2023,4,72.57,174.99241666666666,158.405,2023-05-14 20:16:22
MXP,Hamburgo,Alemanha,2023,2,72.61,126.49590909090908,104.20500000000001,2023-05-14 20:16:22
MXP,Copenhaga,Dinamarca,2023,6,72.77,98.76625,96.985,2023-05-14 20:16:22
MXP,Las Palmas,Espanha,2023,2,72.77,125.38,123.23,2023-05-14 20:16:22
MXP,Pisa,Itália,2023,6,72.81,476.87039999999996,383.97,2023-05-14 20:16:22
MXP,Craiova,Roménia,2023,3,72.94,191.77166666666668,138.46,2023-05-14 20:16:22
MXP,Valência,Espanha,2024,1,73.14,73.25,73.14,2023-05-14 20:16:22
MXP,Gotemburgo,Suécia,2023,3,73.18,158.68022988505749,135.86,2023-05-14 20:16:22
MXP,Amã,Jordânia,2023,10,73.43,278.02466666666663,210.57,2023-05-14 20:16:22
MXP,Faro,Portugal,2023,4,73.43,143.64081081081082,120.56,2023-05-14 20:16:22
MXP,Santa Cruz de Tenerife,Espanha,2024,1,73.47,85.54,79.215,2023-05-14 20:16:22
MXP,Granadilla de Abona,Espanha,2024,1,73.47,81.4964705882353,76.13,2023-05-14 20:16:22
MXP,Kos,Grécia,2023,9,73.52,150.47393939393942,136.62,2023-05-14 20:16:22
MXP,Gotemburgo,Suécia,2023,4,73.52,185.5086,173.39999999999998,2023-05-14 20:16:22
MXP,Poznań,Polónia,2023,6,73.52,177.93978260869565,162.54,2023-05-14 20:16:22
MXP,Arrecife,Espanha,2024,2,73.55,79.94749999999999,79.91499999999999,2023-05-14 20:16:22
MXP,Telavive,Israel,2023,10,73.56,95.44133333333335,90.76,2023-05-14 20:16:22
MXP,Heraclião,Grécia,2023,9,73.56,103.06306306306307,91.26,2023-05-14 20:16:22
MXP,Sharm El Sheikh,Egito,2023,10,73.58,141.15351351351353,125.01,2023-05-14 20:16:22
MXP,Oslo,Noruega,2023,2,73.58,209.2616,161.01,2023-05-14 20:16:22
MXP,Turim,Itália,2023,5,73.69,612.058024691358,625.58,2023-05-14 20:16:22
MXP,Palermo,Itália,2023,12,73.73,73.73,73.73,2023-05-14 20:16:22
MXP,Nantes,França,2023,6,73.81,113.81944444444444,107.86,2023-05-14 20:16:22
MXP,Arrecife,Espanha,2023,11,73.81,101.29650000000001,97.35,2023-05-14 20:16:22
MXP,Tetuão,Marrocos,2023,3,73.85,763.87675,266.895,2023-05-14 20:16:22
MXP,Shannon,Irlanda,2023,3,73.87,300.49833333333333,427.96,2023-05-14 20:16:22
MXP,Génova,Itália,2023,5,73.94,554.5665979381444,324.01,2023-05-14 20:16:22
MXP,Bolonha,Itália,2023,5,74.05,285.60008547008545,209.62,2023-05-14 20:16:22
MXP,Telavive,Israel,2024,1,74.17,81.04333333333334,75.63999999999999,2023-05-14 20:16:22
MXP,Copenhaga,Dinamarca,2023,12,74.24,74.26249999999999,74.27,2023-05-14 20:16:22
MXP,Lisboa,Portugal,2023,9,74.25,87.07538461538462,87.09,2023-05-14 20:16:22
MXP,Gdansk,Polónia,2023,2,74.32,150.45885714285714,115.55,2023-05-14 20:16:22
MXP,Cork,Irlanda,2023,6,74.36,200.13196078431372,141.95,2023-05-14 20:16:22
MXP,Bucareste,Roménia,2023,10,74.39,94.81333333333333,74.42,2023-05-14 20:16:22
MXP,Eindhoven,Holanda,2023,2,74.45,114.30714285714285,79.535,2023-05-14 20:16:22
MXP,Bolonha,Itália,2023,2,74.49,202.50749999999996,213.85,2023-05-14 20:16:22
MXP,Cluj,Roménia,2023,3,74.61,164.3113095238095,135.63,2023-05-14 20:16:22
MXP,Hamburgo,Alemanha,2023,5,74.61,128.22991379310344,126.005,2023-05-14 20:16:22
MXP,Dusseldorf,Alemanha,2023,6,74.61,126.41296875,122.28999999999999,2023-05-14 20:16:22
MXP,Dusseldorf,Alemanha,2023,7,74.62,130.27527777777777,140.13,2023-05-14 20:16:22
MXP,Tirana,Albânia,2023,11,74.64,95.96249999999999,82.19999999999999,2023-05-14 20:16:22
MXP,Lisboa,Portugal,2024,2,74.83,74.845,74.85,2023-05-14 20:16:22
MXP,Telavive,Israel,2023,6,75.0,105.78658823529412,97.1,2023-05-14 20:16:22
MXP,Bruxelas,Bélgica,2023,5,75.26,110.624,112.27,2023-05-14 20:16:22
MXP,Estocolmo,Suécia,2023,1,75.36,78.49714285714286,80.77,2023-05-14 20:16:22
MXP,Granadilla de Abona,Espanha,2024,3,75.37,80.28999999999999,80.28999999999999,2023-05-14 20:16:22
MXP,Santa Cruz de Tenerife,Espanha,2024,3,75.37,80.28999999999999,80.28999999999999,2023-05-14 20:16:22
MXP,Knock,Irlanda,2023,5,75.38,210.4925,175.25,2023-05-14 20:16:22
MXP,Agadir,Marrocos,2023,3,75.88,158.19120481927712,145.27,2023-05-14 20:16:22
MXP,Perugia,Itália,2023,5,75.9,308.30614457831325,138.4,2023-05-14 20:16:22
MXP,Santa Cruz de Tenerife,Espanha,2023,12,76.12,85.75151515151515,85.8,2023-05-14 20:16:22
MXP,Granadilla de Abona,Espanha,2023,12,76.12,86.03527777777778,86.31,2023-05-14 20:16:22
MXP,Tallin,Estónia,2023,1,76.15,76.17250000000001,76.18,2023-05-14 20:16:22
MXP,Marraquexe,Marrocos,2023,9,76.15,113.05833333333334,100.84,2023-05-14 20:16:22
MXP,Las Palmas,Espanha,2023,4,76.17,104.28209302325581,96.32,2023-05-14 20:16:22
MXP,Pisa,Itália,2023,5,76.19,176.80406976744186,131.94,2023-05-14 20:16:22
MXP,Nice,França,2023,4,76.29,175.89878378378378,159.10500000000002,2023-05-14 20:16:22
MXP,Sevilha,Espanha,2024,1,76.29,106.83666666666666,122.11,2023-05-14 20:16:22
MXP,Helsínquia,Finlândia,2023,3,76.34,144.841797752809,129.67,2023-05-14 20:16:22
MXP,Marsa Alam,Egito,2023,9,76.34,174.6097142857143,190.45,2023-05-14 20:16:22
MXP,Tânger,Marrocos,2023,4,76.35,213.62746835443036,183.92,2023-05-14 20:16:22
MXP,Sófia,Bulgária,2023,2,76.35,119.3956,111.45,2023-05-14 20:16:22
MXP,Las Palmas,Espanha,2023,10,76.4,97.61118644067797,92.78,2023-05-14 20:16:22
MXP,Marsa Alam,Egito,2023,2,76.45,179.51875,161.93,2023-05-14 20:16:22
MXP,Sevilha,Espanha,2023,2,76.46,154.79333333333332,89.545,2023-05-14 20:16:22
MXP,Santa Cruz de Tenerife,Espanha,2024,2,76.51,93.90388888888889,83.49,2023-05-14 20:16:22
MXP,Granadilla de Abona,Espanha,2024,2,76.51,87.93529411764706,83.49,2023-05-14 20:16:22
MXP,Nantes,França,2024,1,76.56,76.56,76.56,2023-05-14 20:16:22
MXP,Thera,Grécia,2023,10,76.61,94.4108108108108,87.48,2023-05-14 20:16:22
MXP,Estocolmo,Suécia,2023,5,76.65,128.78153846153845,123.43,2023-05-14 20:16:22
MXP,Belgrado,Sérvia,2023,3,77.03,157.02885057471264,153.78,2023-05-14 20:16:22
MXP,Madrid,Espanha,2024,3,77.1,77.1,77.1,2023-05-14 20:16:22
MXP,Granadilla de Abona,Espanha,2023,11,77.11,97.65710526315789,98.78,2023-05-14 20:16:22
MXP,Santa Cruz de Tenerife,Espanha,2023,11,77.11,97.24617647058824,95.82499999999999,2023-05-14 20:16:22
MXP,Amesterdão,Holanda,2023,5,77.13,95.61454545454545,89.48,2023-05-14 20:16:22
MXP,Ancona,Itália,2023,1,77.2,140.15,127.03,2023-05-14 20:16:22
MXP,Turim,Itália,2023,2,77.26,254.53799999999998,269.74,2023-05-14 20:16:22
MXP,Salónica,Grécia,2023,9,77.29,114.36483870967741,90.14,2023-05-14 20:16:22
MXP,Marselha,França,2023,2,77.37,139.1716129032258,126.42,2023-05-14 20:16:22
MXP,Toulouse,França,2023,5,77.46,149.75296296296295,129.76,2023-05-14 20:16:22
MXP,Reiquiavique,Islândia,2023,4,77.77,125.80896551724138,115.46,2023-05-14 20:16:22
MXP,Billund,Dinamarca,2023,6,77.89,112.7476923076923,104.69,2023-05-14 20:16:22
MXP,Vilnius,Lituânia,2023,2,77.99,137.45344827586206,108.88,2023-05-14 20:16:22
MXP,Veneza,Itália,2023,4,77.99,269.45676056338027,114.42,2023-05-14 20:16:22
MXP,Alexandria,Egito,2023,3,77.99,258.7329605263158,130.62,2023-05-14 20:16:22
MXP,Edimburgo,Reino Unido,2023,4,78.02,169.82305555555556,135.24,2023-05-14 20:16:22
MXP,Veneza,Itália,2023,6,78.05,131.16608695652175,96.13,2023-05-14 20:16:22
MXP,Iași,Roménia,2023,3,78.12,203.6921794871795,185.54,2023-05-14 20:16:22
MXP,Bruxelas,Bélgica,2023,6,78.15,103.394578313253,106.53,2023-05-14 20:16:22
MXP,Reiquiavique,Islândia,2023,1,78.29,105.855,113.36,2023-05-14 20:16:22
MXP,Astúrias,Espanha,2023,5,78.29,151.73444444444445,136.87,2023-05-14 20:16:22
MXP,Split,Croácia,2023,8,78.36,163.99310810810812,153.63,2023-05-14 20:16:22
MXP,Frankfurt,Alemanha,2023,5,78.48,122.19036363636364,120.74,2023-05-14 20:16:22
MXP,Chania,Grécia,2023,9,78.67,125.97323076923077,131.03,2023-05-14 20:16:22
MXP,Pescara,Itália,2023,5,78.72,140.02450704225353,123.95,2023-05-14 20:16:22
MXP,Riade,Arábia Saudita,2023,4,78.72,287.0539805825243,226.9,2023-05-14 20:16:22
MXP,Reiquiavique,Islândia,2023,6,78.76,126.62418604651162,90.69,2023-05-14 20:16:22
MXP,Arrecife,Espanha,2023,10,78.76,103.23076923076923,100.75,2023-05-14 20:16:22
MXP,Fes,Marrocos,2023,6,78.9,160.764358974359,148.72,2023-05-14 20:16:22
MXP,Arrecife,Espanha,2024,3,78.93,100.298,105.76,2023-05-14 20:16:22
MXP,Madrid,Espanha,2023,11,78.96,79.202,79.0,2023-05-14 20:16:22
MXP,Genebra,Suíça,2023,5,79.0,149.54873873873873,141.89,2023-05-14 20:16:22
MXP,Perugia,Itália,2023,3,79.04,109.36181818181818,92.49,2023-05-14 20:16:22
MXP,Nice,França,2023,3,79.04,129.14951807228917,114.63,2023-05-14 20:16:22
MXP,Rabate,Marrocos,2023,3,79.1,166.6597087378641,158.92,2023-05-14 20:16:22
MXP,Nuremberga,Alemanha,2023,2,79.1,216.47176470588235,211.32,2023-05-14 20:16:22
MXP,Funchal,Portugal,2023,4,79.13,169.1325,179.19,2023-05-14 20:16:22
MXP,Lourdes,França,2023,1,79.21,98.80461538461539,81.06,2023-05-14 20:16:22
MXP,Pisa,Itália,2023,4,79.41,407.56875,142.13,2023-05-14 20:16:22
MXP,Eindhoven,Holanda,2023,5,79.5,141.8191616766467,135.26,2023-05-14 20:16:22
MXP,Faro,Portugal,2023,7,79.5,169.83,124.06,2023-05-14 20:16:22
MXP,Shannon,Irlanda,2023,5,79.5,705.786835443038,148.31,2023-05-14 20:16:22
MXP,Lampedusa,Itália,2023,6,79.56,122.24749999999999,94.88,2023-05-14 20:16:22
MXP,Riade,Arábia Saudita,2023,9,79.67,108.74268292682926,81.86,2023-05-14 20:16:22
MXP,Lárnaca,Chipre,2023,2,79.82,135.5675,119.32,2023-05-14 20:16:22
MXP,Birmingham,Reino Unido,2023,10,79.87,88.97000000000001,93.43,2023-05-14 20:16:22
MXP,Arrecife,Espanha,2024,1,79.9,92.77625,87.725,2023-05-14 20:16:22
MXP,Liverpool,Reino Unido,2023,3,79.96,142.71076923076924,139.2,2023-05-14 20:16:22
MXP,Rabate,Marrocos,2023,5,80.01,199.71175925925925,173.215,2023-05-14 20:16:22
MXP,Thera,Grécia,2023,6,80.05,118.52301075268817,107.34,2023-05-14 20:16:22
MXP,Las Palmas,Espanha,2023,1,80.14,80.14,80.14,2023-05-14 20:16:22
MXP,Puerto del Rosario,Espanha,2024,1,80.18,98.655,104.69,2023-05-14 20:16:22
MXP,Santa Cruz de Tenerife,Espanha,2023,10,80.19,96.96240740740741,95.69,2023-05-14 20:16:22
MXP,Granadilla de Abona,Espanha,2023,10,80.19,100.08733333333333,96.315,2023-05-14 20:16:22
MXP,Sófia,Bulgária,2023,4,80.35,183.88865168539326,177.57,2023-05-14 20:16:22
MXP,Varsóvia,Polónia,2023,5,80.4,124.70347826086956,117.785,2023-05-14 20:16:22
MXP,Santa Cruz de Tenerife,Espanha,2023,9,80.54,104.34904761904761,101.84,2023-05-14 20:16:22
MXP,Granadilla de Abona,Espanha,2023,9,80.54,105.54050847457627,101.28,2023-05-14 20:16:22
MXP,Eindhoven,Holanda,2023,4,80.84,187.67393442622952,160.62,2023-05-14 20:16:22
MXP,Amã,Jordânia,2023,5,80.87,173.9110606060606,151.0,2023-05-14 20:16:22
MXP,Thera,Grécia,2023,9,80.97,117.32142857142857,112.85,2023-05-14 20:16:22
MXP,Sharm El Sheikh,Egito,2024,2,80.99,107.0884375,105.42,2023-05-14 20:16:22
MXP,Santiago de Compostela,Espanha,2023,2,81.06,144.3012,152.73,2023-05-14 20:16:22
MXP,Las Palmas,Espanha,2023,9,81.16,101.5205,95.425,2023-05-14 20:16:22
MXP,Nantes,França,2023,5,81.28,127.10935483870968,114.41,2023-05-14 20:16:22
MXP,Faro,Portugal,2023,6,81.37,125.16000000000001,109.19,2023-05-14 20:16:22
MXP,Las Palmas,Espanha,2023,6,81.37,145.39535211267605,105.06,2023-05-14 20:16:22
MXP,Saragoça,Espanha,2023,5,81.63,155.11269841269842,154.05,2023-05-14 20:16:22
MXP,Zaquinto,Grécia,2023,7,81.69,159.71,144.59,2023-05-14 20:16:22
MXP,Pula,Croácia,2023,6,81.69,251.35271428571426,260.24,2023-05-14 20:16:22
MXP,Palanga,Lituânia,2023,2,81.94,124.60862068965517,108.88,2023-05-14 20:16:22
MXP,Porto,Portugal,2023,8,82.02,154.2025,153.14,2023-05-14 20:16:22
MXP,Riga,Letónia,2023,5,82.03,150.5769565217391,139.27,2023-05-14 20:16:22
MXP,Shannon,Irlanda,2023,6,82.09,766.0001470588236,147.34,2023-05-14 20:16:22
MXP,Funchal,Portugal,2023,11,82.13,97.74272727272728,88.25,2023-05-14 20:16:22
MXP,Trapani,Itália,2023,5,82.19,179.70062068965518,123.02,2023-05-14 20:16:22
MXP,Escópia,Macedónia do Norte,2023,7,82.38,153.18571428571428,163.11,2023-05-14 20:16:22
MXP,Nuremberga,Alemanha,2023,5,82.38,147.02887931034482,161.05,2023-05-14 20:16:22
MXP,Tânger,Marrocos,2023,3,82.45,208.91223684210527,132.32,2023-05-14 20:16:22
MXP,Timişoara,Roménia,2023,3,82.45,209.41190476190474,216.89,2023-05-14 20:16:22
MXP,Estocolmo,Suécia,2023,6,82.54,127.7488181818182,116.73,2023-05-14 20:16:22
MXP,Bilbau,Espanha,2023,2,82.58,157.61714285714285,151.38,2023-05-14 20:16:22
MXP,Puerto del Rosario,Espanha,2023,4,82.75,135.7751282051282,133.04,2023-05-14 20:16:22
MXP,Santander,Espanha,2023,1,82.75,82.75,82.75,2023-05-14 20:16:22
MXP,Sófia,Bulgária,2023,6,83.01,125.02643835616439,118.51,2023-05-14 20:16:22
MXP,Lourdes,França,2023,3,83.23,150.6507692307692,129.72,2023-05-14 20:16:22
MXP,Marselha,França,2023,4,83.35,140.3692537313433,125.96,2023-05-14 20:16:22
MXP,Reiquiavique,Islândia,2023,2,83.45,101.73421052631579,91.98,2023-05-14 20:16:22
MXP,Porto,Portugal,2023,12,83.45,83.45,83.45,2023-05-14 20:16:22
MXP,Pafos,Chipre,2023,2,83.45,145.9577142857143,140.77,2023-05-14 20:16:22
MXP,Marselha,França,2023,6,83.49,177.67275862068965,134.12,2023-05-14 20:16:22
MXP,Bilbau,Espanha,2023,3,83.53,113.21863636363636,107.975,2023-05-14 20:16:22
MXP,Belgrado,Sérvia,2023,2,83.64,154.51809523809524,164.1,2023-05-14 20:16:22
MXP,Estocolmo,Suécia,2023,4,83.65,143.4384,140.62,2023-05-14 20:16:22
MXP,Salónica,Grécia,2023,3,83.69,127.30581395348837,104.37,2023-05-14 20:16:22
MXP,Trapani,Itália,2023,4,83.69,142.11833333333334,120.63,2023-05-14 20:16:22
MXP,Constanţa,Roménia,2023,2,83.7,315.3110256410256,300.93,2023-05-14 20:16:22
MXP,Riade,Arábia Saudita,2023,3,83.96,308.78,205.65,2023-05-14 20:16:22
MXP,Lisboa,Portugal,2023,4,83.97,142.91857142857143,131.55,2023-05-14 20:16:22
MXP,Sevilha,Espanha,2023,7,84.13,135.4725806451613,120.82,2023-05-14 20:16:22
MXP,Míconos,Grécia,2023,10,84.28,156.41,148.11,2023-05-14 20:16:22
MXP,Fes,Marrocos,2023,2,84.41,251.48514285714285,254.72,2023-05-14 20:16:22
MXP,Amesterdão,Holanda,2023,9,84.49,93.25764705882354,91.93,2023-05-14 20:16:22
MXP,Amesterdão,Holanda,2023,11,84.49,90.19333333333333,89.96000000000001,2023-05-14 20:16:22
MXP,Newcastle upon Tyne,Reino Unido,2023,2,84.55,220.56323529411767,247.38,2023-05-14 20:16:22
MXP,Riade,Arábia Saudita,2023,10,84.59,193.08555555555554,234.17,2023-05-14 20:16:22
MXP,Bolonha,Itália,2023,4,84.63,252.25511904761905,160.41,2023-05-14 20:16:22
MXP,Veneza,Itália,2023,7,84.74,124.28071428571427,142.35,2023-05-14 20:16:22
MXP,Amã,Jordânia,2023,8,84.76,241.68333333333337,99.33,2023-05-14 20:16:22
MXP,Tallin,Estónia,2023,4,84.86,232.9836923076923,220.06,2023-05-14 20:16:22
MXP,Marsa Alam,Egito,2024,2,84.89,111.40278195488722,103.7,2023-05-14 20:16:22
MXP,Gdansk,Polónia,2023,6,85.02,110.84893617021275,104.4,2023-05-14 20:16:22
MXP,Corfú,Grécia,2023,8,85.09,142.871,142.34,2023-05-14 20:16:22
MXP,Verona,Itália,2023,6,85.1,112.02545454545454,99.63,2023-05-14 20:16:22
MXP,Bruxelas,Bélgica,2023,11,85.18,85.18,85.18,2023-05-14 20:16:22
MXP,Fes,Marrocos,2023,4,85.18,204.62469026548672,157.05,2023-05-14 20:16:22
MXP,Lourdes,França,2023,2,85.23,276.9925714285714,216.41,2023-05-14 20:16:22
MXP,Glasgow,Reino Unido,2023,3,85.5,137.8293103448276,150.54,2023-05-14 20:16:22
MXP,Bacau,Roménia,2023,6,85.5,150.8708510638298,140.35,2023-05-14 20:16:22
MXP,Dusseldorf,Alemanha,2023,5,85.57,136.9992079207921,133.73,2023-05-14 20:16:22
MXP,Varna,Bulgária,2023,3,85.66,158.37328358208956,155.36,2023-05-14 20:16:22
MXP,Billund,Dinamarca,2023,5,85.66,138.11526315789473,115.73,2023-05-14 20:16:22
MXP,Amesterdão,Holanda,2024,3,85.78,87.18833333333333,85.89,2023-05-14 20:16:22
MXP,Préveza,Grécia,2023,6,86.04,519.3699130434783,218.62,2023-05-14 20:16:22
MXP,Colónia,Alemanha,2023,10,86.1,109.9675,110.01500000000001,2023-05-14 20:16:22
MXP,Frankfurt,Alemanha,2023,6,86.15,134.15070175438598,129.4,2023-05-14 20:16:22
MXP,Birmingham,Reino Unido,2023,3,86.15,201.0941791044776,169.5,2023-05-14 20:16:22
MXP,Saragoça,Espanha,2023,2,86.25,166.08086206896553,172.175,2023-05-14 20:16:22
MXP,Essaouira,Marrocos,2023,1,86.25,127.40166666666666,147.97,2023-05-14 20:16:22
MXP,Genebra,Suíça,2023,3,86.28,138.82999999999998,141.66,2023-05-14 20:16:22
MXP,Sófia,Bulgária,2023,5,86.28,136.79528735632184,128.03,2023-05-14 20:16:22
MXP,Bolonha,Itália,2023,1,86.39,89.78200000000001,86.39,2023-05-14 20:16:22
MXP,Quichinau,Moldávia,2023,10,86.41,89.356,86.69,2023-05-14 20:16:22
MXP,Lyon,França,2023,3,86.46,137.31893805309733,150.53,2023-05-14 20:16:22
MXP,Reiquiavique,Islândia,2023,11,86.49,129.1957894736842,102.5,2023-05-14 20:16:22
MXP,Bordéus,França,2023,8,86.54,86.58,86.54,2023-05-14 20:16:22
MXP,Salónica,Grécia,2023,8,86.57,195.69962962962964,181.42,2023-05-14 20:16:22
MXP,La Corunha,Espanha,2023,8,86.61,217.93225563909775,169.6,2023-05-14 20:16:22
MXP,Estugarda,Alemanha,2023,5,86.69,146.73518518518517,147.75,2023-05-14 20:16:22
MXP,Génova,Itália,2023,3,86.75,658.6004285714286,368.42,2023-05-14 20:16:22
MXP,Bremen,Alemanha,2023,5,86.98,169.86924731182796,156.33,2023-05-14 20:16:22
MXP,Colónia,Alemanha,2023,11,87.0,87.03999999999999,87.03999999999999,2023-05-14 20:16:22
MXP,Eindhoven,Holanda,2023,6,87.0,156.63532608695652,139.145,2023-05-14 20:16:22
MXP,Roma,Itália,2023,8,87.03,127.146,114.61,2023-05-14 20:16:22
MXP,Thera,Grécia,2023,5,87.08,128.5417391304348,114.87,2023-05-14 20:16:22
MXP,Amesterdão,Holanda,2024,1,87.17,90.35000000000001,87.35,2023-05-14 20:16:22
MXP,Tânger,Marrocos,2023,6,87.21,172.1454054054054,178.06,2023-05-14 20:16:22
MXP,Bruxelas,Bélgica,2024,1,87.25,106.444,111.26,2023-05-14 20:16:22
MXP,Escíato,Grécia,2023,6,87.33,174.5632231404959,159.08,2023-05-14 20:16:22
MXP,Santa Cruz de Tenerife,Espanha,2023,4,87.34,111.97999999999999,100.58500000000001,2023-05-14 20:16:22
MXP,Funchal,Portugal,2023,10,87.35,114.6176,110.78,2023-05-14 20:16:22
MXP,Hurghada,Egito,2023,9,87.35,206.3498148148148,184.51,2023-05-14 20:16:22
MXP,Puerto del Rosario,Espanha,2023,11,87.37,121.85,124.26,2023-05-14 20:16:22
MXP,Chania,Grécia,2023,7,87.38,191.7840625,188.225,2023-05-14 20:16:22
MXP,Agadir,Marrocos,2023,2,87.38,255.5325925925926,201.16,2023-05-14 20:16:22
MXP,Telavive,Israel,2023,9,87.39,141.81333333333333,126.09,2023-05-14 20:16:22
MXP,Hamburgo,Alemanha,2024,1,87.46,87.66999999999999,87.66999999999999,2023-05-14 20:16:22
MXP,Poznań,Polónia,2023,4,87.53,206.48050632911392,186.49,2023-05-14 20:16:22
MXP,Santander,Espanha,2023,6,87.55,153.71406249999998,153.53,2023-05-14 20:16:22
MXP,Salónica,Grécia,2023,6,87.65,123.79123966942149,118.42,2023-05-14 20:16:22
MXP,Bristol,Reino Unido,2023,5,87.79,165.1543820224719,137.45,2023-05-14 20:16:22
MXP,Amesterdão,Holanda,2023,3,87.83,115.09478260869564,104.98,2023-05-14 20:16:22
MXP,Belfast,Reino Unido,2023,5,88.03,161.1747619047619,146.94,2023-05-14 20:16:22
MXP,Nantes,França,2023,7,88.03,144.58076923076922,151.0,2023-05-14 20:16:22
MXP,Suceava,Roménia,2023,3,88.03,299.4122058823529,228.86,2023-05-14 20:16:22
MXP,Telavive,Israel,2024,2,88.04,100.33142857142856,88.24,2023-05-14 20:16:22
MXP,Nice,França,2023,5,88.21,144.6762105263158,133.76,2023-05-14 20:16:22
MXP,Chania,Grécia,2023,6,88.23,176.94516129032257,168.485,2023-05-14 20:16:22
MXP,Quichinau,Moldávia,2023,2,88.23,138.366,118.63,2023-05-14 20:16:22
MXP,Tallin,Estónia,2023,7,88.28,202.666875,212.82999999999998,2023-05-14 20:16:22
MXP,Tetuão,Marrocos,2023,2,88.29,189.28375,88.33,2023-05-14 20:16:22
MXP,Luxemburgo,Luxemburgo,2023,7,88.33,115.63,94.96000000000001,2023-05-14 20:16:22
MXP,Amesterdão,Holanda,2023,2,88.42,118.21600000000001,113.17,2023-05-14 20:16:22
MXP,Turim,Itália,2023,1,88.42,88.42500000000001,88.42500000000001,2023-05-14 20:16:22
MXP,Banja Luka,Bósnia-Herzegóvina,2023,3,88.49,187.95746153846156,160.565,2023-05-14 20:16:22
MXP,Gdansk,Polónia,2023,4,88.55,177.40473684210528,159.25,2023-05-14 20:16:22
MXP,Hurghada,Egito,2024,2,88.76,149.0069565217391,116.85,2023-05-14 20:16:22
MXP,Vitória,Espanha,2023,6,88.89,147.8792,136.39,2023-05-14 20:16:22
MXP,Astúrias,Espanha,2023,10,88.9,105.32923076923076,89.3,2023-05-14 20:16:22
MXP,Edimburgo,Reino Unido,2023,10,88.93,114.61,117.07,2023-05-14 20:16:22
MXP,Toulouse,França,2023,6,88.93,126.78326530612244,107.32,2023-05-14 20:16:22
MXP,Lárnaca,Chipre,2023,10,89.16,136.83125,135.63,2023-05-14 20:16:22
MXP,Alexandria,Egito,2023,4,89.16,261.0513888888889,237.08499999999998,2023-05-14 20:16:22
MXP,Birmingham,Reino Unido,2023,9,89.17,144.22714285714287,158.84,2023-05-14 20:16:22
MXP,Girona,Espanha,2023,3,89.25,328.2247058823529,161.79,2023-05-14 20:16:22
MXP,Quichinau,Moldávia,2023,5,89.25,182.38581395348837,175.2,2023-05-14 20:16:22
MXP,Trapani,Itália,2023,3,89.27,132.84945945945947,108.76,2023-05-14 20:16:22
MXP,Granada,Espanha,2023,4,89.32,236.43103448275863,208.74,2023-05-14 20:16:22
MXP,Funchal,Portugal,2023,9,89.55,147.5077777777778,121.36,2023-05-14 20:16:22
MXP,Puerto del Rosario,Espanha,2023,5,89.55,124.2191156462585,119.4,2023-05-14 20:16:22
MXP,Lárnaca,Chipre,2023,9,89.74,124.43418181818183,114.82,2023-05-14 20:16:22
MXP,Knock,Irlanda,2023,6,89.74,145.51882352941178,142.19,2023-05-14 20:16:22
MXP,Zagreb,Croácia,2023,5,89.74,151.5774074074074,160.72,2023-05-14 20:16:22
MXP,Dubrovnik,Croácia,2023,4,89.86,180.34677419354838,179.945,2023-05-14 20:16:22
MXP,Nice,França,2023,6,89.9,138.27506849315068,137.47,2023-05-14 20:16:22
MXP,Escópia,Macedónia do Norte,2023,9,90.09,91.345,91.33,2023-05-14 20:16:22
MXP,Sevilha,Espanha,2023,8,90.17,93.63,95.36,2023-05-14 20:16:22
MXP,Veneza,Itália,2023,10,90.23,205.32199999999997,214.52499999999998,2023-05-14 20:16:22
MXP,Chania,Grécia,2023,4,90.26,178.41386363636363,189.43,2023-05-14 20:16:22
MXP,Bratislava,Eslováquia,2023,4,90.27,292.72173333333336,221.36,2023-05-14 20:16:22
MXP,Nice,França,2023,2,90.27,136.0135,129.145,2023-05-14 20:16:22
MXP,Shannon,Irlanda,2023,4,90.28,1210.0946739130434,218.5,2023-05-14 20:16:22
MXP,Bremen,Alemanha,2023,2,90.32,159.8984,168.82,2023-05-14 20:16:22
MXP,Turim,Itália,2023,6,90.36,432.2296774193548,305.81,2023-05-14 20:16:22
MXP,Belfast,Reino Unido,2023,6,90.39,144.26864406779663,132.31,2023-05-14 20:16:22
MXP,Turim,Itália,2023,9,90.49,166.44333333333333,157.79,2023-05-14 20:16:22
MXP,Podgorica,Montenegro,2024,2,90.55,90.69,90.55,2023-05-14 20:16:22
MXP,Escópia,Macedónia do Norte,2023,2,90.63,181.72285714285715,136.17,2023-05-14 20:16:22
MXP,Salónica,Grécia,2023,7,90.95,156.275,151.78,2023-05-14 20:16:22
MXP,Reiquiavique,Islândia,2023,10,90.99,90.99,90.99,2023-05-14 20:16:22
MXP,Jerez de la Frontera,Espanha,2023,4,90.99,253.2380909090909,231.73,2023-05-14 20:16:22
MXP,Telavive,Israel,2023,7,91.0,129.302,121.68,2023-05-14 20:16:22
MXP,Frankfurt,Alemanha,2023,1,91.05,91.05,91.05,2023-05-14 20:16:22
MXP,Hamburgo,Alemanha,2023,7,91.09,140.08933333333334,146.1,2023-05-14 20:16:22
MXP,Oslo,Noruega,2023,8,91.14,176.65941176470588,169.72,2023-05-14 20:16:22
MXP,Rodes,Grécia,2023,4,91.18,169.18311111111112,138.02,2023-05-14 20:16:22
MXP,Salzburgo,Áustria,2023,4,91.19,254.38590909090908,266.1,2023-05-14 20:16:22
MXP,Sharm El Sheikh,Egito,2024,3,91.25,118.96666666666665,132.57,2023-05-14 20:16:22
MXP,Cluj,Roménia,2023,5,91.28,172.22534653465345,164.05,2023-05-14 20:16:22
MXP,Foggia,Itália,2023,9,91.36,98.382,95.37,2023-05-14 20:16:22
MXP,Karlsruhe,Alemanha,2023,5,91.55,166.662375,143.04,2023-05-14 20:16:22
MXP,Éilat,Israel,2023,3,91.56,248.9170930232558,166.215,2023-05-14 20:16:22
MXP,Trapani,Itália,2023,7,91.59,184.99431372549017,179.17,2023-05-14 20:16:22
MXP,Amesterdão,Holanda,2023,8,91.61,104.13727272727273,100.055,2023-05-14 20:16:22
MXP,Estugarda,Alemanha,2024,2,91.61,91.685,91.71,2023-05-14 20:16:22
MXP,Glasgow,Reino Unido,2023,5,91.69,147.37903614457832,122.31,2023-05-14 20:16:22
MXP,Verona,Itália,2023,2,91.75,1266.235652173913,1190.12,2023-05-14 20:16:22
MXP,Bristol,Reino Unido,2023,3,91.91,142.0514492753623,138.02,2023-05-14 20:16:22
MXP,Jerez de la Frontera,Espanha,2023,5,91.92,161.85761904761907,155.53,2023-05-14 20:16:22
MXP,Atenas,Grécia,2023,2,92.01,92.01,92.01,2023-05-14 20:16:22
MXP,Knock,Irlanda,2023,3,92.18,127.5908695652174,113.72,2023-05-14 20:16:22
MXP,Chania,Grécia,2023,5,92.27,163.94847457627117,156.47,2023-05-14 20:16:22
MXP,Pescara,Itália,2023,4,92.4,255.84194174757283,221.53,2023-05-14 20:16:22
MXP,Rodes,Grécia,2023,6,92.43,155.8548905109489,146.49,2023-05-14 20:16:22
MXP,Verona,Itália,2023,5,92.56,663.1728767123288,468.59,2023-05-14 20:16:22
MXP,Foggia,Itália,2023,4,92.62,205.35551020408164,191.38,2023-05-14 20:16:22
MXP,Salónica,Grécia,2023,4,92.62,181.83129032258063,176.18,2023-05-14 20:16:22
MXP,Biarritz,França,2023,3,92.64,203.578,172.99,2023-05-14 20:16:22
MXP,Génova,Itália,2023,4,92.71,1262.7135849056606,345.03,2023-05-14 20:16:22
MXP,Zagreb,Croácia,2023,2,92.71,151.35344827586206,153.65,2023-05-14 20:16:22
MXP,Leeds,Reino Unido,2023,4,92.84,402.32479166666667,273.16499999999996,2023-05-14 20:16:22
MXP,Foggia,Itália,2023,8,92.93,124.57197674418605,118.175,2023-05-14 20:16:22
MXP,Belfast,Reino Unido,2023,4,92.99,308.00601123595504,198.63,2023-05-14 20:16:22
MXP,Dusseldorf,Alemanha,2023,3,93.11,151.35000000000002,140.12,2023-05-14 20:16:22
MXP,Hamburgo,Alemanha,2023,6,93.25,139.9611111111111,121.975,2023-05-14 20:16:22
MXP,Bilbau,Espanha,2023,7,93.27,135.21857142857144,107.53,2023-05-14 20:16:22
MXP,Helsínquia,Finlândia,2023,2,93.43,126.04749999999999,108.65,2023-05-14 20:16:22
MXP,Saragoça,Espanha,2023,4,93.51,243.2648888888889,230.9,2023-05-14 20:16:22
MXP,Bucareste,Roménia,2023,4,93.62,154.1194117647059,148.58,2023-05-14 20:16:22
MXP,Bratislava,Eslováquia,2023,6,93.67,675.3182978723405,210.85,2023-05-14 20:16:22
MXP,Trapani,Itália,2023,2,93.82,299.0890909090909,358.57,2023-05-14 20:16:22
MXP,Memmingen,Alemanha,2023,2,93.82,110.5271875,113.05,2023-05-14 20:16:22
MXP,Escópia,Macedónia do Norte,2023,4,93.99,160.78423529411765,160.28,2023-05-14 20:16:22
MXP,Varsóvia,Polónia,2023,8,94.0,134.84555555555556,125.43,2023-05-14 20:16:22
MXP,Lampedusa,Itália,2023,7,94.0,152.94199999999998,130.42,2023-05-14 20:16:22
MXP,Amesterdão,Holanda,2023,7,94.07,101.71000000000001,95.76,2023-05-14 20:16:22
MXP,Poznań,Polónia,2023,5,94.08,215.1784905660377,151.91,2023-05-14 20:16:22
MXP,Dortmund,Alemanha,2023,6,94.38,193.56055555555557,114.775,2023-05-14 20:16:22
MXP,Bucareste,Roménia,2023,7,94.44,104.67875000000001,102.91,2023-05-14 20:16:22
MXP,Foggia,Itália,2023,6,94.45,159.07252427184469,160.62,2023-05-14 20:16:22
MXP,Dubrovnik,Croácia,2023,3,94.54,242.6078571428571,262.02,2023-05-14 20:16:22
MXP,Génova,Itália,2023,6,94.63,299.2859615384615,158.7,2023-05-14 20:16:22
MXP,Veneza,Itália,2023,8,94.91,213.95333333333332,137.75,2023-05-14 20:16:22
MXP,Trieste,Itália,2023,3,94.97,160.04399999999998,163.19,2023-05-14 20:16:22
MXP,Munique,Alemanha,2023,10,95.0,152.95,159.16,2023-05-14 20:16:22
MXP,Roma,Itália,2023,10,95.1,95.34,95.34,2023-05-14 20:16:22
MXP,Gotemburgo,Suécia,2023,6,95.1,172.00451327433626,173.35,2023-05-14 20:16:22
MXP,Puerto del Rosario,Espanha,2023,9,95.1,138.75375,129.16,2023-05-14 20:16:22
MXP,Puerto del Rosario,Espanha,2023,6,95.15,145.77692307692308,130.675,2023-05-14 20:16:22
MXP,Astúrias,Espanha,2023,4,95.33,194.5378313253012,194.58,2023-05-14 20:16:22
MXP,Lourdes,França,2023,8,95.51,177.5495238095238,101.0,2023-05-14 20:16:22
MXP,Astúrias,Espanha,2023,2,95.58,142.86388888888888,139.88,2023-05-14 20:16:22
MXP,Marsa Alam,Egito,2023,10,95.64,164.73304347826087,139.32,2023-05-14 20:16:22
MXP,Arrecife,Espanha,2023,12,95.68,116.46000000000001,98.96000000000001,2023-05-14 20:16:22
MXP,Estocolmo,Suécia,2023,8,95.7,141.08722222222224,148.1,2023-05-14 20:16:22
MXP,Atenas,Grécia,2023,8,95.72,142.375,142.375,2023-05-14 20:16:22
MXP,Estugarda,Alemanha,2023,10,95.76,116.80799999999999,95.82,2023-05-14 20:16:22
MXP,Burgas,Bulgária,2023,5,95.88,236.911935483871,281.33,2023-05-14 20:16:22
MXP,Salzburgo,Áustria,2023,5,96.08,234.21194444444444,210.5,2023-05-14 20:16:22
MXP,Santander,Espanha,2023,4,96.15,227.92269230769233,225.56,2023-05-14 20:16:22
MXP,Pafos,Chipre,2023,3,96.23,125.88153846153847,124.52,2023-05-14 20:16:22
MXP,Foggia,Itália,2023,7,96.24,139.53074468085106,142.37,2023-05-14 20:16:22
MXP,Lyon,França,2023,5,96.31,159.62076923076924,151.885,2023-05-14 20:16:22
MXP,Oslo,Noruega,2023,1,96.34,113.34,96.34,2023-05-14 20:16:22
MXP,Tours,França,2023,1,96.38,96.38,96.38,2023-05-14 20:16:22
MXP,Jerez de la Frontera,Espanha,2023,6,96.43,191.0326923076923,162.49,2023-05-14 20:16:22
MXP,Nottingham,Reino Unido,2023,3,96.82,167.73285714285717,166.57,2023-05-14 20:16:22
MXP,Bruxelas,Bélgica,2023,10,96.85,96.85,96.85,2023-05-14 20:16:22
MXP,Bournemouth,Reino Unido,2023,5,96.87,215.19152173913042,176.06,2023-05-14 20:16:22
MXP,Belgrado,Sérvia,2023,6,96.87,147.9925396825397,143.38,2023-05-14 20:16:22
MXP,Vigo,Espanha,2023,5,96.93,186.92283582089553,179.79,2023-05-14 20:16:22
MXP,Quichinau,Moldávia,2023,6,97.03,194.09,185.11,2023-05-14 20:16:22
MXP,Oujda,Marrocos,2023,4,97.03,480.8410714285714,673.51,2023-05-14 20:16:22
MXP,Belgrado,Sérvia,2023,5,97.05,156.93724137931034,148.27,2023-05-14 20:16:22
MXP,Memmingen,Alemanha,2023,6,97.12,129.30666666666667,97.12,2023-05-14 20:16:22
MXP,Argostoli,Grécia,2023,6,97.22,189.98562913907284,182.31,2023-05-14 20:16:22
MXP,Abu Dhabi,Emirados Árabes Unidos,2023,9,97.44,169.25423076923076,149.025,2023-05-14 20:16:22
MXP,Gotemburgo,Suécia,2023,5,97.46,161.071376146789,171.6,2023-05-14 20:16:22
MXP,Belgrado,Sérvia,2023,4,97.49,310.9560204081632,219.88,2023-05-14 20:16:22
MXP,Billund,Dinamarca,2023,2,97.63,134.61111111111111,134.75,2023-05-14 20:16:22
MXP,Estugarda,Alemanha,2023,6,97.67,152.29978260869566,149.46,2023-05-14 20:16:22
MXP,Arrecife,Espanha,2023,4,97.69,180.785,140.11,2023-05-14 20:16:22
MXP,Rodes,Grécia,2023,5,97.73,180.72971014492754,166.385,2023-05-14 20:16:22
MXP,Riga,Letónia,2023,4,97.85,192.9217757009346,167.92,2023-05-14 20:16:22
MXP,Amesterdão,Holanda,2023,4,98.02,135.73,132.58,2023-05-14 20:16:22
MXP,Granada,Espanha,2023,3,98.1,161.25373626373627,142.54,2023-05-14 20:16:22
MXP,Zaquinto,Grécia,2023,5,98.11,220.43842105263158,252.89,2023-05-14 20:16:22
MXP,Erevã,Arménia,2023,2,98.17,175.92655172413794,203.8,2023-05-14 20:16:22
MXP,Zurique,Suíça,2023,5,98.18,121.99069444444444,113.66,2023-05-14 20:16:22
MXP,Algueiro,Itália,2023,8,98.2,153.99666666666667,107.08,2023-05-14 20:16:22
MXP,Nantes,França,2023,8,98.34,233.30285714285714,182.29,2023-05-14 20:16:22
MXP,Thera,Grécia,2023,8,98.45,202.07941176470587,180.32,2023-05-14 20:16:22
MXP,Zurique,Suíça,2023,8,98.63,125.85692307692308,130.43,2023-05-14 20:16:22
MXP,Szczecin,Polónia,2023,6,98.68,155.15349999999998,98.92,2023-05-14 20:16:22
MXP,Amã,Jordânia,2024,3,98.78,119.435,107.47,2023-05-14 20:16:22
MXP,Budapeste,Hungria,2023,10,98.87,98.87,98.87,2023-05-14 20:16:22
MXP,Rovaniemi,Finlândia,2023,2,99.03,198.33785714285713,160.095,2023-05-14 20:16:22
MXP,Erevã,Arménia,2023,4,99.04,286.52382352941174,268.65,2023-05-14 20:16:22
MXP,Riga,Letónia,2023,9,99.13,136.46923076923076,120.3,2023-05-14 20:16:22
MXP,Ancona,Itália,2023,5,99.14,554.9520289855072,623.8,2023-05-14 20:16:22
MXP,Munique,Alemanha,2023,2,99.26,208.32999999999998,188.91,2023-05-14 20:16:22
MXP,Birmingham,Reino Unido,2023,1,99.26,99.37,99.37,2023-05-14 20:16:22
MXP,Trieste,Itália,2023,4,99.27,861.8904761904762,393.83,2023-05-14 20:16:22
MXP,Estugarda,Alemanha,2023,7,99.35,124.48666666666668,119.99000000000001,2023-05-14 20:16:22
MXP,Erevã,Arménia,2023,5,99.37,209.83307692307693,199.56,2023-05-14 20:16:22
MXP,Malmo,Suécia,2023,2,99.48,239.6104347826087,287.71,2023-05-14 20:16:22
MXP,Puerto del Rosario,Espanha,2023,10,99.59,139.57999999999998,137.11,2023-05-14 20:16:22
MXP,Birmingham,Reino Unido,2023,5,99.6,153.754,138.24,2023-05-14 20:16:22
MXP,Poitiers,França,2023,3,99.67,307.63,494.0,2023-05-14 20:16:22
MXP,Funchal,Portugal,2024,1,99.75,120.4975,114.075,2023-05-14 20:16:22
MXP,Breslavia,Polónia,2023,6,99.84,133.88206896551725,132.06,2023-05-14 20:16:22
MXP,Verona,Itália,2023,4,99.97,579.6999999999999,514.8,2023-05-14 20:16:22
MXP,Granadilla de Abona,Espanha,2023,4,99.99,134.48399999999998,153.89,2023-05-14 20:16:22
MXP,Amã,Jordânia,2023,4,100.0,277.588125,251.825,2023-05-14 20:16:22
MXP,Inverness,Reino Unido,2023,3,100.05,103.84125,103.81,2023-05-14 20:16:22
MXP,Lyon,França,2023,2,100.24,186.89315789473685,131.2,2023-05-14 20:16:22
MXP,Agadir,Marrocos,2023,4,100.25,311.0222388059702,255.23,2023-05-14 20:16:22
MXP,Frankfurt,Alemanha,2023,4,100.25,136.64533333333333,121.85,2023-05-14 20:16:22
MXP,Dusseldorf,Alemanha,2023,8,100.29,124.47,130.49,2023-05-14 20:16:22
MXP,Cork,Irlanda,2023,4,100.5,224.75792792792794,163.56,2023-05-14 20:16:22
MXP,Trieste,Itália,2023,5,100.59,1014.0535643564357,198.98,2023-05-14 20:16:22
MXP,Riga,Letónia,2023,6,100.66,191.2369411764706,168.97,2023-05-14 20:16:22
MXP,Viena,Áustria,2023,9,100.89,100.89,100.89,2023-05-14 20:16:22
MXP,Brno,República Checa,2023,3,100.92,151.3425,128.38,2023-05-14 20:16:22
MXP,Nantes,França,2023,4,100.92,201.22880952380953,164.3,2023-05-14 20:16:22
MXP,Comiso,Itália,2023,7,100.96,114.49833333333333,102.07499999999999,2023-05-14 20:16:22
MXP,Aberdeen,Reino Unido,2023,3,100.99,143.15454545454546,145.76,2023-05-14 20:16:22
MXP,Lampedusa,Itália,2023,11,101.0,102.31777777777778,101.66,2023-05-14 20:16:22
MXP,Birmingham,Reino Unido,2023,2,101.1,173.92033333333333,185.055,2023-05-14 20:16:22
MXP,Argostoli,Grécia,2023,7,101.14,158.347375,160.20499999999998,2023-05-14 20:16:22
MXP,Toulouse,França,2023,9,101.23,152.042,138.57,2023-05-14 20:16:22
MXP,Veneza,Itália,2023,9,101.28,237.89399999999998,216.18,2023-05-14 20:16:22
MXP,Telavive,Israel,2023,12,101.28,117.21428571428571,104.88,2023-05-14 20:16:22
MXP,Zurique,Suíça,2023,4,101.29,158.64106382978724,149.83,2023-05-14 20:16:22
MXP,Timişoara,Roménia,2023,5,101.32,192.9551304347826,196.82,2023-05-14 20:16:22
MXP,Nottingham,Reino Unido,2023,4,101.32,207.5504,177.02,2023-05-14 20:16:22
MXP,Perugia,Itália,2023,6,101.4,329.70500000000004,175.71,2023-05-14 20:16:22
MXP,Breslavia,Polónia,2023,5,101.41,152.2520253164557,149.18,2023-05-14 20:16:22
MXP,Bolonha,Itália,2023,6,101.57,456.08437499999997,515.81,2023-05-14 20:16:22
MXP,Salónica,Grécia,2023,10,101.64,138.76000000000002,134.65,2023-05-14 20:16:22
MXP,Amesterdão,Holanda,2023,12,101.64,101.64,101.64,2023-05-14 20:16:22
MXP,Zurique,Suíça,2023,6,101.72,142.47183333333334,145.185,2023-05-14 20:16:22
MXP,São Sebastião,Espanha,2023,5,101.85,200.43218390804597,189.86,2023-05-14 20:16:22
MXP,Hurghada,Egito,2023,11,101.88,148.39703703703702,160.51,2023-05-14 20:16:22
MXP,Leipzig,Alemanha,2023,5,102.0,228.25260869565219,244.85000000000002,2023-05-14 20:16:22
MXP,Bratislava,Eslováquia,2023,5,102.02,184.14045977011494,162.63,2023-05-14 20:16:22
MXP,Sharm El Sheikh,Egito,2023,12,102.05,135.74714285714285,123.92,2023-05-14 20:16:22
MXP,Sevilha,Espanha,2023,11,102.07,113.7775,102.645,2023-05-14 20:16:22
MXP,Newcastle upon Tyne,Reino Unido,2023,3,102.11,170.01133333333334,158.42,2023-05-14 20:16:22
MXP,Bordéus,França,2023,2,102.22,149.975,117.49,2023-05-14 20:16:22
MXP,Tânger,Marrocos,2023,2,102.24,213.035,204.20499999999998,2023-05-14 20:16:22
MXP,Lyon,França,2023,6,102.3,154.49297297297298,149.73,2023-05-14 20:16:22
MXP,Katovice,Polónia,2023,6,102.4,149.11865384615385,135.785,2023-05-14 20:16:22
MXP,Lodz,Polónia,2023,3,102.42,102.9090909090909,103.01,2023-05-14 20:16:22
MXP,Lamezia Terme,Itália,2023,8,102.87,102.87,102.87,2023-05-14 20:16:22
MXP,Vigo,Espanha,2023,3,102.88,169.1337142857143,142.57,2023-05-14 20:16:22
MXP,Iași,Roménia,2023,5,102.96,164.43638157894736,155.55,2023-05-14 20:16:22
MXP,Reus,Espanha,2023,4,103.16,253.35585635359118,220.99,2023-05-14 20:16:22
MXP,Genebra,Suíça,2023,2,103.16,137.4508510638298,147.64,2023-05-14 20:16:22
MXP,Birmingham,Reino Unido,2023,8,103.21,196.7,107.55,2023-05-14 20:16:22
MXP,Memmingen,Alemanha,2023,5,103.31,178.21527777777777,157.415,2023-05-14 20:16:22
MXP,Zagreb,Croácia,2023,6,103.31,157.11708333333334,160.425,2023-05-14 20:16:22
MXP,Basileia,Suíça,2023,3,103.35,224.24571428571426,157.39,2023-05-14 20:16:22
MXP,Karlsruhe,Alemanha,2023,4,103.35,208.78033898305085,171.62,2023-05-14 20:16:22
MXP,Estugarda,Alemanha,2023,8,103.38,130.57,103.88,2023-05-14 20:16:22
MXP,Corvera,Espanha,2023,5,103.61,185.67436363636364,133.81,2023-05-14 20:16:22
MXP,Agadir,Marrocos,2023,1,103.68,123.61,131.51,2023-05-14 20:16:22
MXP,Knock,Irlanda,2023,4,103.72,281.48755555555556,257.87,2023-05-14 20:16:22
MXP,Newcastle upon Tyne,Reino Unido,2023,5,103.73,163.4421686746988,147.92,2023-05-14 20:16:22
MXP,Reiquiavique,Islândia,2023,9,103.9,204.01666666666665,232.83,2023-05-14 20:16:22
MXP,Trieste,Itália,2023,7,103.9,890.2937142857143,130.87,2023-05-14 20:16:22
MXP,Pristina,Kosovo,2023,9,104.08,108.52125,108.525,2023-05-14 20:16:22
MXP,Leeds,Reino Unido,2023,6,104.29,232.1296153846154,212.26,2023-05-14 20:16:22
MXP,Trapani,Itália,2023,8,104.32,224.99266666666665,195.36,2023-05-14 20:16:22
MXP,Bremen,Alemanha,2023,6,104.38,195.57162162162163,191.47,2023-05-14 20:16:22
MXP,Lisboa,Portugal,2023,7,104.55,104.55,104.55,2023-05-14 20:16:22
MXP,Zurique,Suíça,2023,11,104.59,108.694,109.22,2023-05-14 20:16:22
MXP,Suceava,Roménia,2023,2,104.77,286.8488571428571,214.66,2023-05-14 20:16:22
MXP,Marsa Alam,Egito,2024,3,104.78,202.3875,198.72,2023-05-14 20:16:22
MXP,Tetuão,Marrocos,2023,4,104.81,451.29786885245903,396.46,2023-05-14 20:16:22
MXP,Liverpool,Reino Unido,2023,5,104.81,221.89813953488374,178.33,2023-05-14 20:16:22
MXP,Grenoble,França,2023,3,104.84,136.8930769230769,144.96,2023-05-14 20:16:22
MXP,Erevã,Arménia,2023,3,104.85,182.16061224489798,144.02,2023-05-14 20:16:22
MXP,Estugarda,Alemanha,2023,2,105.0,242.55259999999998,160.47,2023-05-14 20:16:22
MXP,Varna,Bulgária,2023,2,105.0,176.71142857142857,156.89,2023-05-14 20:16:22
MXP,Iași,Roménia,2023,2,105.0,193.0484210526316,163.78,2023-05-14 20:16:22
MXP,Rodes,Grécia,2023,3,105.15,162.744,165.46,2023-05-14 20:16:22
MXP,Jerez de la Frontera,Espanha,2023,3,105.28,245.20953846153847,173.01,2023-05-14 20:16:22
MXP,Faro,Portugal,2023,8,105.33,219.33,236.73,2023-05-14 20:16:22
MXP,Bilbau,Espanha,2024,4,105.59,105.59,105.59,2023-05-14 20:16:22
MXP,Jidá,Arábia Saudita,2023,5,105.61,150.73758333333333,138.39999999999998,2023-05-14 20:16:22
MXP,Edimburgo,Reino Unido,2024,3,106.06,106.06,106.06,2023-05-14 20:16:22
MXP,Santiago de Compostela,Espanha,2023,10,106.06,174.79333333333332,163.74,2023-05-14 20:16:22
MXP,Granada,Espanha,2023,11,106.61,133.8175,137.19,2023-05-14 20:16:22
MXP,Dortmund,Alemanha,2023,2,106.73,211.29083333333335,150.02,2023-05-14 20:16:22
MXP,Funchal,Portugal,2023,12,106.85,130.03199999999998,131.66,2023-05-14 20:16:22
MXP,Bordéus,França,2023,7,106.87,218.59176470588235,150.89,2023-05-14 20:16:22
MXP,La Corunha,Espanha,2023,3,106.92,177.18842105263158,157.05,2023-05-14 20:16:22
MXP,Zurique,Suíça,2023,9,106.99,180.52545454545455,159.5,2023-05-14 20:16:22
MXP,Rovaniemi,Finlândia,2023,3,107.01,269.5435606060606,205.485,2023-05-14 20:16:22
MXP,Abu Dhabi,Emirados Árabes Unidos,2024,1,107.03,150.61402777777778,136.685,2023-05-14 20:16:22
MXP,Bruxelas,Bélgica,2023,7,107.08,107.08,107.08,2023-05-14 20:16:22
MXP,Pafos,Chipre,2023,5,107.13,165.96696078431373,141.135,2023-05-14 20:16:22
MXP,Casablanca,Marrocos,2024,1,107.18,153.975,155.66500000000002,2023-05-14 20:16:22
MXP,Casablanca,Marrocos,2023,10,107.28,153.86703703703702,158.35,2023-05-14 20:16:22
MXP,Kosice,Eslováquia,2023,6,107.37,186.75,204.81,2023-05-14 20:16:22
MXP,Billund,Dinamarca,2023,1,107.39,117.5825,117.57,2023-05-14 20:16:22
MXP,Rodes,Grécia,2023,7,107.39,201.82232558139538,189.8,2023-05-14 20:16:22
MXP,Karlsruhe,Alemanha,2023,7,107.44,142.99777777777777,127.64,2023-05-14 20:16:22
MXP,Inverness,Reino Unido,2023,6,107.44,154.019384057971,145.84,2023-05-14 20:16:22
MXP,Dublin,Irlanda,2023,7,107.55,132.99,132.99,2023-05-14 20:16:22
MXP,Glasgow,Reino Unido,2023,2,107.58,158.32999999999998,153.365,2023-05-14 20:16:22
MXP,Florença,Itália,2023,2,107.6,200.72315789473683,116.7,2023-05-14 20:16:22
MXP,Roma,Itália,2023,7,107.73,119.51000000000002,127.29,2023-05-14 20:16:22
MXP,Zagreb,Croácia,2023,1,107.77,130.55,121.37,2023-05-14 20:16:22
MXP,Zurique,Suíça,2023,10,107.91,126.97500000000001,136.18,2023-05-14 20:16:22
MXP,Dusseldorf,Alemanha,2023,4,108.01,149.22011764705883,140.11,2023-05-14 20:16:22
MXP,Kaunas,Lituânia,2023,3,108.09,143.66023809523807,153.23,2023-05-14 20:16:22
MXP,Pescara,Itália,2023,9,108.23,838.8544444444444,1329.6,2023-05-14 20:16:22
MXP,Karlsruhe,Alemanha,2023,2,108.26,229.21772727272727,128.035,2023-05-14 20:16:22
MXP,Abu Dhabi,Emirados Árabes Unidos,2024,2,108.28,186.722,118.28,2023-05-14 20:16:22
MXP,Casablanca,Marrocos,2023,2,108.31,137.90470588235294,127.58,2023-05-14 20:16:22
MXP,Casablanca,Marrocos,2023,3,108.31,184.4045070422535,163.66,2023-05-14 20:16:22
MXP,Toulouse,França,2023,10,108.36,154.9857142857143,189.82,2023-05-14 20:16:22
MXP,Amã,Jordânia,2023,9,108.44,215.58888888888887,140.37,2023-05-14 20:16:22
MXP,Zurique,Suíça,2023,3,108.49,147.74381818181817,152.02,2023-05-14 20:16:22
MXP,Funchal,Portugal,2023,7,108.63,127.72,127.72,2023-05-14 20:16:22
MXP,Dubrovnik,Croácia,2023,6,108.69,250.32458823529413,221.65,2023-05-14 20:16:22
MXP,Jerez de la Frontera,Espanha,2023,2,108.69,226.48499999999999,222.45,2023-05-14 20:16:22
MXP,Zurique,Suíça,2023,7,108.71,115.84816326530611,110.24,2023-05-14 20:16:22
MXP,Míconos,Grécia,2023,8,108.73,197.9477272727273,173.125,2023-05-14 20:16:22
MXP,Nantes,França,2024,3,108.75,108.75,108.75,2023-05-14 20:16:22
MXP,Amã,Jordânia,2023,7,108.82,165.09925925925927,146.81,2023-05-14 20:16:22
MXP,Kaunas,Lituânia,2023,2,108.88,212.16970588235293,186.77,2023-05-14 20:16:22
MXP,Jidá,Arábia Saudita,2023,9,108.88,145.47357894736842,139.3,2023-05-14 20:16:22
MXP,Zurique,Suíça,2023,12,109.03,116.25153846153846,109.87,2023-05-14 20:16:22
MXP,Astúrias,Espanha,2023,6,109.05,150.44703703703703,146.535,2023-05-14 20:16:22
MXP,Newquay,Reino Unido,2023,5,109.14,109.25142857142858,109.14,2023-05-14 20:16:22
MXP,Biarritz,França,2023,5,109.16,277.93649122807017,261.82,2023-05-14 20:16:22
MXP,Edimburgo,Reino Unido,2023,9,109.19,121.52736842105263,120.97,2023-05-14 20:16:22
MXP,Salónica,Grécia,2023,1,109.23,117.935,113.36,2023-05-14 20:16:22
MXP,Quichinau,Moldávia,2023,1,109.37,132.345,140.0,2023-05-14 20:16:22
MXP,Jidá,Arábia Saudita,2023,10,109.4,222.21550000000002,145.01999999999998,2023-05-14 20:16:22
MXP,Pula,Croácia,2023,7,109.45,228.94164383561645,226.1,2023-05-14 20:16:22
MXP,Pescara,Itália,2023,6,109.54,182.34089285714285,157.6,2023-05-14 20:16:22
MXP,Nice,França,2023,9,109.75,142.53333333333336,140.77,2023-05-14 20:16:22
MXP,Bremen,Alemanha,2023,4,109.79,217.51863636363635,182.43,2023-05-14 20:16:22
MXP,Nis,Sérvia,2023,5,109.82,535.1185714285714,228.29,2023-05-14 20:16:22
MXP,Leeds,Reino Unido,2023,5,109.84,249.19076923076923,161.99,2023-05-14 20:16:22
MXP,Lamezia Terme,Itália,2023,7,110.02,110.02,110.02,2023-05-14 20:16:22
MXP,Puerto del Rosario,Espanha,2023,12,110.03,114.86666666666667,117.02,2023-05-14 20:16:22
MXP,Budapeste,Hungria,2023,9,110.03,136.95999999999998,136.95999999999998,2023-05-14 20:16:22
MXP,Alexandria,Egito,2023,6,110.07,209.80766666666668,195.3,2023-05-14 20:16:22
MXP,Dubrovnik,Croácia,2023,5,110.24,201.09383333333335,207.21499999999997,2023-05-14 20:16:22
MXP,Jidá,Arábia Saudita,2023,6,110.24,141.49275862068964,140.125,2023-05-14 20:16:22
MXP,Nuremberga,Alemanha,2023,4,110.24,172.86793650793652,163.27,2023-05-14 20:16:22
MXP,Tallin,Estónia,2023,9,110.31,130.666,124.94,2023-05-14 20:16:22
MXP,Lampedusa,Itália,2023,9,110.34,225.54714285714286,224.86,2023-05-14 20:16:22
MXP,Varsóvia,Polónia,2023,10,110.34,132.6525,139.1,2023-05-14 20:16:22
MXP,Verona,Itália,2023,7,110.4,377.022,459.84,2023-05-14 20:16:22
MXP,Ponta Delgada,Portugal,2023,3,110.41,171.51600000000002,144.485,2023-05-14 20:16:22
MXP,Genebra,Suíça,2023,10,110.44,120.65444444444445,110.98,2023-05-14 20:16:22
MXP,Vigo,Espanha,2023,11,110.63,110.678,110.71,2023-05-14 20:16:22
MXP,Bristol,Reino Unido,2023,6,110.63,176.3738888888889,169.51,2023-05-14 20:16:22
MXP,Zagreb,Croácia,2023,4,110.76,157.54888888888888,160.38,2023-05-14 20:16:22
MXP,Gizé,Egito,2023,11,110.77,200.14333333333335,129.23000000000002,2023-05-14 20:16:22
MXP,Saint Peter,Jersey,2023,5,110.8,201.41433333333333,211.58,2023-05-14 20:16:22
MXP,Sharm El Sheikh,Egito,2023,5,110.88,165.00655737704918,150.74,2023-05-14 20:16:22
MXP,Rabate,Marrocos,2023,6,110.98,217.5241935483871,224.14,2023-05-14 20:16:22
MXP,Granada,Espanha,2023,10,111.02,149.07038461538463,153.26,2023-05-14 20:16:22
MXP,Nice,França,2023,11,111.19,115.445,117.97,2023-05-14 20:16:22
MXP,Sevilha,Espanha,2023,12,111.19,111.19,111.19,2023-05-14 20:16:22
MXP,Inverness,Reino Unido,2023,4,111.21,230.47551724137932,231.68,2023-05-14 20:16:22
MXP,Granada,Espanha,2023,2,111.21,150.18666666666664,160.56,2023-05-14 20:16:22
MXP,Hurghada,Egito,2024,3,111.26,190.675625,111.68,2023-05-14 20:16:22
MXP,Tallin,Estónia,2023,11,111.26,158.0681818181818,149.56,2023-05-14 20:16:22
MXP,Knock,Irlanda,2023,7,111.27,550.2769047619048,766.52,2023-05-14 20:16:22
MXP,Tânger,Marrocos,2023,9,111.51,273.02375,134.88,2023-05-14 20:16:22
MXP,Vigo,Espanha,2023,6,111.67,188.4381188118812,169.25,2023-05-14 20:16:22
MXP,Casablanca,Marrocos,2023,9,111.91,165.49193548387098,167.42,2023-05-14 20:16:22
MXP,Tuzla,Bósnia-Herzegóvina,2023,2,111.93,238.1794444444444,257.79499999999996,2023-05-14 20:16:22
MXP,Granada,Espanha,2023,5,111.93,180.44592105263158,173.20499999999998,2023-05-14 20:16:22
MXP,Florença,Itália,2023,4,112.08,507.2667777777778,290.655,2023-05-14 20:16:22
MXP,Casablanca,Marrocos,2023,6,112.11,178.36555555555555,182.37,2023-05-14 20:16:22
MXP,Escíato,Grécia,2023,8,112.13,247.06423913043477,252.835,2023-05-14 20:16:22
MXP,Granada,Espanha,2023,6,112.13,176.54511363636362,165.265,2023-05-14 20:16:22
MXP,Corfú,Grécia,2023,5,112.23,150.193,156.0,2023-05-14 20:16:22
MXP,Cardiff,Reino Unido,2023,5,112.26,271.810375,276.56,2023-05-14 20:16:22
MXP,Shannon,Irlanda,2023,7,112.31,617.1506666666667,642.12,2023-05-14 20:16:22
MXP,La Corunha,Espanha,2023,2,112.37,140.64222222222222,133.35,2023-05-14 20:16:22
MXP,Manchester,Reino Unido,2023,7,112.49,150.42909090909092,148.43,2023-05-14 20:16:22
MXP,Saragoça,Espanha,2023,6,112.54,213.32253333333335,137.6,2023-05-14 20:16:22
MXP,Heraclião,Grécia,2024,2,112.71,112.71,112.71,2023-05-14 20:16:22
MXP,Jerez de la Frontera,Espanha,2023,10,112.78,138.993,124.16,2023-05-14 20:16:22
MXP,Vilnius,Lituânia,2023,5,112.84,190.84823529411764,168.33,2023-05-14 20:16:22
MXP,Istambul,Turquia,2023,3,112.85,155.49232142857142,150.865,2023-05-14 20:16:22
MXP,Vitória,Espanha,2023,3,112.96,130.40566666666666,120.54,2023-05-14 20:16:22
MXP,Oslo,Noruega,2023,10,113.09,157.0261111111111,158.655,2023-05-14 20:16:22
MXP,Aberdeen,Reino Unido,2023,6,113.13,220.23499999999999,222.265,2023-05-14 20:16:22
MXP,Lyon,França,2023,4,113.14,181.6325274725275,175.25,2023-05-14 20:16:22
MXP,Verona,Itália,2023,8,113.31,363.0546,241.05,2023-05-14 20:16:22
MXP,Breslavia,Polónia,2023,4,113.31,186.9247115384615,176.13,2023-05-14 20:16:22
MXP,Nice,França,2023,10,113.44,113.45333333333333,113.46,2023-05-14 20:16:22
MXP,Belfast,Reino Unido,2023,3,113.49,814.661052631579,122.29,2023-05-14 20:16:22
MXP,Estocolmo,Suécia,2023,9,113.79,146.570625,148.26,2023-05-14 20:16:22
MXP,Bolonha,Itália,2023,7,113.81,356.0692307692307,349.71,2023-05-14 20:16:22
MXP,Basileia,Suíça,2023,5,114.09,210.419702970297,188.26,2023-05-14 20:16:22
MXP,Jidá,Arábia Saudita,2023,11,114.12,136.26394736842104,138.44,2023-05-14 20:16:22
MXP,Bratislava,Eslováquia,2023,2,114.21,251.1385294117647,167.75,2023-05-14 20:16:22
MXP,Tetuão,Marrocos,2023,5,114.26,206.40671641791045,157.7,2023-05-14 20:16:22
MXP,Turim,Itália,2023,7,114.6,439.0077777777778,159.01,2023-05-14 20:16:22
MXP,Billund,Dinamarca,2023,4,114.6,199.71397260273974,206.86,2023-05-14 20:16:22
MXP,Hurghada,Egito,2024,1,114.82,173.98916666666665,152.48,2023-05-14 20:16:22
MXP,Biarritz,França,2023,6,114.82,202.75855072463767,163.71,2023-05-14 20:16:22
MXP,Tallin,Estónia,2023,5,114.87,182.56415584415586,181.68,2023-05-14 20:16:22
MXP,Foggia,Itália,2023,5,114.93,175.89459016393442,165.26,2023-05-14 20:16:22
MXP,Kosice,Eslováquia,2023,4,115.03,287.2172941176471,246.0,2023-05-14 20:16:22
MXP,Lárnaca,Chipre,2023,7,115.13,189.21419354838707,187.73,2023-05-14 20:16:22
MXP,Nis,Sérvia,2023,6,115.17,274.9034782608696,149.15,2023-05-14 20:16:22
MXP,Jidá,Arábia Saudita,2023,8,115.17,118.89,115.73,2023-05-14 20:16:22
MXP,Oslo,Noruega,2023,9,115.19,147.77315789473684,145.88,2023-05-14 20:16:22
MXP,Nottingham,Reino Unido,2023,5,115.22,343.5228712871287,165.44,2023-05-14 20:16:22
MXP,Dortmund,Alemanha,2023,5,115.51,190.82969696969695,179.2,2023-05-14 20:16:22
MXP,Agadir,Marrocos,2023,5,115.53,211.16187919463087,174.08,2023-05-14 20:16:22
MXP,Casablanca,Marrocos,2023,5,115.54,193.3356989247312,193.01,2023-05-14 20:16:22
MXP,Kaunas,Lituânia,2023,4,115.6,293.88616279069765,259.4,2023-05-14 20:16:22
MXP,Luqa,Malta,2023,8,115.71,174.46,174.46,2023-05-14 20:16:22
MXP,Marraquexe,Marrocos,2023,10,115.74,115.74,115.74,2023-05-14 20:16:22
MXP,Fes,Marrocos,2023,9,115.83,168.52,147.82999999999998,2023-05-14 20:16:22
MXP,Nottingham,Reino Unido,2023,6,115.88,195.4616,178.34,2023-05-14 20:16:22
MXP,Cardiff,Reino Unido,2023,3,115.88,238.2295081967213,201.93,2023-05-14 20:16:22
MXP,Bristol,Reino Unido,2023,10,115.9,115.9,115.9,2023-05-14 20:16:22
MXP,Banja Luka,Bósnia-Herzegóvina,2023,5,116.03,182.70316666666668,166.77499999999998,2023-05-14 20:16:22
MXP,Zaquinto,Grécia,2023,8,116.06,245.73428571428573,213.47,2023-05-14 20:16:22
MXP,Glasgow,Reino Unido,2023,6,116.12,177.31432835820894,177.44,2023-05-14 20:16:22
MXP,Bergen,Noruega,2023,3,116.39,201.72384615384615,183.57,2023-05-14 20:16:22
MXP,Catânia,Itália,2023,8,116.47,116.47,116.47,2023-05-14 20:16:22
MXP,Florença,Itália,2023,8,116.66,230.5575,162.13,2023-05-14 20:16:22
MXP,Ponta Delgada,Portugal,2023,2,116.72,149.39090909090908,139.79,2023-05-14 20:16:22
MXP,Granada,Espanha,2023,9,116.75,167.6860975609756,169.52,2023-05-14 20:16:22
MXP,Trieste,Itália,2023,6,116.8,228.38078431372548,151.12,2023-05-14 20:16:22
MXP,Katovice,Polónia,2023,1,116.98,136.716,149.81,2023-05-14 20:16:22
MXP,Vilnius,Lituânia,2023,4,116.98,207.19920792079208,185.26,2023-05-14 20:16:22
MXP,Florença,Itália,2023,9,117.08,173.8552380952381,187.04,2023-05-14 20:16:22
MXP,Pescara,Itália,2023,2,117.09,159.24172413793104,157.5,2023-05-14 20:16:22
MXP,Argostoli,Grécia,2023,5,117.25,183.38923076923078,163.37,2023-05-14 20:16:22
MXP,Dusseldorf,Alemanha,2023,9,117.25,134.293125,138.45499999999998,2023-05-14 20:16:22
MXP,Estugarda,Alemanha,2023,4,117.32,173.28364485981308,173.25,2023-05-14 20:16:22
MXP,Brno,República Checa,2023,5,117.54,307.3816,270.74,2023-05-14 20:16:22
MXP,Rzeszów,Polónia,2023,3,117.64,160.0822222222222,117.905,2023-05-14 20:16:22
MXP,Limoges,França,2023,4,117.66,247.52078947368418,197.61,2023-05-14 20:16:22
MXP,Varsóvia,Polónia,2023,7,117.66,145.84,145.72,2023-05-14 20:16:22
MXP,Dusseldorf,Alemanha,2023,11,117.8,117.86,117.86,2023-05-14 20:16:22
MXP,Katovice,Polónia,2023,4,118.0,182.27276315789473,175.74,2023-05-14 20:16:22
MXP,Newcastle upon Tyne,Reino Unido,2023,6,118.06,237.93650943396227,228.0,2023-05-14 20:16:22
MXP,Marselha,França,2023,10,118.06,124.2075,118.21,2023-05-14 20:16:22
MXP,Dortmund,Alemanha,2023,4,118.21,247.85285714285715,248.49,2023-05-14 20:16:22
MXP,Palanga,Lituânia,2023,3,118.36,118.49727272727273,118.41,2023-05-14 20:16:22
MXP,Préveza,Grécia,2023,8,118.49,343.0058064516129,296.93,2023-05-14 20:16:22
MXP,Florença,Itália,2023,7,118.5,223.16904761904763,227.18,2023-05-14 20:16:22
MXP,Suceava,Roménia,2023,1,118.56,128.57999999999998,128.57999999999998,2023-05-14 20:16:22
MXP,Perugia,Itália,2023,4,118.58,244.2104081632653,262.01,2023-05-14 20:16:22
MXP,Arrecife,Espanha,2023,7,118.77,183.2392857142857,133.35,2023-05-14 20:16:22
MXP,Hurghada,Egito,2023,10,118.82,264.374375,252.75,2023-05-14 20:16:22
MXP,Glasgow,Reino Unido,2023,10,118.84,179.99333333333334,184.36,2023-05-14 20:16:22
MXP,Cork,Irlanda,2023,7,118.88,189.7836842105263,175.79500000000002,2023-05-14 20:16:22
MXP,Aberdeen,Reino Unido,2023,5,118.99,209.43365853658537,183.34,2023-05-14 20:16:22
MXP,Dusseldorf,Alemanha,2023,2,119.27,139.8376,142.54,2023-05-14 20:16:22
MXP,Aarhus,Dinamarca,2023,7,119.4,289.6627777777778,358.81,2023-05-14 20:16:22
MXP,Abu Dhabi,Emirados Árabes Unidos,2023,12,119.43,185.64125,160.21499999999997,2023-05-14 20:16:22
MXP,Lajes,Portugal,2023,2,119.48,145.42999999999998,136.94,2023-05-14 20:16:22
MXP,Hamburgo,Alemanha,2023,9,119.5,127.30888888888889,122.53,2023-05-14 20:16:22
MXP,Katovice,Polónia,2023,5,119.5,169.29577981651377,160.98,2023-05-14 20:16:22
MXP,Eindhoven,Holanda,2023,8,119.5,287.32,371.23,2023-05-14 20:16:22
MXP,Nis,Sérvia,2023,2,119.53,248.243125,211.52,2023-05-14 20:16:22
MXP,Zurique,Suíça,2023,2,119.55,161.204375,164.08499999999998,2023-05-14 20:16:22
MXP,Florença,Itália,2023,5,119.57,418.84156626506024,210.78,2023-05-14 20:16:22
MXP,Marselha,França,2023,9,119.62,161.04500000000002,164.58,2023-05-14 20:16:22
MXP,Maastricht,Holanda,2023,2,119.74,270.9096875,240.79,2023-05-14 20:16:22
MXP,Cluj,Roménia,2023,4,119.87,276.28466257668714,224.1,2023-05-14 20:16:22
MXP,Estugarda,Alemanha,2023,3,120.04,154.25353846153845,152.44,2023-05-14 20:16:22
MXP,Marselha,França,2023,8,120.11,169.57407407407408,163.12,2023-05-14 20:16:22
MXP,Casablanca,Marrocos,2023,11,120.19,144.32875,134.19,2023-05-14 20:16:22
MXP,Figari,França,2023,6,120.3,274.12610169491523,285.2,2023-05-14 20:16:22
MXP,Budapeste,Hungria,2023,8,120.3,120.43800000000002,120.42,2023-05-14 20:16:22
MXP,Lyon,França,2023,7,120.34,157.57625000000002,175.79500000000002,2023-05-14 20:16:22
MXP,Varsóvia,Polónia,2023,9,120.52,135.24,122.52000000000001,2023-05-14 20:16:22
MXP,Erevã,Arménia,2023,7,120.73,387.0914285714286,445.75,2023-05-14 20:16:22
MXP,Genebra,Suíça,2024,1,120.84,120.83999999999999,120.84,2023-05-14 20:16:22
MXP,Reus,Espanha,2023,3,121.04,184.04304347826087,127.2,2023-05-14 20:16:22
MXP,Erevã,Arménia,2023,8,121.31,301.085625,333.39,2023-05-14 20:16:22
MXP,Jidá,Arábia Saudita,2024,1,121.31,128.80285714285714,121.36,2023-05-14 20:16:22
MXP,Kosice,Eslováquia,2023,2,121.39,163.08481481481482,184.49,2023-05-14 20:16:22
MXP,Dubrovnik,Croácia,2023,7,121.54,193.06954022988504,188.61,2023-05-14 20:16:22
MXP,Rennes,França,2023,3,121.58,249.502,215.15,2023-05-14 20:16:22
MXP,Santiago de Compostela,Espanha,2023,9,121.74,146.635,127.61500000000001,2023-05-14 20:16:22
MXP,Newcastle upon Tyne,Reino Unido,2023,9,122.11,216.10416666666666,240.805,2023-05-14 20:16:22
MXP,Las Palmas,Espanha,2024,1,122.13,122.27999999999999,122.14,2023-05-14 20:16:22
MXP,Cracóvia,Polónia,2024,1,122.13,128.27333333333334,122.13,2023-05-14 20:16:22
MXP,Bolonha,Itália,2023,9,122.23,190.85500000000002,186.99,2023-05-14 20:16:22
MXP,Florença,Itália,2023,3,122.33,317.0507317073171,276.53,2023-05-14 20:16:22
MXP,Vilnius,Lituânia,2023,10,122.35,156.578,151.68,2023-05-14 20:16:22
MXP,Lille,França,2023,6,122.42,155.02794871794873,147.37,2023-05-14 20:16:22
MXP,Marselha,França,2023,7,122.79,227.80757575757573,186.08,2023-05-14 20:16:22
MXP,Newcastle upon Tyne,Reino Unido,2023,4,122.88,236.05109589041095,203.12,2023-05-14 20:16:22
MXP,Belgrado,Sérvia,2023,8,123.0,146.02761904761905,134.67,2023-05-14 20:16:22
MXP,Essaouira,Marrocos,2023,3,123.08,199.05483870967743,194.14,2023-05-14 20:16:22
MXP,Vigo,Espanha,2023,9,123.12,152.95935483870966,135.71,2023-05-14 20:16:22
MXP,Abu Dhabi,Emirados Árabes Unidos,2023,3,123.13,185.38783783783785,163.25,2023-05-14 20:16:22
MXP,Poznań,Polónia,2023,9,123.24,148.42666666666665,123.36,2023-05-14 20:16:22
MXP,Ouarzazate,Marrocos,2023,5,123.24,243.87897435897438,311.71,2023-05-14 20:16:22
MXP,Breslavia,Polónia,2023,9,123.24,175.36111111111111,176.45,2023-05-14 20:16:22
MXP,Trondheim,Noruega,2023,2,123.25,238.7288888888889,271.71,2023-05-14 20:16:22
MXP,Pafos,Chipre,2023,6,123.45,192.13785714285714,175.11,2023-05-14 20:16:22
MXP,Rodes,Grécia,2023,9,123.72,179.695625,168.865,2023-05-14 20:16:22
MXP,Abu Dhabi,Emirados Árabes Unidos,2023,10,123.91,209.25333333333333,177.82,2023-05-14 20:16:22
MXP,Aberdeen,Reino Unido,2023,2,123.99,132.93166666666667,124.35,2023-05-14 20:16:22
MXP,Poznań,Polónia,2023,7,124.07,157.65444444444444,177.44,2023-05-14 20:16:22
MXP,Birmingham,Reino Unido,2023,4,124.36,217.51401960784315,202.55,2023-05-14 20:16:22
MXP,Ouarzazate,Marrocos,2023,4,124.61,392.2912280701754,349.07,2023-05-14 20:16:22
MXP,Vigo,Espanha,2023,4,124.67,221.66850574712643,178.6,2023-05-14 20:16:22
MXP,Abu Dhabi,Emirados Árabes Unidos,2023,5,124.7,203.00493827160494,190.72,2023-05-14 20:16:22
MXP,Riga,Letónia,2024,1,124.74,124.935,125.0,2023-05-14 20:16:22
MXP,Quichinau,Moldávia,2023,4,124.77,201.68337078651686,179.33,2023-05-14 20:16:22
MXP,Nice,França,2023,7,124.77,175.7996875,161.62,2023-05-14 20:16:22
MXP,Porto Santo,Portugal,2023,2,124.78,156.29153846153847,154.74,2023-05-14 20:16:22
MXP,Roma,Itália,2023,9,124.84,124.84,124.84,2023-05-14 20:16:22
MXP,Hamburgo,Alemanha,2023,12,124.99,133.72,131.66,2023-05-14 20:16:22
MXP,Sibiu,Roménia,2023,2,124.99,173.43533333333335,158.14,2023-05-14 20:16:22
MXP,Lárnaca,Chipre,2023,4,125.02,189.93769230769232,169.14499999999998,2023-05-14 20:16:22
MXP,Nis,Sérvia,2023,3,125.06,298.9763888888889,204.21,2023-05-14 20:16:22
MXP,Zagreb,Croácia,2023,7,125.25,151.85266666666666,161.33,2023-05-14 20:16:22
MXP,Casablanca,Marrocos,2024,2,125.4,128.6725,128.65,2023-05-14 20:16:22
MXP,Nador,Marrocos,2023,5,125.51,161.1042857142857,160.69,2023-05-14 20:16:22
MXP,Toulouse,França,2023,7,125.53,151.723,136.54,2023-05-14 20:16:22
MXP,Santander,Espanha,2023,9,125.78,151.964375,146.86,2023-05-14 20:16:22
MXP,Castellón de la Plana,Espanha,2023,5,125.94,162.25875,175.825,2023-05-14 20:16:22
MXP,Istambul,Turquia,2024,2,125.96,147.151,149.18,2023-05-14 20:16:22
MXP,Dammam,Arábia Saudita,2023,5,125.96,181.38161764705885,154.69,2023-05-14 20:16:22
MXP,Santiago de Compostela,Espanha,2023,7,125.96,210.36535714285714,208.20499999999998,2023-05-14 20:16:22
MXP,Escíato,Grécia,2023,9,126.16,260.3782142857143,270.935,2023-05-14 20:16:22
MXP,Basileia,Suíça,2023,6,126.26,210.96865384615387,198.36,2023-05-14 20:16:22
MXP,Vigo,Espanha,2023,2,126.38,169.99714285714285,164.75,2023-05-14 20:16:22
MXP,Agadir,Marrocos,2023,6,126.42,203.00081967213114,184.62,2023-05-14 20:16:22
MXP,Foggia,Itália,2023,3,126.42,213.92838709677417,160.12,2023-05-14 20:16:22
MXP,Bordéus,França,2024,3,126.54,132.31,132.31,2023-05-14 20:16:22
MXP,Liverpool,Reino Unido,2023,4,126.61,248.4604347826087,206.76,2023-05-14 20:16:22
MXP,Iași,Roménia,2023,6,126.68,159.2825,155.70499999999998,2023-05-14 20:16:22
MXP,Vitória,Espanha,2023,7,126.68,206.21933333333334,206.37,2023-05-14 20:16:22
MXP,Istambul,Turquia,2024,1,126.87,138.387,138.8,2023-05-14 20:16:22
MXP,Oujda,Marrocos,2023,3,127.06,269.76916666666665,280.58,2023-05-14 20:16:22
MXP,Frankfurt,Alemanha,2023,7,127.08,154.51,134.02499999999998,2023-05-14 20:16:22
MXP,Marraquexe,Marrocos,2023,7,127.11,127.11,127.11,2023-05-14 20:16:22
MXP,Varna,Bulgária,2023,5,127.36,197.65554054054056,177.29500000000002,2023-05-14 20:16:22
MXP,Sharm El Sheikh,Egito,2023,3,127.53,221.5075,202.99,2023-05-14 20:16:22
MXP,Munique,Alemanha,2023,3,127.56,164.53714285714287,159.79,2023-05-14 20:16:22
MXP,Limoges,França,2023,6,127.57,130.94307692307692,127.59,2023-05-14 20:16:22
MXP,Fes,Marrocos,2024,1,127.59,127.67,127.59,2023-05-14 20:16:22
MXP,Pantelária,Itália,2023,6,127.62,191.23132867132867,189.31,2023-05-14 20:16:22
MXP,Quichinau,Moldávia,2023,9,127.64,191.52606060606058,176.44,2023-05-14 20:16:22
MXP,Sófia,Bulgária,2023,1,127.75,127.75,127.75,2023-05-14 20:16:22
MXP,Leeds,Reino Unido,2023,2,127.75,190.16649999999998,208.26,2023-05-14 20:16:22
MXP,Marsa Alam,Egito,2023,6,128.04,256.1842857142857,263.12,2023-05-14 20:16:22
MXP,Genebra,Suíça,2023,11,128.21,128.3166666666667,128.37,2023-05-14 20:16:22
MXP,Pafos,Chipre,2023,4,128.24,229.06416666666667,202.155,2023-05-14 20:16:22
MXP,Turim,Itália,2023,4,128.39,590.4422222222223,480.8,2023-05-14 20:16:22
MXP,Belgrado,Sérvia,2023,9,128.42,141.77142857142857,135.09,2023-05-14 20:16:22
MXP,Leipzig,Alemanha,2023,3,128.42,267.02140625,246.74,2023-05-14 20:16:22
MXP,Leeds,Reino Unido,2023,7,128.55,254.74,299.01,2023-05-14 20:16:22
MXP,Oujda,Marrocos,2023,2,128.55,302.80763636363633,276.05,2023-05-14 20:16:22
MXP,Casablanca,Marrocos,2023,4,128.59,247.87088235294118,206.225,2023-05-14 20:16:22
MXP,Belgrado,Sérvia,2023,10,129.35,130.085,129.985,2023-05-14 20:16:22
MXP,Vilnius,Lituânia,2023,11,129.35,130.48749999999998,130.725,2023-05-14 20:16:22
MXP,Poznań,Polónia,2023,11,129.4,144.11083333333335,154.61,2023-05-14 20:16:22
MXP,Târgu Mureş,Roménia,2023,2,129.46,129.78142857142856,129.46,2023-05-14 20:16:22
MXP,Liverpool,Reino Unido,2023,6,129.48,220.3181012658228,162.38,2023-05-14 20:16:22
MXP,Lyon,França,2023,9,129.51,144.97954545454547,142.87,2023-05-14 20:16:22
MXP,Hurghada,Egito,2023,12,129.62,221.40545454545455,206.03,2023-05-14 20:16:22
MXP,Trieste,Itália,2023,10,129.62,267.73533333333336,378.99,2023-05-14 20:16:22
MXP,Riga,Letónia,2023,7,129.67,188.38588235294117,165.82,2023-05-14 20:16:22
MXP,São Sebastião,Espanha,2023,3,129.69,234.56657894736844,189.82,2023-05-14 20:16:22
MXP,Salzburgo,Áustria,2023,2,129.69,327.101,305.47,2023-05-14 20:16:22
MXP,Ancona,Itália,2023,6,129.73,451.5297297297297,550.63,2023-05-14 20:16:22
MXP,Astúrias,Espanha,2023,8,129.74,359.93945945945944,247.34,2023-05-14 20:16:22
MXP,Cork,Irlanda,2023,8,130.21,290.25766666666664,239.14,2023-05-14 20:16:22
MXP,Girona,Espanha,2023,6,130.28,247.64693548387098,218.66,2023-05-14 20:16:22
MXP,Ponta Delgada,Portugal,2023,11,130.31,183.745,191.02,2023-05-14 20:16:22
MXP,Dortmund,Alemanha,2023,1,130.34,144.50799999999998,130.56,2023-05-14 20:16:22
MXP,Glasgow,Reino Unido,2023,8,130.36,213.64717391304347,219.31,2023-05-14 20:16:22
MXP,Perpinhã,França,2023,4,130.37,325.59568181818184,337.71500000000003,2023-05-14 20:16:22
MXP,Vilnius,Lituânia,2023,7,130.4,197.79913043478263,188.78,2023-05-14 20:16:22
MXP,Florença,Itália,2023,6,130.43,352.4744927536232,212.15,2023-05-14 20:16:22
MXP,Istambul,Turquia,2023,5,130.49,169.50265822784812,168.39,2023-05-14 20:16:22
MXP,Saint Peter,Jersey,2023,1,130.51,130.64,130.56,2023-05-14 20:16:22
MXP,Bydgoszcz,Polónia,2023,5,130.53,192.2657142857143,193.73,2023-05-14 20:16:22
MXP,Tuzla,Bósnia-Herzegóvina,2023,5,130.53,202.10306122448978,211.71,2023-05-14 20:16:22
MXP,Nice,França,2023,8,130.54,188.01766666666666,180.78,2023-05-14 20:16:22
MXP,Sófia,Bulgária,2023,9,130.58,151.5131818181818,156.09500000000003,2023-05-14 20:16:22
MXP,Edimburgo,Reino Unido,2023,7,130.58,286.3614285714286,329.07,2023-05-14 20:16:22
MXP,Bergerac,França,2023,6,130.63,130.65666666666667,130.67,2023-05-14 20:16:22
MXP,Casablanca,Marrocos,2023,1,130.79,141.63,147.05,2023-05-14 20:16:22
MXP,Bristol,Reino Unido,2023,2,130.79,299.0683333333333,274.19,2023-05-14 20:16:22
MXP,Dresden,Alemanha,2023,6,130.87,230.60181818181817,257.21,2023-05-14 20:16:22
MXP,Jerez de la Frontera,Espanha,2023,9,131.03,177.62666666666667,164.79500000000002,2023-05-14 20:16:22
MXP,Pula,Croácia,2023,4,131.03,385.38125,248.685,2023-05-14 20:16:22
MXP,Gdansk,Polónia,2023,7,131.16,180.63615384615383,191.37,2023-05-14 20:16:22
MXP,Girona,Espanha,2023,7,131.4,312.5288888888889,278.15,2023-05-14 20:16:22
MXP,Istambul,Turquia,2023,11,131.47,160.7511111111111,149.63,2023-05-14 20:16:22
MXP,Dresden,Alemanha,2023,3,131.52,224.38179487179485,233.8,2023-05-14 20:16:22
MXP,Santiago de Compostela,Espanha,2023,11,131.58,131.58,131.58,2023-05-14 20:16:22
MXP,Argostoli,Grécia,2023,8,132.17,261.7642307692308,223.8,2023-05-14 20:16:22
MXP,Tampere,Finlândia,2023,5,132.24,266.2104054054054,255.27,2023-05-14 20:16:22
MXP,Dusseldorf,Alemanha,2023,10,132.43,138.4842857142857,139.59,2023-05-14 20:16:22
MXP,Fes,Marrocos,2023,10,132.51,178.79130434782607,143.09,2023-05-14 20:16:22
MXP,Sharm El Sheikh,Egito,2023,6,132.57,172.914,159.61,2023-05-14 20:16:22
MXP,Manchester,Reino Unido,2023,8,132.71,192.42499999999998,155.875,2023-05-14 20:16:22
MXP,Abu Dhabi,Emirados Árabes Unidos,2023,11,132.8,169.67000000000002,164.54,2023-05-14 20:16:22
MXP,Helsínquia,Finlândia,2023,10,133.04,158.31888888888886,157.9,2023-05-14 20:16:22
MXP,Istambul,Turquia,2024,3,133.04,147.99375,133.11,2023-05-14 20:16:22
MXP,Tours,França,2023,3,133.07,133.28375,133.25,2023-05-14 20:16:22
MXP,Billund,Dinamarca,2023,8,133.33,186.09423076923076,159.6,2023-05-14 20:16:22
MXP,Girona,Espanha,2023,4,133.55,356.8490476190476,296.43,2023-05-14 20:16:22
MXP,Dublin,Irlanda,2023,11,133.71,137.7125,133.73,2023-05-14 20:16:22
MXP,Saint Peter,Jersey,2023,3,133.73,133.73,133.73,2023-05-14 20:16:22
MXP,Pescara,Itália,2023,7,133.75,212.14181818181817,206.53,2023-05-14 20:16:22
MXP,Helsínquia,Finlândia,2023,12,133.8,155.452972972973,154.05,2023-05-14 20:16:22
MXP,Istambul,Turquia,2023,4,133.97,183.41296296296295,183.05,2023-05-14 20:16:22
MXP,Edimburgo,Reino Unido,2023,8,133.98,173.99,160.13,2023-05-14 20:16:22
MXP,Génova,Itália,2023,9,133.98,134.148,134.26,2023-05-14 20:16:22
MXP,Debrecen,Hungria,2023,3,134.02,134.81,135.26,2023-05-14 20:16:22
MXP,Sófia,Bulgária,2023,8,134.08,195.40666666666667,189.44,2023-05-14 20:16:22
MXP,Abu Dhabi,Emirados Árabes Unidos,2024,3,134.14,134.48857142857145,134.61,2023-05-14 20:16:22
MXP,Génova,Itália,2023,8,134.17,147.125,147.125,2023-05-14 20:16:22
MXP,Lille,França,2023,3,134.27,199.38526315789474,134.33,2023-05-14 20:16:22
MXP,Telavive,Israel,2023,4,134.32,188.45999999999998,171.39999999999998,2023-05-14 20:16:22
MXP,Munique,Alemanha,2023,11,134.39,146.44315789473686,144.44,2023-05-14 20:16:22
MXP,La Rochelle,França,2023,6,134.39,188.31709677419354,158.81,2023-05-14 20:16:22
MXP,Kutaisi,Geórgia,2023,3,134.48,245.47764705882355,264.0,2023-05-14 20:16:22
MXP,Lárnaca,Chipre,2023,8,134.63,194.49777777777777,135.39,2023-05-14 20:16:22
MXP,Helsínquia,Finlândia,2023,11,134.65,146.96833333333336,149.29000000000002,2023-05-14 20:16:22
MXP,Leeds,Reino Unido,2023,3,134.65,215.00243243243244,220.8,2023-05-14 20:16:22
MXP,Belgrado,Sérvia,2023,7,134.67,157.77588235294118,149.84,2023-05-14 20:16:22
MXP,Génova,Itália,2023,7,134.86,870.5958139534885,184.34,2023-05-14 20:16:22
MXP,Insbruque,Áustria,2023,3,135.01,280.8090625,200.86,2023-05-14 20:16:22
MXP,Tânger,Marrocos,2023,11,135.18,151.88666666666668,160.24,2023-05-14 20:16:22
MXP,Castellón de la Plana,Espanha,2023,4,135.4,332.42655172413794,392.9,2023-05-14 20:16:22
MXP,Estocolmo,Suécia,2023,7,135.63,153.182,144.45,2023-05-14 20:16:22
MXP,Aalborg,Dinamarca,2023,5,135.7,224.32329113924052,198.85,2023-05-14 20:16:22
MXP,Pafos,Chipre,2023,9,135.78,183.19439999999997,191.39,2023-05-14 20:16:22
MXP,Dammam,Arábia Saudita,2023,2,135.79,307.6455555555556,320.78,2023-05-14 20:16:22
MXP,Malmo,Suécia,2023,5,135.79,256.9344827586207,192.78,2023-05-14 20:16:22
MXP,Rodes,Grécia,2023,10,135.91,140.84,136.39,2023-05-14 20:16:22
MXP,Basileia,Suíça,2023,2,136.02,226.04055555555556,237.75,2023-05-14 20:16:22
MXP,Cork,Irlanda,2023,10,136.07,136.07,136.07,2023-05-14 20:16:22
MXP,Luleå,Suécia,2023,3,136.08,254.48000000000002,267.43,2023-05-14 20:16:22
MXP,Kutaisi,Geórgia,2023,2,136.08,191.63,177.51,2023-05-14 20:16:22
MXP,Bratislava,Eslováquia,2023,9,136.14,222.70714285714286,266.13,2023-05-14 20:16:22
MXP,Lodz,Polónia,2023,5,136.31,256.2830666666667,258.78,2023-05-14 20:16:22
MXP,Abu Dhabi,Emirados Árabes Unidos,2023,1,136.32,192.53166666666667,192.53500000000003,2023-05-14 20:16:22
MXP,Girona,Espanha,2023,5,136.38,184.0258064516129,180.15,2023-05-14 20:16:22
MXP,Helsínquia,Finlândia,2023,9,136.58,154.8625925925926,152.38,2023-05-14 20:16:22
MXP,Rabate,Marrocos,2023,4,136.6,281.41318181818184,275.24,2023-05-14 20:16:22
MXP,Genebra,Suíça,2023,6,136.69,159.8675471698113,150.07,2023-05-14 20:16:22
MXP,Biarritz,França,2023,4,136.72,222.46875,208.685,2023-05-14 20:16:22
MXP,Kos,Grécia,2023,8,136.73,277.34379310344826,266.69,2023-05-14 20:16:22
MXP,Vigo,Espanha,2023,10,136.87,155.62666666666667,161.01,2023-05-14 20:16:22
MXP,Jidá,Arábia Saudita,2023,12,136.94,201.30642857142857,153.49,2023-05-14 20:16:22
MXP,Almeria,Espanha,2023,5,136.97,274.4169565217391,263.79,2023-05-14 20:16:22
MXP,Bristol,Reino Unido,2023,9,137.05,173.71916666666667,172.26999999999998,2023-05-14 20:16:22
MXP,Helsínquia,Finlândia,2023,1,137.25,137.25,137.25,2023-05-14 20:16:22
MXP,Karpathos,Grécia,2023,6,137.33,271.24437837837837,260.92,2023-05-14 20:16:22
MXP,Abu Dhabi,Emirados Árabes Unidos,2023,4,137.34,242.06962962962965,239.88,2023-05-14 20:16:22
MXP,Almeria,Espanha,2023,7,137.45,280.7086440677966,300.76,2023-05-14 20:16:22
MXP,Saragoça,Espanha,2023,7,137.52,268.83750000000003,207.5,2023-05-14 20:16:22
MXP,Kos,Grécia,2023,5,137.53,187.2132258064516,168.66,2023-05-14 20:16:22
MXP,Aalborg,Dinamarca,2023,4,137.53,249.4948275862069,234.44,2023-05-14 20:16:22
MXP,Newquay,Reino Unido,2023,6,137.71,234.31210526315792,193.59,2023-05-14 20:16:22
MXP,Gizé,Egito,2023,10,137.87,226.73636363636362,158.635,2023-05-14 20:16:22
MXP,Castellón de la Plana,Espanha,2023,6,137.87,434.44800000000004,284.24,2023-05-14 20:16:22
MXP,São Sebastião,Espanha,2023,10,137.96,137.985,137.985,2023-05-14 20:16:22
MXP,Quichinau,Moldávia,2023,8,138.16,187.8872,175.52999999999997,2023-05-14 20:16:22
MXP,Suceava,Roménia,2023,6,138.21,258.17491228070173,211.66,2023-05-14 20:16:22
MXP,Tirana,Albânia,2023,9,138.22,138.36,138.43,2023-05-14 20:16:22
MXP,Jidá,Arábia Saudita,2024,3,138.31,138.63333333333333,138.31,2023-05-14 20:16:22
MXP,Heraclião,Grécia,2023,3,138.39,194.5425,138.39,2023-05-14 20:16:22
MXP,Belfast,Reino Unido,2023,7,138.41,236.419,256.06,2023-05-14 20:16:22
MXP,Bremen,Alemanha,2023,9,138.57,164.05166666666665,138.92000000000002,2023-05-14 20:16:22
MXP,Pafos,Chipre,2023,10,138.67,186.25761904761904,176.8,2023-05-14 20:16:22
MXP,Helsínquia,Finlândia,2024,1,138.69,163.8942857142857,144.22,2023-05-14 20:16:22
MXP,Riade,Arábia Saudita,2023,1,138.78,152.1,138.84,2023-05-14 20:16:22
MXP,Gizé,Egito,2024,2,138.84,507.7666666666667,690.12,2023-05-14 20:16:22
MXP,Stavanger,Noruega,2023,3,138.87,208.53566666666666,219.7,2023-05-14 20:16:22
MXP,Erevã,Arménia,2023,6,138.96,248.83148148148146,249.11,2023-05-14 20:16:22
MXP,Rabate,Marrocos,2023,2,139.08,244.8361904761905,218.97,2023-05-14 20:16:22
MXP,Saint Peter,Jersey,2023,6,139.16,139.16,139.16,2023-05-14 20:16:22
MXP,Breslavia,Polónia,2023,8,139.17,185.13777777777779,161.2,2023-05-14 20:16:22
MXP,Kutaisi,Geórgia,2023,6,139.37,209.85470588235296,200.75,2023-05-14 20:16:22
MXP,Riga,Letónia,2023,8,139.4,194.36555555555555,186.79,2023-05-14 20:16:22
MXP,Estugarda,Alemanha,2023,12,139.48,150.94333333333333,140.18,2023-05-14 20:16:22
MXP,Munique,Alemanha,2023,6,139.49,167.88904761904763,160.93,2023-05-14 20:16:22
MXP,Nova Iorque,Estados Unidos,2023,2,139.52,263.2188235294118,305.12,2023-05-14 20:16:22
MXP,Estugarda,Alemanha,2023,11,139.55,139.695,139.695,2023-05-14 20:16:22
MXP,Lajes,Portugal,2024,1,139.65,174.762,139.75,2023-05-14 20:16:22
MXP,Sharm El Sheikh,Egito,2023,4,139.68,235.54000000000002,213.91000000000003,2023-05-14 20:16:22
MXP,Bratislava,Eslováquia,2023,1,139.79,174.79666666666665,182.89,2023-05-14 20:16:22
MXP,Lublin,Polónia,2023,5,139.81,232.73238636363638,224.315,2023-05-14 20:16:22
MXP,Tânger,Marrocos,2023,7,139.81,195.59199999999998,199.98,2023-05-14 20:16:22
MXP,Lodz,Polónia,2023,4,139.82,355.0440579710145,405.62,2023-05-14 20:16:22
MXP,Abu Dhabi,Emirados Árabes Unidos,2023,2,139.85,255.1482608695652,184.34,2023-05-14 20:16:22
MXP,Quichinau,Moldávia,2023,7,139.95,202.05347826086955,209.09,2023-05-14 20:16:22
MXP,Estugarda,Alemanha,2023,1,140.0,149.42000000000002,152.56,2023-05-14 20:16:22
MXP,Gotemburgo,Suécia,2023,2,140.0,181.4457142857143,162.46,2023-05-14 20:16:22
MXP,Suceava,Roménia,2023,5,140.07,243.5834234234234,202.93,2023-05-14 20:16:22
MXP,Frankfurt,Alemanha,2023,8,140.3,163.558,141.03,2023-05-14 20:16:22
MXP,Oslo,Noruega,2024,2,140.33,140.51,140.63,2023-05-14 20:16:22
MXP,Aqaba,Jordânia,2023,2,140.37,361.50166666666667,291.06,2023-05-14 20:16:22
MXP,Almeria,Espanha,2023,9,140.37,207.88555555555556,207.54,2023-05-14 20:16:22
MXP,Riga,Letónia,2023,10,140.38,152.2775,141.09,2023-05-14 20:16:22
MXP,Castletown,Ilha de Man,2023,6,140.38,296.1054347826087,317.2,2023-05-14 20:16:22
MXP,Bacau,Roménia,2023,8,140.4,433.59272727272725,280.25,2023-05-14 20:16:22
MXP,Antália,Turquia,2023,11,140.59,140.60500000000002,140.60500000000002,2023-05-14 20:16:22
MXP,Brno,República Checa,2023,6,140.65,202.62313432835822,215.87,2023-05-14 20:16:22
MXP,Tânger,Marrocos,2023,8,140.68,310.9125,281.31,2023-05-14 20:16:22
MXP,Éilat,Israel,2023,2,140.72,277.9511904761905,236.58,2023-05-14 20:16:22
MXP,Vigo,Espanha,2023,8,140.78,242.05612903225807,226.61,2023-05-14 20:16:22
MXP,Zagreb,Croácia,2023,10,140.86,159.39166666666668,159.81,2023-05-14 20:16:22
MXP,Munique,Alemanha,2024,1,141.04,142.49857142857144,141.27,2023-05-14 20:16:22
MXP,Newquay,Reino Unido,2023,4,141.12,252.67389830508475,239.47,2023-05-14 20:16:22
MXP,Estocolmo,Suécia,2023,11,141.25,144.62,144.425,2023-05-14 20:16:22
MXP,Ponta Delgada,Portugal,2023,5,141.25,219.56555555555556,221.95,2023-05-14 20:16:22
MXP,Newcastle upon Tyne,Reino Unido,2023,7,141.41,164.44000000000003,142.09,2023-05-14 20:16:22
MXP,Maastricht,Holanda,2023,7,141.47,181.2226923076923,143.07,2023-05-14 20:16:22
MXP,Genebra,Suíça,2023,1,141.53,141.53,141.53,2023-05-14 20:16:22
MXP,Leipzig,Alemanha,2023,4,141.74,278.7171568627451,259.21,2023-05-14 20:16:22
MXP,Lajes,Portugal,2023,5,142.0,221.97262500000002,208.215,2023-05-14 20:16:22
MXP,Abu Dhabi,Emirados Árabes Unidos,2023,6,142.12,206.46302325581394,208.31,2023-05-14 20:16:22
MXP,Astúrias,Espanha,2023,7,142.13,168.97870967741935,175.53,2023-05-14 20:16:22
MXP,Santiago de Compostela,Espanha,2023,8,142.16,205.128,189.3,2023-05-14 20:16:22
MXP,Rimini,Itália,2023,5,142.4,860.5935185185185,208.7,2023-05-14 20:16:22
MXP,Istambul,Turquia,2023,10,142.58,167.0875641025641,165.16,2023-05-14 20:16:22
MXP,Chania,Grécia,2023,8,142.61,301.59666666666664,293.57,2023-05-14 20:16:22
MXP,Leipzig,Alemanha,2023,6,142.81,216.69027027027028,243.33,2023-05-14 20:16:22
MXP,Helsínquia,Finlândia,2023,8,142.87,181.136,179.275,2023-05-14 20:16:22
MXP,Estugarda,Alemanha,2023,9,143.13,148.3,149.02,2023-05-14 20:16:22
MXP,Helsínquia,Finlândia,2023,6,143.26,190.6932608695652,195.79500000000002,2023-05-14 20:16:22
MXP,Munique,Alemanha,2023,4,143.27,196.7916129032258,186.41,2023-05-14 20:16:22
MXP,Helsínquia,Finlândia,2023,5,143.31,180.20506849315066,170.23,2023-05-14 20:16:22
MXP,Munique,Alemanha,2023,12,143.38,146.465,146.42000000000002,2023-05-14 20:16:22
MXP,Ostrava,República Checa,2023,3,143.54,151.37041666666667,144.88,2023-05-14 20:16:22
MXP,Frejorgues,França,2023,11,143.72,143.76999999999998,143.76999999999998,2023-05-14 20:16:22
MXP,Podgorica,Montenegro,2023,8,144.04,196.1822222222222,180.185,2023-05-14 20:16:22
MXP,Knock,Irlanda,2023,9,144.11,328.8855555555555,421.27,2023-05-14 20:16:22
MXP,Katovice,Polónia,2023,7,144.22,193.53400000000002,198.51,2023-05-14 20:16:22
MXP,Istambul,Turquia,2023,6,144.29,177.31,162.22,2023-05-14 20:16:22
MXP,Varna,Bulgária,2023,6,144.31,215.43795918367346,220.41,2023-05-14 20:16:22
MXP,Oslo,Noruega,2023,12,144.33,170.584,165.05,2023-05-14 20:16:22
MXP,Pafos,Chipre,2023,1,144.62,144.62,144.62,2023-05-14 20:16:22
MXP,Eindhoven,Holanda,2023,7,144.89,222.2775,193.15,2023-05-14 20:16:22
MXP,Almeria,Espanha,2023,6,144.96,223.62355371900827,224.14,2023-05-14 20:16:22
MXP,Crotone,Itália,2023,5,145.13,374.3192156862745,246.67,2023-05-14 20:16:22
MXP,Lajes,Portugal,2023,6,145.19,237.07,221.79,2023-05-14 20:16:22
MXP,Fes,Marrocos,2023,7,145.22,240.531,188.015,2023-05-14 20:16:22
MXP,Jidá,Arábia Saudita,2023,7,145.24,172.05777777777777,180.74,2023-05-14 20:16:22
MXP,Ancona,Itália,2023,2,145.36,389.10666666666674,510.98,2023-05-14 20:16:22
MXP,São Sebastião,Espanha,2023,9,145.53,177.12,184.32,2023-05-14 20:16:22
MXP,Las Palmas,Espanha,2023,7,145.64,186.692,166.39,2023-05-14 20:16:22
MXP,Reus,Espanha,2023,9,145.73,206.2392857142857,190.865,2023-05-14 20:16:22
MXP,Gdansk,Polónia,2023,12,145.75,151.626,155.52,2023-05-14 20:16:22
MXP,Trieste,Itália,2023,9,145.8,146.33333333333334,146.24,2023-05-14 20:16:22
MXP,Vilnius,Lituânia,2023,8,145.82,205.24125,180.16,2023-05-14 20:16:22
MXP,Timişoara,Roménia,2023,6,145.82,229.06689655172414,222.7,2023-05-14 20:16:22
MXP,Zagreb,Croácia,2023,9,145.99,320.35391304347826,160.49,2023-05-14 20:16:22
MXP,Lajes,Portugal,2023,10,146.0,192.90882352941176,179.59,2023-05-14 20:16:22
MXP,Helsínquia,Finlândia,2023,4,146.09,215.47267857142856,186.975,2023-05-14 20:16:22
MXP,São Sebastião,Espanha,2023,7,146.83,529.3028358208956,279.5,2023-05-14 20:16:22
MXP,Túnis,Tunísia,2023,6,146.83,222.8856626506024,203.56,2023-05-14 20:16:22
MXP,Oradea,Roménia,2023,3,146.83,320.0938596491228,311.77,2023-05-14 20:16:22
MXP,Estocolmo,Suécia,2023,12,147.01,153.748,147.01,2023-05-14 20:16:22
MXP,Lárnaca,Chipre,2023,11,147.1,150.95999999999998,147.53,2023-05-14 20:16:22
MXP,Tânger,Marrocos,2023,10,147.1,168.487,170.155,2023-05-14 20:16:22
MXP,Timişoara,Roménia,2023,4,147.21,212.66776785714288,195.58,2023-05-14 20:16:22
MXP,Rimini,Itália,2023,6,147.21,529.0987804878049,165.87,2023-05-14 20:16:22
MXP,Breslavia,Polónia,2023,11,147.34,148.33,147.34,2023-05-14 20:16:22
MXP,Nuremberga,Alemanha,2023,7,147.56,172.74933333333334,164.21,2023-05-14 20:16:22
MXP,Maastricht,Holanda,2023,4,147.58,344.1303125,315.32000000000005,2023-05-14 20:16:22
MXP,Sófia,Bulgária,2023,7,147.64,165.4714285714286,163.83,2023-05-14 20:16:22
MXP,Tirana,Albânia,2023,10,147.74,147.74,147.74,2023-05-14 20:16:22
MXP,Liubliana,Eslovénia,2023,9,147.77,173.25018181818183,163.94,2023-05-14 20:16:22
MXP,Karlsruhe,Alemanha,2023,6,148.0,193.33911764705883,149.215,2023-05-14 20:16:22
MXP,Casablanca,Marrocos,2024,3,148.0,148.01500000000001,148.02,2023-05-14 20:16:22
MXP,Lajes,Portugal,2023,3,148.05,217.15918604651162,219.02,2023-05-14 20:16:22
MXP,Aberdeen,Reino Unido,2023,4,148.22,285.19454545454545,256.46,2023-05-14 20:16:22
MXP,Heraclião,Grécia,2023,8,148.29,228.73857142857145,167.45,2023-05-14 20:16:22
MXP,Timişoara,Roménia,2023,2,148.29,222.16,176.58,2023-05-14 20:16:22
MXP,Cluj,Roménia,2023,6,148.31,180.04870967741937,169.78,2023-05-14 20:16:22
MXP,Belgrado,Sérvia,2024,2,148.47,148.73000000000002,148.77,2023-05-14 20:16:22
MXP,Genebra,Suíça,2023,7,148.53,149.61709677419356,149.76,2023-05-14 20:16:22
MXP,Hamburgo,Alemanha,2024,4,148.55,148.66750000000002,148.55,2023-05-14 20:16:22
MXP,Genebra,Suíça,2023,4,148.68,183.885,149.98000000000002,2023-05-14 20:16:22
MXP,Ponta Delgada,Portugal,2024,1,148.72,162.74,148.82,2023-05-14 20:16:22
MXP,Pula,Croácia,2023,5,148.73,237.5058620689655,257.76,2023-05-14 20:16:22
MXP,Billund,Dinamarca,2023,9,148.73,156.8990909090909,160.35,2023-05-14 20:16:22
MXP,Dammam,Arábia Saudita,2023,3,148.89,273.0057142857143,176.66,2023-05-14 20:16:22
MXP,Karpathos,Grécia,2023,10,148.9,171.42428571428573,148.9,2023-05-14 20:16:22
MXP,Saraievo,Bósnia-Herzegóvina,2023,10,149.25,155.03333333333333,151.605,2023-05-14 20:16:22
MXP,Shannon,Irlanda,2023,8,149.37,428.8573684210526,228.18,2023-05-14 20:16:22
MXP,Lublin,Polónia,2023,4,149.45,285.2039726027397,270.38,2023-05-14 20:16:22
MXP,Istambul,Turquia,2023,12,149.47,174.82000000000002,179.25,2023-05-14 20:16:22
MXP,São Sebastião,Espanha,2023,4,149.55,381.99987012987015,262.79,2023-05-14 20:16:22
MXP,Essaouira,Marrocos,2023,9,149.56,166.89368421052632,150.07,2023-05-14 20:16:22
MXP,Frankfurt,Alemanha,2023,10,149.61,155.0075,150.29,2023-05-14 20:16:22
MXP,Friedrichshafen,Alemanha,2023,12,149.69,149.69,149.69,2023-05-14 20:16:22
MXP,Pantelária,Itália,2023,5,149.71,197.9848275862069,185.37,2023-05-14 20:16:22
MXP,Genebra,Suíça,2023,8,149.76,164.70428571428573,159.52,2023-05-14 20:16:22
MXP,Melilla,Espanha,2023,3,149.81,165.75125,150.13,2023-05-14 20:16:22
MXP,Debrecen,Hungria,2023,8,149.82,272.9194444444445,272.21999999999997,2023-05-14 20:16:22
MXP,Túnis,Tunísia,2023,10,149.98,187.5925,167.515,2023-05-14 20:16:22
MXP,Liubliana,Eslovénia,2023,10,150.02,163.15434782608696,155.74,2023-05-14 20:16:22
MXP,Vilnius,Lituânia,2023,6,150.28,183.88948717948716,177.47,2023-05-14 20:16:22
MXP,Lampedusa,Itália,2023,8,150.33,190.70333333333335,161.815,2023-05-14 20:16:22
MXP,Lille,França,2023,5,150.34,330.20810810810815,282.42499999999995,2023-05-14 20:16:22
MXP,Pristina,Kosovo,2023,7,150.35,291.06666666666666,314.89,2023-05-14 20:16:22
MXP,Kutaisi,Geórgia,2023,5,150.38,225.05370689655172,204.065,2023-05-14 20:16:22
MXP,Vitória,Espanha,2023,9,150.38,194.07714285714286,226.13,2023-05-14 20:16:22
MXP,Sibiu,Roménia,2023,3,150.39,185.49666666666667,194.53,2023-05-14 20:16:22
MXP,Genebra,Suíça,2023,9,150.43,150.43,150.43,2023-05-14 20:16:22
MXP,Bristol,Reino Unido,2023,7,150.47,222.58756756756756,207.46,2023-05-14 20:16:22
MXP,Saraievo,Bósnia-Herzegóvina,2023,8,150.57,224.65395833333332,219.65,2023-05-14 20:16:22
MXP,Estrasburgo,França,2023,10,150.6,202.81888888888886,151.14,2023-05-14 20:16:22
MXP,Cardiff,Reino Unido,2023,6,150.66,477.04702702702707,322.895,2023-05-14 20:16:22
MXP,Túnis,Tunísia,2023,5,150.77,207.80697183098593,204.47,2023-05-14 20:16:22
MXP,Rennes,França,2023,4,150.89,336.65351351351353,321.52,2023-05-14 20:16:22
MXP,Tivat,Montenegro,2023,5,151.06,360.26195652173914,249.0,2023-05-14 20:16:22
MXP,Rabate,Marrocos,2023,9,151.14,297.509375,334.69,2023-05-14 20:16:22
MXP,Palermo,Itália,2023,8,151.15,151.15,151.15,2023-05-14 20:16:22
MXP,Tivat,Montenegro,2023,7,151.3,286.9122471910112,238.07,2023-05-14 20:16:22
MXP,Vigo,Espanha,2023,7,151.32,186.54689655172413,182.43,2023-05-14 20:16:22
MXP,Reus,Espanha,2023,5,151.47,290.70011363636365,281.44,2023-05-14 20:16:22
MXP,Lyon,França,2024,1,151.49,151.49,151.49,2023-05-14 20:16:22
MXP,Brno,República Checa,2023,4,151.75,390.46085714285715,386.44,2023-05-14 20:16:22
MXP,Copenhaga,Dinamarca,2023,7,151.75,151.75,151.75,2023-05-14 20:16:22
MXP,Pamplona,Espanha,2023,10,151.81,158.99263157894737,157.12,2023-05-14 20:16:22
MXP,Girona,Espanha,2023,9,151.88,219.60230769230768,179.51,2023-05-14 20:16:22
MXP,Gdansk,Polónia,2023,10,151.89,151.89,151.89,2023-05-14 20:16:22
MXP,Split,Croácia,2023,4,152.08,191.46761904761905,191.69,2023-05-14 20:16:22
MXP,Granada,Espanha,2023,7,152.15,195.55200000000002,187.285,2023-05-14 20:16:22
MXP,Reus,Espanha,2023,6,152.24,203.92125000000001,182.89,2023-05-14 20:16:22
MXP,Astúrias,Espanha,2023,9,152.38,162.873,165.58999999999997,2023-05-14 20:16:22
MXP,Friedrichshafen,Alemanha,2023,3,152.44,153.60846153846154,154.05,2023-05-14 20:16:22
MXP,Santa Cruz de la Palma,Espanha,2023,12,152.44,221.47000000000003,156.24,2023-05-14 20:16:22
MXP,Friedrichshafen,Alemanha,2023,6,152.45,183.70904761904762,159.07,2023-05-14 20:16:22
MXP,Tivat,Montenegro,2023,9,152.48,224.3753846153846,196.08,2023-05-14 20:16:22
MXP,Basileia,Suíça,2023,11,152.58,152.58,152.58,2023-05-14 20:16:22
MXP,Sófia,Bulgária,2023,10,152.58,192.54,154.34,2023-05-14 20:16:22
MXP,Tuzla,Bósnia-Herzegóvina,2023,3,152.64,182.1974193548387,167.93,2023-05-14 20:16:22
MXP,Valladolid,Espanha,2023,3,152.7,356.7744444444445,380.55,2023-05-14 20:16:22
MXP,Rennes,França,2023,5,152.71,253.58323529411766,245.14,2023-05-14 20:16:22
MXP,Rabate,Marrocos,2023,10,152.77,161.28750000000002,164.21,2023-05-14 20:16:22
MXP,Rodes,Grécia,2023,8,152.77,221.07304347826087,199.5,2023-05-14 20:16:22
MXP,Erevã,Arménia,2023,11,152.78,152.79333333333332,152.8,2023-05-14 20:16:22
MXP,Friedrichshafen,Alemanha,2023,10,152.82,153.3890909090909,153.6,2023-05-14 20:16:22
MXP,Breslavia,Polónia,2023,7,152.9,255.55416666666667,200.465,2023-05-14 20:16:22
MXP,Ponta Delgada,Portugal,2023,6,152.91,242.76095238095235,235.44,2023-05-14 20:16:22
MXP,Iași,Roménia,2023,9,153.0,162.552,164.38,2023-05-14 20:16:22
MXP,São Sebastião,Espanha,2023,6,153.09,254.72854166666664,180.86,2023-05-14 20:16:22
MXP,Dubrovnik,Croácia,2023,8,153.14,211.20399999999998,202.49,2023-05-14 20:16:22
MXP,Granada,Espanha,2023,12,153.35,158.31333333333333,153.86,2023-05-14 20:16:22
MXP,Ocrida,Macedónia do Norte,2023,10,153.39,153.67363636363635,153.73,2023-05-14 20:16:22
MXP,Istambul,Turquia,2023,2,153.48,175.6442857142857,166.71,2023-05-14 20:16:22
MXP,Nuremberga,Alemanha,2023,12,153.54,153.785,153.785,2023-05-14 20:16:22
MXP,Alexandria,Egito,2023,12,153.54,154.186,154.44,2023-05-14 20:16:22
MXP,Nuremberga,Alemanha,2023,10,153.6,161.0435294117647,162.73,2023-05-14 20:16:22
MXP,Ostrava,República Checa,2023,4,153.65,288.72799999999995,293.97,2023-05-14 20:16:22
MXP,Nimes,França,2023,5,153.69,214.38692307692307,236.84,2023-05-14 20:16:22
MXP,Santa Cruz de la Palma,Espanha,2023,9,153.69,281.6594117647059,263.55,2023-05-14 20:16:22
MXP,Girona,Espanha,2023,10,153.77,154.13400000000001,153.77,2023-05-14 20:16:22
MXP,Poznań,Polónia,2024,1,153.95,162.171,165.26999999999998,2023-05-14 20:16:22
MXP,Dubrovnik,Croácia,2023,10,153.95,195.704375,180.04000000000002,2023-05-14 20:16:22
MXP,Podgorica,Montenegro,2023,9,154.14,166.07,158.02499999999998,2023-05-14 20:16:22
MXP,Saraievo,Bósnia-Herzegóvina,2023,2,154.14,196.31842105263158,210.15,2023-05-14 20:16:22
MXP,Mulhouse,França,2023,3,154.15,529.4891891891891,306.22,2023-05-14 20:16:22
MXP,Iași,Roménia,2024,3,154.16,154.16,154.16,2023-05-14 20:16:22
MXP,Liverpool,Reino Unido,2023,1,154.4,154.4,154.4,2023-05-14 20:16:22
MXP,Aalborg,Dinamarca,2023,2,154.4,200.41333333333333,205.715,2023-05-14 20:16:22
MXP,Saraievo,Bósnia-Herzegóvina,2023,5,154.43,235.2032967032967,225.45,2023-05-14 20:16:22
MXP,Liubliana,Eslovénia,2023,6,154.52,192.91837837837838,193.47,2023-05-14 20:16:22
MXP,Corvera,Espanha,2023,3,154.52,202.8458139534884,203.98,2023-05-14 20:16:22
MXP,Faro,Portugal,2023,11,154.71,154.71,154.71,2023-05-14 20:16:22
MXP,Saraievo,Bósnia-Herzegóvina,2023,9,154.96,189.56,189.56,2023-05-14 20:16:22
MXP,Iași,Roménia,2023,7,155.01,184.92436363636364,165.75,2023-05-14 20:16:22
MXP,Rzeszów,Polónia,2023,6,155.07,195.0514705882353,187.04,2023-05-14 20:16:22
MXP,Liubliana,Eslovénia,2023,2,155.12,207.27117647058822,155.39,2023-05-14 20:16:22
MXP,Munique,Alemanha,2023,7,155.12,168.98615384615385,159.8,2023-05-14 20:16:22
MXP,Rimini,Itália,2023,7,155.2,202.211875,223.56,2023-05-14 20:16:22
MXP,Iași,Roménia,2023,11,155.2,185.51999999999998,185.51999999999998,2023-05-14 20:16:22
MXP,Santa Cruz de la Palma,Espanha,2023,5,155.32,278.8949180327869,269.78,2023-05-14 20:16:22
MXP,Iași,Roménia,2024,1,155.58,155.875,155.875,2023-05-14 20:16:22
MXP,Craiova,Roménia,2023,4,155.58,337.3867826086957,317.83,2023-05-14 20:16:22
MXP,Munique,Alemanha,2023,5,155.59,183.2386301369863,172.81,2023-05-14 20:16:22
MXP,Liubliana,Eslovénia,2023,5,155.65,228.7879365079365,221.96,2023-05-14 20:16:22
MXP,Valladolid,Espanha,2023,5,155.71,235.65190476190477,253.245,2023-05-14 20:16:22
MXP,Basileia,Suíça,2023,7,155.81,261.15409090909094,215.05,2023-05-14 20:16:22
MXP,Billund,Dinamarca,2023,11,155.86,156.0775,156.1,2023-05-14 20:16:22
MXP,Nis,Sérvia,2023,4,155.88,418.6343010752688,325.41,2023-05-14 20:16:22
MXP,Dresden,Alemanha,2023,5,155.91,259.860380952381,255.12,2023-05-14 20:16:22
MXP,Split,Croácia,2023,3,155.92,243.62230769230771,220.92,2023-05-14 20:16:22
MXP,Nottingham,Reino Unido,2023,2,155.97,266.69083333333333,265.71500000000003,2023-05-14 20:16:22
MXP,Mitilene,Grécia,2023,10,156.03,177.41076923076923,181.19,2023-05-14 20:16:22
MXP,Estrasburgo,França,2023,5,156.08,280.1589898989899,280.41,2023-05-14 20:16:22
MXP,Pantelária,Itália,2023,9,156.11,221.85333333333335,198.67,2023-05-14 20:16:22
MXP,Glasgow,Reino Unido,2023,9,156.37,212.048,201.6,2023-05-14 20:16:22
MXP,Rennes,França,2023,6,156.46,264.13213483146063,259.82,2023-05-14 20:16:22
MXP,La Rochelle,França,2023,5,156.49,167.79266666666666,157.08,2023-05-14 20:16:22
MXP,Pamplona,Espanha,2023,3,156.55,309.10350877192985,217.35,2023-05-14 20:16:22
MXP,Bolonha,Itália,2023,8,156.68,562.3423529411765,614.2,2023-05-14 20:16:22
MXP,Casablanca,Marrocos,2023,12,156.71,200.14342105263157,173.765,2023-05-14 20:16:22
MXP,Glasgow,Reino Unido,2023,7,156.96,210.4206451612903,208.42,2023-05-14 20:16:22
MXP,Cluj,Roménia,2023,7,157.03,246.33555555555554,286.745,2023-05-14 20:16:22
MXP,Newcastle upon Tyne,Reino Unido,2023,8,157.03,370.2232142857143,214.96,2023-05-14 20:16:22
MXP,Trondheim,Noruega,2023,3,157.12,252.0936842105263,233.39,2023-05-14 20:16:22
MXP,Santander,Espanha,2023,7,157.21,286.8346666666667,213.37,2023-05-14 20:16:22
MXP,Helsínquia,Finlândia,2024,3,157.25,157.25,157.25,2023-05-14 20:16:22
MXP,Friedrichshafen,Alemanha,2023,2,157.28,297.166129032258,302.96,2023-05-14 20:16:22
MXP,Liverpool,Reino Unido,2023,8,157.36,202.12833333333333,209.935,2023-05-14 20:16:22
MXP,Oslo,Noruega,2023,11,157.59,157.59,157.59,2023-05-14 20:16:22
MXP,Inverness,Reino Unido,2023,10,157.79,168.6025,158.56,2023-05-14 20:16:22
MXP,Jidá,Arábia Saudita,2023,4,157.81,439.6181818181818,294.22,2023-05-14 20:16:22
MXP,Lajes,Portugal,2023,9,157.85,235.81625,233.32,2023-05-14 20:16:22
MXP,Billund,Dinamarca,2023,7,157.91,216.09914285714285,181.02,2023-05-14 20:16:22
MXP,Jerez de la Frontera,Espanha,2023,7,157.92,266.9297619047619,228.01999999999998,2023-05-14 20:16:22
MXP,Escíato,Grécia,2023,5,157.92,233.028125,190.17,2023-05-14 20:16:22
MXP,Tuzla,Bósnia-Herzegóvina,2023,6,157.92,266.7747222222222,244.11,2023-05-14 20:16:22
MXP,Gibraltar,Gibraltar,2023,5,158.05,299.536,300.22,2023-05-14 20:16:22
MXP,Trondheim,Noruega,2023,4,158.14,296.596091954023,291.46,2023-05-14 20:16:22
MXP,Klagenfurt,Áustria,2023,5,158.29,158.72272727272727,158.9,2023-05-14 20:16:22
MXP,Breslavia,Polónia,2023,12,158.53,158.53,158.53,2023-05-14 20:16:22
MXP,Pantelária,Itália,2023,3,158.54,183.5840625,169.47500000000002,2023-05-14 20:16:22
MXP,Santander,Espanha,2023,10,158.63,158.63,158.63,2023-05-14 20:16:22
MXP,Varsóvia,Polónia,2023,11,158.65,158.65,158.65,2023-05-14 20:16:22
MXP,Erevã,Arménia,2023,9,158.65,241.6915625,210.355,2023-05-14 20:16:22
MXP,Kutaisi,Geórgia,2023,4,158.65,250.66375,238.76,2023-05-14 20:16:22
MXP,Quios,Grécia,2023,3,158.91,158.91,158.91,2023-05-14 20:16:22
MXP,Insbruque,Áustria,2023,2,159.22,269.7272972972973,231.34,2023-05-14 20:16:22
MXP,Granada,Espanha,2023,8,159.35,209.3869565217391,211.76,2023-05-14 20:16:22
MXP,Agadir,Marrocos,2023,9,159.4,210.80333333333337,178.335,2023-05-14 20:16:22
MXP,Glasgow,Reino Unido,2023,11,159.47,159.47666666666666,159.47,2023-05-14 20:16:22
MXP,Calamata,Grécia,2023,6,159.58,276.9399371069182,273.07,2023-05-14 20:16:22
MXP,Logroño,Espanha,2023,4,159.74,556.7274358974358,278.59,2023-05-14 20:16:22
MXP,Palanga,Lituânia,2023,5,160.03,188.98388888888888,160.79500000000002,2023-05-14 20:16:22
MXP,Pisa,Itália,2023,7,160.04,451.0559999999999,198.07999999999998,2023-05-14 20:16:22
MXP,Corvera,Espanha,2023,6,160.15,239.77666666666664,187.35,2023-05-14 20:16:22
MXP,Ponta Delgada,Portugal,2023,4,160.17,262.27708333333334,220.47,2023-05-14 20:16:22
MXP,Gotemburgo,Suécia,2023,1,160.26,161.525,161.75,2023-05-14 20:16:22
MXP,Tânger,Marrocos,2024,1,160.38,160.38,160.38,2023-05-14 20:16:22
MXP,Bydgoszcz,Polónia,2023,3,160.47,161.05666666666667,160.96,2023-05-14 20:16:22
MXP,Agios Kirykos,Grécia,2023,3,160.47,161.05666666666667,160.96,2023-05-14 20:16:22
MXP,Iași,Roménia,2023,4,160.54,285.36555555555555,225.38,2023-05-14 20:16:22
MXP,Ponta Delgada,Portugal,2023,1,160.56,160.56,160.56,2023-05-14 20:16:22
MXP,Castletown,Ilha de Man,2023,5,160.65,392.06240579710146,257.47,2023-05-14 20:16:22
MXP,Abu Dhabi,Emirados Árabes Unidos,2023,7,160.65,229.8795,184.15,2023-05-14 20:16:22
MXP,Tampere,Finlândia,2023,6,160.74,269.05288888888884,248.73,2023-05-14 20:16:22
MXP,Milltown (Kerry),Irlanda,2023,4,160.94,266.65000000000003,335.22,2023-05-14 20:16:22
MXP,Pula,Croácia,2023,9,160.98,208.54214285714286,196.7,2023-05-14 20:16:22
MXP,Florença,Itália,2023,10,161.06,406.67285714285714,351.17,2023-05-14 20:16:22
MXP,Túnis,Tunísia,2023,3,161.08,182.3846846846847,174.5,2023-05-14 20:16:22
MXP,Banja Luka,Bósnia-Herzegóvina,2023,6,161.1,189.08772727272728,166.92,2023-05-14 20:16:22
MXP,Montpellier,França,2023,5,161.18,240.12461538461537,227.775,2023-05-14 20:16:22
MXP,Chania,Grécia,2023,3,161.19,227.18199999999996,203.66,2023-05-14 20:16:22
MXP,Stavanger,Noruega,2023,5,161.19,218.5188888888889,198.97,2023-05-14 20:16:22
MXP,Marselha,França,2023,12,161.21,161.615,161.615,2023-05-14 20:16:22
MXP,Bristol,Reino Unido,2024,1,161.3,161.4125,161.45,2023-05-14 20:16:22
MXP,Porto Santo,Portugal,2023,10,161.3,161.465,161.465,2023-05-14 20:16:22
MXP,Tbilisi,Geórgia,2023,6,161.39,286.26706666666666,281.07,2023-05-14 20:16:22
MXP,Estocolmo,Suécia,2023,10,161.39,163.58249999999998,164.28,2023-05-14 20:16:22
MXP,Corvera,Espanha,2023,9,161.51,162.48428571428573,163.11,2023-05-14 20:16:22
MXP,Biarritz,França,2023,10,161.56,190.38,161.91,2023-05-14 20:16:22
MXP,Ocrida,Macedónia do Norte,2023,7,161.69,564.071095890411,238.8,2023-05-14 20:16:22
MXP,Dubrovnik,Croácia,2023,9,161.7,219.0,196.12,2023-05-14 20:16:22
MXP,Pamplona,Espanha,2023,7,161.88,263.2283636363636,257.59,2023-05-14 20:16:22
MXP,Nis,Sérvia,2023,8,161.91,161.954,161.91,2023-05-14 20:16:22
MXP,Bristol,Reino Unido,2023,8,161.92,207.0665789473684,206.64,2023-05-14 20:16:22
MXP,Timişoara,Roménia,2023,10,162.01,189.03181818181818,170.6,2023-05-14 20:16:22
MXP,Kos,Grécia,2023,4,162.13,254.13250000000002,237.10500000000002,2023-05-14 20:16:22
MXP,Iași,Roménia,2023,8,162.22,178.4343333333333,165.77,2023-05-14 20:16:22
MXP,Funchal,Portugal,2024,2,162.22,162.22,162.22,2023-05-14 20:16:22
MXP,Shannon,Irlanda,2023,10,162.25,162.4857142857143,162.25,2023-05-14 20:16:22
MXP,Liverpool,Reino Unido,2023,7,162.25,247.42249999999999,274.30499999999995,2023-05-14 20:16:22
MXP,Tivat,Montenegro,2023,8,162.32,290.2592307692308,245.36,2023-05-14 20:16:22
MXP,Nottingham,Reino Unido,2023,1,162.39,162.41333333333333,162.39,2023-05-14 20:16:22
MXP,Argostoli,Grécia,2023,9,162.46,212.512,204.145,2023-05-14 20:16:22
MXP,Ponta Delgada,Portugal,2024,2,162.46,162.46,162.46,2023-05-14 20:16:22
MXP,Gotemburgo,Suécia,2023,8,162.6,212.98333333333332,176.81,2023-05-14 20:16:22
MXP,Rimini,Itália,2023,2,162.67,162.97166666666666,163.03,2023-05-14 20:16:22
MXP,Munique,Alemanha,2023,1,162.78,162.78,162.78,2023-05-14 20:16:22
MXP,Karpathos,Grécia,2023,5,162.8,230.5907692307692,235.305,2023-05-14 20:16:22
MXP,Bucareste,Roménia,2023,8,162.83,180.1966666666667,184.86,2023-05-14 20:16:22
MXP,Friedrichshafen,Alemanha,2023,7,162.95,163.17666666666665,163.29,2023-05-14 20:16:22
MXP,Ancona,Itália,2023,7,163.24,329.53249999999997,245.79000000000002,2023-05-14 20:16:22
MXP,Lajes,Portugal,2023,1,163.31,163.505,163.505,2023-05-14 20:16:22
MXP,Nuremberga,Alemanha,2023,8,163.34,163.794,163.34,2023-05-14 20:16:22
MXP,Birmingham,Reino Unido,2023,12,163.37,163.37,163.37,2023-05-14 20:16:22
MXP,Argel,Argélia,2023,3,163.49,229.52197802197801,223.51,2023-05-14 20:16:22
MXP,Bergen,Noruega,2023,4,163.49,212.89178571428573,203.27999999999997,2023-05-14 20:16:22
MXP,Szczecin,Polónia,2023,5,163.69,243.29521739130433,309.0,2023-05-14 20:16:22
MXP,Calamata,Grécia,2023,5,163.72,280.07081395348837,255.18,2023-05-14 20:16:22
MXP,Génova,Itália,2023,2,163.77,426.9483333333333,163.77,2023-05-14 20:16:22
MXP,Kaunas,Lituânia,2023,6,164.04,254.60452380952378,249.985,2023-05-14 20:16:22
MXP,Grenoble,França,2023,2,164.14,284.64099999999996,329.315,2023-05-14 20:16:22
MXP,Nuremberga,Alemanha,2023,6,164.18,164.75375,164.69,2023-05-14 20:16:22
MXP,Biarritz,França,2023,9,164.23,174.73,164.44,2023-05-14 20:16:22
MXP,Gotemburgo,Suécia,2023,7,164.29,235.145,215.23,2023-05-14 20:16:22
MXP,Lajes,Portugal,2023,4,164.44,367.00513513513516,400.68,2023-05-14 20:16:22
MXP,Rennes,França,2023,2,164.58,258.79857142857145,296.18,2023-05-14 20:16:22
MXP,Timişoara,Roménia,2023,8,164.6,262.4645454545455,276.605,2023-05-14 20:16:22
MXP,Gibraltar,Gibraltar,2023,3,164.63,299.7926315789474,256.72,2023-05-14 20:16:22
MXP,Belfast,Reino Unido,2023,10,164.63,187.20333333333335,164.63,2023-05-14 20:16:22
MXP,Nuremberga,Alemanha,2023,9,164.64,164.695,164.695,2023-05-14 20:16:22
MXP,Varna,Bulgária,2023,4,164.96,256.73229166666664,211.96499999999997,2023-05-14 20:16:22
MXP,Newquay,Reino Unido,2023,3,165.03,303.6621428571429,309.44,2023-05-14 20:16:22
MXP,Banja Luka,Bósnia-Herzegóvina,2023,9,165.04,165.18099999999998,165.16,2023-05-14 20:16:22
MXP,Pantelária,Itália,2023,7,165.05,227.9153488372093,191.43,2023-05-14 20:16:22
MXP,Iași,Roménia,2023,10,165.1,165.226,165.1,2023-05-14 20:16:22
MXP,Santa Cruz de la Palma,Espanha,2023,4,165.15,388.1216129032258,334.39,2023-05-14 20:16:22
MXP,Craiova,Roménia,2023,1,165.15,207.53,196.055,2023-05-14 20:16:22
MXP,Montpellier,França,2023,2,165.15,210.31766666666667,224.54000000000002,2023-05-14 20:16:22
MXP,Bordéus,França,2023,1,165.43,165.465,165.465,2023-05-14 20:16:22
MXP,Bastia,França,2023,5,165.46,268.7091304347826,263.69,2023-05-14 20:16:22
MXP,Almeria,Espanha,2023,4,165.49,276.5690163934426,251.11,2023-05-14 20:16:22
MXP,Escópia,Macedónia do Norte,2023,11,165.67,192.24,165.91,2023-05-14 20:16:22
MXP,Agadir,Marrocos,2023,10,165.67,214.318,191.07,2023-05-14 20:16:22
MXP,Tampere,Finlândia,2023,8,165.83,280.28459459459464,267.61,2023-05-14 20:16:22
MXP,Valladolid,Espanha,2023,9,165.85,206.7275,166.39,2023-05-14 20:16:22
MXP,Saraievo,Bósnia-Herzegóvina,2023,6,165.93,224.13394736842105,216.995,2023-05-14 20:16:22
MXP,Crotone,Itália,2023,7,165.98,428.9304285714286,297.88,2023-05-14 20:16:22
MXP,Zagreb,Croácia,2023,8,166.01,191.12647058823532,189.78,2023-05-14 20:16:22
MXP,Sófia,Bulgária,2023,12,166.09,166.73,166.44,2023-05-14 20:16:22
MXP,Rennes,França,2023,10,166.34,166.66,166.66,2023-05-14 20:16:22
MXP,Perpinhã,França,2023,5,166.43,167.1609090909091,166.59,2023-05-14 20:16:22
MXP,Sharm El Sheikh,Egito,2023,2,166.53,244.55285714285714,245.045,2023-05-14 20:16:22
MXP,Cairo,Egito,2023,5,166.59,242.60256578947366,244.01,2023-05-14 20:16:22
MXP,Escópia,Macedónia do Norte,2023,10,166.65,166.65,166.65,2023-05-14 20:16:22
MXP,Friedrichshafen,Alemanha,2023,4,166.67,297.87857142857143,250.99,2023-05-14 20:16:22
MXP,Liubliana,Eslovénia,2023,8,166.71,198.84823529411764,195.38,2023-05-14 20:16:22
MXP,Rzeszów,Polónia,2023,5,166.84,234.62271028037384,243.7,2023-05-14 20:16:22
MXP,Rennes,França,2023,9,166.89,237.66103448275862,254.82,2023-05-14 20:16:22
MXP,Dalaman,Turquia,2023,6,166.99,268.9127777777778,245.735,2023-05-14 20:16:22
MXP,Rijeka,Croácia,2023,6,167.03,276.67092436974787,299.04,2023-05-14 20:16:22
MXP,Aqaba,Jordânia,2023,1,167.05,178.55714285714288,173.7,2023-05-14 20:16:22
MXP,Alexandroupolis Dimokritos,Grécia,2023,2,167.27,225.91333333333336,232.79,2023-05-14 20:16:22
MXP,Kaunas,Lituânia,2023,5,167.35,241.83567901234565,220.13,2023-05-14 20:16:22
MXP,Paleochori,Grécia,2023,10,167.37,201.29666666666668,167.45,2023-05-14 20:16:22
MXP,Liverpool,Reino Unido,2023,2,167.39,233.02235294117648,236.01,2023-05-14 20:16:22
MXP,Montpellier,França,2023,3,167.39,277.9145569620253,227.01,2023-05-14 20:16:22
MXP,Cracóvia,Polónia,2023,10,167.42,167.42,167.42,2023-05-14 20:16:22
MXP,Pantelária,Itália,2023,2,167.45,190.651875,174.085,2023-05-14 20:16:22
MXP,Gibraltar,Gibraltar,2023,4,167.75,523.8525,409.0,2023-05-14 20:16:22
MXP,Rijeka,Croácia,2023,8,167.8,348.01466666666664,325.12,2023-05-14 20:16:22
MXP,Stavanger,Noruega,2023,4,167.87,238.14285714285714,255.64,2023-05-14 20:16:22
MXP,Logroño,Espanha,2023,5,167.87,412.678,439.71500000000003,2023-05-14 20:16:22
MXP,Banja Luka,Bósnia-Herzegóvina,2023,7,168.05,239.35700000000003,223.07,2023-05-14 20:16:22
MXP,Porto Santo,Portugal,2023,3,168.16,201.6129411764706,212.13,2023-05-14 20:16:22
MXP,Inverness,Reino Unido,2023,8,168.22,325.16200000000003,213.21,2023-05-14 20:16:22
MXP,Sófia,Bulgária,2023,11,168.24,168.24,168.24,2023-05-14 20:16:22
MXP,Oslo,Noruega,2023,7,168.25,198.315,189.47500000000002,2023-05-14 20:16:22
MXP,Kosice,Eslováquia,2023,5,168.26,208.7417142857143,211.66,2023-05-14 20:16:22
MXP,Túnis,Tunísia,2023,4,168.37,247.76820512820515,229.27,2023-05-14 20:16:22
MXP,Oujda,Marrocos,2023,5,168.46,284.2957692307692,295.69,2023-05-14 20:16:22
MXP,Hurghada,Egito,2023,3,168.54,287.8609433962264,284.0,2023-05-14 20:16:22
MXP,Bordéus,França,2023,10,168.55,276.935,276.935,2023-05-14 20:16:22
MXP,Crotone,Itália,2023,4,168.56,366.2194666666667,304.75,2023-05-14 20:16:22
MXP,Carcassonne,França,2023,5,168.6,240.081,238.32999999999998,2023-05-14 20:16:22
MXP,Tromsø,Noruega,2023,3,168.66,294.1851388888889,271.35,2023-05-14 20:16:22
MXP,Findel,Luxemburgo,2023,4,168.71,168.71,168.71,2023-05-14 20:16:22
MXP,Gotemburgo,Suécia,2023,9,169.13,169.13,169.13,2023-05-14 20:16:22
MXP,Bergen,Noruega,2023,5,169.15,235.27463414634144,219.98,2023-05-14 20:16:22
MXP,Hurghada,Egito,2023,1,169.18,169.18,169.18,2023-05-14 20:16:22
MXP,Argostoli,Grécia,2023,4,169.21,211.15125,169.29,2023-05-14 20:16:22
MXP,Pantelária,Itália,2023,4,169.29,240.44444444444446,216.26,2023-05-14 20:16:22
MXP,Túnis,Tunísia,2024,1,169.33,170.03666666666666,170.39,2023-05-14 20:16:22
MXP,Fes,Marrocos,2023,1,169.49,294.83,357.5,2023-05-14 20:16:22
MXP,Lublin,Polónia,2023,12,169.5,169.73142857142858,169.61,2023-05-14 20:16:22
MXP,Sitia,Grécia,2023,6,169.57,261.01043103448274,246.54500000000002,2023-05-14 20:16:22
MXP,Antália,Turquia,2023,6,169.64,252.4532608695652,251.79500000000002,2023-05-14 20:16:22
MXP,Almeria,Espanha,2023,10,169.68,169.68,169.68,2023-05-14 20:16:22
MXP,Varna,Bulgária,2023,9,169.78,192.09857142857143,170.14,2023-05-14 20:16:22
MXP,Hanover,Alemanha,2023,3,170.02,194.93311111111112,191.75,2023-05-14 20:16:22
MXP,Almeria,Espanha,2023,2,170.02,218.95529411764704,215.59,2023-05-14 20:16:22
MXP,Lublin,Polónia,2023,6,170.04,254.22233333333332,222.98,2023-05-14 20:16:22
MXP,Lille,França,2023,9,170.05,534.6052380952382,754.41,2023-05-14 20:16:22
MXP,Pantelária,Itália,2023,8,170.07,323.8638461538461,293.65,2023-05-14 20:16:22
MXP,Antália,Turquia,2023,3,170.15,227.11354838709678,229.64,2023-05-14 20:16:22
MXP,Knock,Irlanda,2023,8,170.15,208.31225806451613,184.09,2023-05-14 20:16:22
MXP,Antália,Turquia,2023,5,170.41,229.3955,210.405,2023-05-14 20:16:22
MXP,Riga,Letónia,2023,12,170.43,170.43,170.43,2023-05-14 20:16:22
MXP,Malmo,Suécia,2023,6,170.66,321.646,232.86,2023-05-14 20:16:22
MXP,Liverpool,Reino Unido,2023,9,170.71,174.154,176.45,2023-05-14 20:16:22
MXP,Corvera,Espanha,2023,4,170.75,307.6192307692308,266.64,2023-05-14 20:16:22
MXP,Frejorgues,França,2023,7,170.81,171.26,171.41,2023-05-14 20:16:22
MXP,Craiova,Roménia,2023,5,170.98,251.1606896551724,235.57,2023-05-14 20:16:22
MXP,Bergen,Noruega,2023,2,171.13,241.1958064516129,232.77,2023-05-14 20:16:22
MXP,Dresden,Alemanha,2023,2,171.22,320.0358823529412,277.85,2023-05-14 20:16:22
MXP,Jidá,Arábia Saudita,2023,3,171.32,309.2175,242.505,2023-05-14 20:16:22
MXP,Split,Croácia,2023,10,171.33,187.5875,178.58,2023-05-14 20:16:22
MXP,Tetuão,Marrocos,2023,6,171.33,395.3530434782608,460.85,2023-05-14 20:16:22
MXP,Saraievo,Bósnia-Herzegóvina,2023,7,171.37,212.56066666666666,200.13,2023-05-14 20:16:22
MXP,Carcassonne,França,2023,4,171.4,211.6659259259259,224.57,2023-05-14 20:16:22
MXP,Zadar,Croácia,2023,5,171.45,204.7625,201.755,2023-05-14 20:16:22
MXP,Esmirna,Turquia,2023,5,171.46,237.27813186813188,220.41,2023-05-14 20:16:22
MXP,Rijeka,Croácia,2023,9,172.22,515.5845714285714,674.22,2023-05-14 20:16:22
MXP,Pula,Croácia,2023,8,172.25,311.05606557377047,288.58,2023-05-14 20:16:22
MXP,Constanţa,Roménia,2023,3,172.25,261.3780952380952,340.89,2023-05-14 20:16:22
MXP,Istambul,Turquia,2023,9,172.38,187.48722222222221,188.505,2023-05-14 20:16:22
MXP,Gdansk,Polónia,2023,8,172.45,177.45999999999998,177.45999999999998,2023-05-14 20:16:22
MXP,Basileia,Suíça,2023,4,172.8,416.15542857142856,263.87,2023-05-14 20:16:22
MXP,Bournemouth,Reino Unido,2023,6,172.82,172.83499999999998,172.83499999999998,2023-05-14 20:16:22
MXP,Marsa Alam,Egito,2023,4,173.01,328.6538095238095,319.62,2023-05-14 20:16:22
MXP,Inverness,Reino Unido,2023,5,173.13,264.2386666666667,177.09,2023-05-14 20:16:22
MXP,Bergen,Noruega,2023,11,173.14,195.815,205.54,2023-05-14 20:16:22
MXP,Tirana,Albânia,2023,1,173.16,173.16,173.16,2023-05-14 20:16:22
MXP,Liubliana,Eslovénia,2023,7,173.22,196.4857894736842,194.64499999999998,2023-05-14 20:16:22
MXP,Alexandria,Egito,2023,2,173.4,417.767,412.0,2023-05-14 20:16:22
MXP,Essaouira,Marrocos,2023,4,173.78,476.8307526881721,427.4,2023-05-14 20:16:22
MXP,Pescara,Itália,2023,8,173.89,212.82466666666667,205.79500000000002,2023-05-14 20:16:22
MXP,Munique,Alemanha,2023,8,174.06,190.46,176.93,2023-05-14 20:16:22
MXP,Aqaba,Jordânia,2023,3,174.12,380.2823529411765,284.45,2023-05-14 20:16:22
MXP,Castellón de la Plana,Espanha,2023,2,174.7,208.7931818181818,229.46,2023-05-14 20:16:22
MXP,Paleochori,Grécia,2023,5,174.89,289.4272222222222,261.21,2023-05-14 20:16:22
MXP,Ponta Delgada,Portugal,2023,9,175.06,244.59636363636363,239.23000000000002,2023-05-14 20:16:22
MXP,Tivat,Montenegro,2023,10,175.14,175.14,175.14,2023-05-14 20:16:22
MXP,Frankfurt,Alemanha,2024,3,175.19,175.65166666666667,175.58,2023-05-14 20:16:22
MXP,Riade,Arábia Saudita,2023,2,175.31,457.812,345.41499999999996,2023-05-14 20:16:22
MXP,Frankfurt,Alemanha,2023,12,175.31,175.46,175.46,2023-05-14 20:16:22
MXP,Castellón de la Plana,Espanha,2023,7,175.57,182.13285714285715,176.47,2023-05-14 20:16:22
MXP,Tbilisi,Geórgia,2023,7,175.61,445.45461538461535,334.94,2023-05-14 20:16:22
MXP,Timişoara,Roménia,2023,7,175.61,199.27322580645162,176.38,2023-05-14 20:16:22
MXP,Vilnius,Lituânia,2023,9,175.63,189.97,190.635,2023-05-14 20:16:22
MXP,Túnis,Tunísia,2023,9,175.7,200.43058823529412,189.77,2023-05-14 20:16:22
MXP,Burgas,Bulgária,2023,6,176.08,333.8250793650794,256.51,2023-05-14 20:16:22
MXP,Badajoz,Espanha,2023,4,176.27,327.56363636363636,266.53,2023-05-14 20:16:22
MXP,Girona,Espanha,2023,8,176.49,338.5072307692308,319.91,2023-05-14 20:16:22
MXP,Cork,Irlanda,2023,9,176.53,188.21714285714285,183.37,2023-05-14 20:16:22
MXP,Quios,Grécia,2023,10,176.61,177.22857142857143,177.5,2023-05-14 20:16:22
MXP,Fes,Marrocos,2023,12,176.7,176.7,176.7,2023-05-14 20:16:22
MXP,Ocrida,Macedónia do Norte,2023,8,176.78,177.0111111111111,177.01,2023-05-14 20:16:22
MXP,Bremen,Alemanha,2023,7,176.84,293.6,322.69,2023-05-14 20:16:22
MXP,Badajoz,Espanha,2023,3,177.07,356.47999999999996,389.42,2023-05-14 20:16:22
MXP,Tromsø,Noruega,2024,3,177.38,236.06666666666666,272.09,2023-05-14 20:16:22
MXP,Túnis,Tunísia,2023,2,177.45,238.5542857142857,226.745,2023-05-14 20:16:22
MXP,Vitória,Espanha,2023,2,177.51,255.14533333333335,301.54,2023-05-14 20:16:22
MXP,Tbilisi,Geórgia,2023,5,177.78,309.3296923076923,308.56500000000005,2023-05-14 20:16:22
MXP,Aalborg,Dinamarca,2023,3,177.84,322.35636363636365,221.43,2023-05-14 20:16:22
MXP,Poznań,Polónia,2023,12,177.95,177.95,177.95,2023-05-14 20:16:22
MXP,Horta,Portugal,2023,2,177.99,213.013,233.64,2023-05-14 20:16:22
MXP,Craiova,Roménia,2023,2,177.99,305.1996875,338.845,2023-05-14 20:16:22
MXP,Bergen,Noruega,2023,10,177.99,235.68214285714285,232.605,2023-05-14 20:16:22
MXP,Túnis,Tunísia,2023,7,178.23,230.80124999999998,193.94,2023-05-14 20:16:22
MXP,Hanover,Alemanha,2023,10,178.33,179.95833333333334,180.28,2023-05-14 20:16:22
MXP,Basileia,Suíça,2023,10,178.34,332.9353846153846,178.42,2023-05-14 20:16:22
MXP,Alexandria,Egito,2023,11,178.55,282.78499999999997,252.51,2023-05-14 20:16:22
MXP,Dusseldorf,Alemanha,2023,12,178.69,178.715,178.715,2023-05-14 20:16:22
MXP,Santa Cruz de la Palma,Espanha,2023,3,178.69,223.5295744680851,205.75,2023-05-14 20:16:22
MXP,Pantelária,Itália,2023,10,178.74,190.85857142857142,192.95,2023-05-14 20:16:22
MXP,Sibiu,Roménia,2023,4,178.79,373.8969902912621,309.21,2023-05-14 20:16:22
MXP,Leeds,Reino Unido,2023,9,179.1,179.89499999999998,180.16,2023-05-14 20:16:22
MXP,Perugia,Itália,2023,7,179.17,541.1183333333333,202.78,2023-05-14 20:16:22
MXP,Foggia,Itália,2023,2,179.21,244.02666666666664,183.03,2023-05-14 20:16:22
MXP,Argel,Argélia,2023,4,179.23,285.6578947368421,259.3,2023-05-14 20:16:22
MXP,Bergen,Noruega,2023,6,179.42,242.35328125,227.15,2023-05-14 20:16:22
MXP,Stavanger,Noruega,2023,6,179.42,232.2579381443299,205.37,2023-05-14 20:16:22
MXP,Istambul,Turquia,2023,7,179.51,184.094,179.88,2023-05-14 20:16:22
MXP,Eindhoven,Holanda,2023,10,179.55,192.6325,179.60500000000002,2023-05-14 20:16:22
MXP,Ajácio,França,2023,5,179.71,324.1437142857143,324.2,2023-05-14 20:16:22
MXP,Samos,Grécia,2023,5,179.73,267.1573913043478,277.26,2023-05-14 20:16:22
MXP,Lille,França,2023,2,179.83,254.25333333333333,180.25,2023-05-14 20:16:22
MXP,Tampere,Finlândia,2023,9,180.17,180.36499999999998,180.2,2023-05-14 20:16:22
MXP,Porto Santo,Portugal,2023,4,180.17,328.50821428571425,279.72,2023-05-14 20:16:22
MXP,Suceava,Roménia,2023,10,180.23,181.0233333333333,181.14,2023-05-14 20:16:22
MXP,Tivat,Montenegro,2023,6,180.27,305.8649315068493,245.07,2023-05-14 20:16:22
MXP,Crotone,Itália,2023,6,180.32,527.8472448979592,264.78,2023-05-14 20:16:22
MXP,Estrasburgo,França,2023,7,180.46,340.0803125,354.16499999999996,2023-05-14 20:16:22
MXP,Sitia,Grécia,2023,10,180.63,208.24266666666665,215.46,2023-05-14 20:16:22
MXP,Santander,Espanha,2023,8,180.66,282.1797368421053,248.455,2023-05-14 20:16:22
MXP,Granada,Espanha,2024,2,180.67,180.67499999999998,180.67,2023-05-14 20:16:22
MXP,Sibiu,Roménia,2023,5,180.67,268.37478723404257,230.01,2023-05-14 20:16:22
MXP,Stavanger,Noruega,2023,2,180.74,306.7707142857143,335.73,2023-05-14 20:16:22
MXP,Hanover,Alemanha,2023,2,180.82,189.0375,191.69,2023-05-14 20:16:22
MXP,Sitia,Grécia,2023,7,180.84,304.51863157894735,292.18,2023-05-14 20:16:22
MXP,Sibiu,Roménia,2023,10,181.0,227.44473684210524,267.86,2023-05-14 20:16:22
MXP,Turim,Itália,2023,12,181.01,181.42000000000002,181.42000000000002,2023-05-14 20:16:22
MXP,Bydgoszcz,Polónia,2023,7,181.15,181.15,181.15,2023-05-14 20:16:22
MXP,Pafos,Chipre,2023,7,181.25,272.44193548387096,256.81,2023-05-14 20:16:22
MXP,Cluj,Roménia,2023,12,181.49,181.49,181.49,2023-05-14 20:16:22
MXP,Paleochori,Grécia,2023,6,181.57,402.6757777777778,342.25,2023-05-14 20:16:22
MXP,Hanover,Alemanha,2023,5,181.68,223.04455128205126,197.915,2023-05-14 20:16:22
MXP,Milltown (Kerry),Irlanda,2023,5,181.74,182.019,182.01,2023-05-14 20:16:22
MXP,Dalaman,Turquia,2023,7,181.96,318.7193103448276,236.96,2023-05-14 20:16:22
MXP,Régio da Calábria,Itália,2023,2,181.97,265.3992592592592,261.17,2023-05-14 20:16:22
MXP,Bournemouth,Reino Unido,2023,4,182.01,243.90153846153845,220.56,2023-05-14 20:16:22
MXP,Lublin,Polónia,2023,10,182.04,182.66222222222223,182.63,2023-05-14 20:16:22
MXP,Inverness,Reino Unido,2023,9,182.27,228.175,226.29,2023-05-14 20:16:22
MXP,Billund,Dinamarca,2024,1,182.36,182.385,182.385,2023-05-14 20:16:22
MXP,Lodz,Polónia,2023,6,182.47,226.6405882352941,222.725,2023-05-14 20:16:22
MXP,Roterdão,Holanda,2023,3,182.48,370.1961946902655,362.03,2023-05-14 20:16:22
MXP,Cairo,Egito,2023,11,182.58,241.20941176470592,256.05,2023-05-14 20:16:22
MXP,Belfast,Reino Unido,2023,2,182.58,303.828,363.02,2023-05-14 20:16:22
MXP,Varna,Bulgária,2023,8,183.01,283.54169811320753,261.42,2023-05-14 20:16:22
MXP,Antália,Turquia,2023,2,183.01,247.04384615384618,247.58,2023-05-14 20:16:22
MXP,Ioánnina,Grécia,2023,2,183.03,196.1846153846154,206.58,2023-05-14 20:16:22
MXP,Basileia,Suíça,2023,9,183.05,202.63400000000001,183.42,2023-05-14 20:16:22
MXP,Varna,Bulgária,2023,7,183.25,314.64060606060605,352.91,2023-05-14 20:16:22
MXP,Stavanger,Noruega,2024,1,183.27,183.27,183.27,2023-05-14 20:16:22
MXP,Porto Santo,Portugal,2023,5,183.37,402.05467741935485,288.74,2023-05-14 20:16:22
MXP,Figari,França,2023,7,183.41,288.57524590163933,287.74,2023-05-14 20:16:22
MXP,Tampere,Finlândia,2023,3,183.77,350.4817948717949,296.97,2023-05-14 20:16:22
MXP,Béziers,França,2023,5,183.84,185.60125000000002,185.86,2023-05-14 20:16:22
MXP,Timişoara,Roménia,2023,12,184.21,184.21,184.21,2023-05-14 20:16:22
MXP,Cairo,Egito,2024,2,184.24,204.92333333333332,191.02,2023-05-14 20:16:22
MXP,Burgas,Bulgária,2023,7,184.31,425.1265573770492,318.49,2023-05-14 20:16:22
MXP,Billund,Dinamarca,2023,10,184.36,204.49333333333334,185.17,2023-05-14 20:16:22
MXP,Ponta Delgada,Portugal,2023,10,184.53,231.8125,212.885,2023-05-14 20:16:22
MXP,Ioánnina,Grécia,2023,5,184.79,211.35821428571427,186.47,2023-05-14 20:16:22
MXP,Samos,Grécia,2023,6,184.87,271.58418181818183,269.78,2023-05-14 20:16:22
MXP,Linz,Áustria,2023,3,184.92,341.42083333333335,275.13,2023-05-14 20:16:22
MXP,Lodz,Polónia,2023,2,185.23,227.2475,186.19,2023-05-14 20:16:22
MXP,Corvera,Espanha,2023,2,185.33,309.5613333333333,185.73,2023-05-14 20:16:22
MXP,Frejorgues,França,2023,5,185.43,295.55573770491804,270.59,2023-05-14 20:16:22
MXP,Las Palmas,Espanha,2024,3,185.5,185.5,185.5,2023-05-14 20:16:22
MXP,Nice,França,2023,12,185.53,186.15,186.46,2023-05-14 20:16:22
MXP,Reus,Espanha,2023,10,185.62,191.3375,193.22,2023-05-14 20:16:22
MXP,Corvera,Espanha,2023,7,185.91,234.08777777777777,204.13,2023-05-14 20:16:22
MXP,Santa Cruz de la Palma,Espanha,2023,2,186.05,239.13047619047617,243.7,2023-05-14 20:16:22
MXP,Cairo,Egito,2023,9,186.11,242.83203703703705,241.015,2023-05-14 20:16:22
MXP,Quios,Grécia,2023,5,186.12,244.0275,276.13,2023-05-14 20:16:22
MXP,Lille,França,2023,7,186.12,294.5466666666667,348.56,2023-05-14 20:16:22
MXP,Esmirna,Turquia,2023,2,186.15,253.45935483870966,240.85,2023-05-14 20:16:22
MXP,Kos,Grécia,2023,3,186.19,270.3966666666667,259.42,2023-05-14 20:16:22
MXP,Cavala,Grécia,2023,6,186.22,248.64444444444447,187.04,2023-05-14 20:16:22
MXP,Ancara,Turquia,2023,10,186.44,255.66636363636363,295.24,2023-05-14 20:16:22
MXP,Vilnius,Lituânia,2023,12,186.45,186.45,186.45,2023-05-14 20:16:22
MXP,Debrecen,Hungria,2023,5,186.53,287.82864864864865,202.85,2023-05-14 20:16:22
MXP,Hanover,Alemanha,2023,6,186.85,192.73217391304348,188.78,2023-05-14 20:16:22
MXP,Ancara,Turquia,2023,9,186.99,355.075,319.91999999999996,2023-05-14 20:16:22
MXP,Alexandroupolis Dimokritos,Grécia,2023,5,187.04,223.1578125,236.43,2023-05-14 20:16:22
MXP,Argel,Argélia,2023,5,187.08,220.74733870967742,209.91,2023-05-14 20:16:22
MXP,Salzburgo,Áustria,2023,8,187.15,211.97571428571428,187.98,2023-05-14 20:16:22
MXP,Santa Cruz de la Palma,Espanha,2023,10,187.24,236.79035714285715,242.565,2023-05-14 20:16:22
MXP,Argel,Argélia,2023,6,187.34,226.03315789473686,204.11,2023-05-14 20:16:22
MXP,Bremen,Alemanha,2023,11,187.41,187.82999999999998,187.82999999999998,2023-05-14 20:16:22
MXP,Porto Santo,Portugal,2023,6,187.49,258.40361445783134,240.56,2023-05-14 20:16:22
MXP,Sitia,Grécia,2023,9,187.52,246.6895744680851,236.85,2023-05-14 20:16:22
MXP,Escópia,Macedónia do Norte,2023,8,187.63,226.02615384615385,227.69,2023-05-14 20:16:22
MXP,Rijeka,Croácia,2023,7,187.69,268.853137254902,280.37,2023-05-14 20:16:22
MXP,Aberdeen,Reino Unido,2023,11,187.71,187.72500000000002,187.72500000000002,2023-05-14 20:16:22
MXP,Sitia,Grécia,2023,3,187.71,196.8,188.43,2023-05-14 20:16:22
MXP,Paderborn,Alemanha,2023,3,187.78,461.1164864864865,528.23,2023-05-14 20:16:22
MXP,Dubai,Emirados Árabes Unidos,2023,5,187.85,273.29692810457516,273.03,2023-05-14 20:16:22
MXP,Osijek,Croácia,2023,6,188.25,223.46875,250.17,2023-05-14 20:16:22
MXP,Ajácio,França,2023,6,188.29,289.6786821705427,271.65,2023-05-14 20:16:22
MXP,Préveza,Grécia,2023,5,188.43,296.0409523809524,332.45,2023-05-14 20:16:22
MXP,Ouarzazate,Marrocos,2023,3,188.44,251.07136363636363,239.23,2023-05-14 20:16:22
MXP,Montpellier,França,2023,7,188.45,260.9804761904762,295.58,2023-05-14 20:16:22
MXP,Dubai,Emirados Árabes Unidos,2023,6,188.48,273.4566315789474,259.24,2023-05-14 20:16:22
MXP,Ocrida,Macedónia do Norte,2023,6,188.48,375.54148148148147,429.83,2023-05-14 20:16:22
MXP,Zurique,Suíça,2024,1,188.57,188.57000000000002,188.57,2023-05-14 20:16:22
MXP,Tours,França,2023,6,188.62,300.09714285714284,333.86,2023-05-14 20:16:22
MXP,Katovice,Polónia,2023,9,188.62,211.15125,211.2,2023-05-14 20:16:22
MXP,Horta,Portugal,2024,1,188.62,188.98125,188.685,2023-05-14 20:16:22
MXP,Hanover,Alemanha,2023,9,188.63,239.8622222222222,222.2,2023-05-14 20:16:22
MXP,Túnis,Tunísia,2023,11,188.87,188.87,188.87,2023-05-14 20:16:22
MXP,Parma,Itália,2023,4,188.87,189.472,189.32999999999998,2023-05-14 20:16:22
MXP,Hanover,Alemanha,2023,7,188.92,212.20499999999998,212.20499999999998,2023-05-14 20:16:22
MXP,Sitia,Grécia,2023,4,188.95,307.33702702702703,312.78,2023-05-14 20:16:22
MXP,Varna,Bulgária,2023,10,189.29,192.84676470588235,190.19,2023-05-14 20:16:22
MXP,Cardiff,Reino Unido,2023,9,189.37,231.755,229.685,2023-05-14 20:16:22
MXP,Sylt,Alemanha,2023,7,189.44,246.28603773584905,261.92,2023-05-14 20:16:22
MXP,Skellefteå,Suécia,2023,5,189.44,248.085625,190.76,2023-05-14 20:16:22
MXP,Monastir,Tunísia,2023,9,189.75,265.49454545454546,256.73,2023-05-14 20:16:22
MXP,Monastir,Tunísia,2023,3,189.82,282.9121621621622,242.91,2023-05-14 20:16:22
MXP,Tromsø,Noruega,2023,4,189.85,333.5537078651685,319.66,2023-05-14 20:16:22
MXP,Memmingen,Alemanha,2023,4,190.21,242.97163265306125,228.42,2023-05-14 20:16:22
MXP,Essaouira,Marrocos,2023,7,190.21,243.7692857142857,191.58,2023-05-14 20:16:22
MXP,Pamplona,Espanha,2023,9,190.35,278.9433333333333,289.33,2023-05-14 20:16:22
MXP,Bastia,França,2023,3,190.39,371.1990909090909,463.955,2023-05-14 20:16:22
MXP,Baku,Azerbeijão,2023,5,190.6,308.91699029126215,295.73,2023-05-14 20:16:22
MXP,Hanover,Alemanha,2023,4,190.6,244.17544715447156,214.63,2023-05-14 20:16:22
MXP,Bristol,Reino Unido,2023,12,190.6,190.70499999999998,190.6,2023-05-14 20:16:22
MXP,Trieste,Itália,2023,8,190.72,425.96500000000003,241.85,2023-05-14 20:16:22
MXP,Estrasburgo,França,2023,6,190.73,507.6174074074074,208.6,2023-05-14 20:16:22
MXP,Abu Dhabi,Emirados Árabes Unidos,2023,8,190.76,344.27888888888884,282.38,2023-05-14 20:16:22
MXP,Paderborn,Alemanha,2023,2,190.83,276.6151851851852,191.58,2023-05-14 20:16:22
MXP,Granadilla de Abona,Espanha,2023,7,190.89,284.01,284.01,2023-05-14 20:16:22
MXP,Karpathos,Grécia,2023,9,190.94,302.7685964912281,302.36,2023-05-14 20:16:22
MXP,Rennes,França,2023,7,191.02,536.7658823529412,251.44,2023-05-14 20:16:22
MXP,Bergerac,França,2023,4,191.12,440.35999999999996,191.58,2023-05-14 20:16:22
MXP,Katovice,Polónia,2023,8,191.15,231.18333333333334,246.58,2023-05-14 20:16:22
MXP,Paderborn,Alemanha,2023,5,191.2,263.2711111111111,207.54,2023-05-14 20:16:22
MXP,Rimini,Itália,2023,4,191.38,244.56,197.1,2023-05-14 20:16:22
MXP,Esmirna,Turquia,2023,10,191.45,234.35133333333334,204.59,2023-05-14 20:16:22
MXP,Salzburgo,Áustria,2023,6,191.51,256.6264444444445,202.97,2023-05-14 20:16:22
MXP,Liubliana,Eslovénia,2023,3,191.81,258.3734090909091,256.18,2023-05-14 20:16:22
MXP,Hurghada,Egito,2023,2,192.08,350.614,314.51,2023-05-14 20:16:22
MXP,Sitia,Grécia,2023,5,192.14,255.4554285714286,247.22,2023-05-14 20:16:22
MXP,Salzburgo,Áustria,2023,7,192.38,227.33466666666666,208.08,2023-05-14 20:16:22
MXP,Parikia,Grécia,2023,2,192.5,306.6111111111111,328.93,2023-05-14 20:16:22
MXP,Salzburgo,Áustria,2023,10,192.68,192.68,192.68,2023-05-14 20:16:22
MXP,Almeria,Espanha,2023,8,192.89,293.69870967741934,271.07,2023-05-14 20:16:22
MXP,Klagenfurt,Áustria,2023,7,193.2,194.253,194.245,2023-05-14 20:16:22
MXP,Estrasburgo,França,2023,2,193.27,413.7844285714286,387.985,2023-05-14 20:16:22
MXP,Saraievo,Bósnia-Herzegóvina,2023,3,193.29,243.58527777777778,225.17000000000002,2023-05-14 20:16:22
MXP,Ajácio,França,2023,4,193.44,484.46269230769235,320.01,2023-05-14 20:16:22
MXP,Montpellier,França,2023,8,193.47,193.47,193.47,2023-05-14 20:16:22
MXP,Kythira,Grécia,2023,5,193.55,252.7459523809524,257.59,2023-05-14 20:16:22
MXP,Karpathos,Grécia,2023,3,193.59,216.38727272727274,199.01,2023-05-14 20:16:22
MXP,Liubliana,Eslovénia,2023,4,193.61,222.02863636363637,197.73000000000002,2023-05-14 20:16:22
MXP,Newquay,Reino Unido,2023,9,193.82,204.480625,194.79,2023-05-14 20:16:22
MXP,Argel,Argélia,2023,10,193.96,207.4181818181818,209.71,2023-05-14 20:16:22
MXP,Nottingham,Reino Unido,2023,10,194.06,194.248,194.06,2023-05-14 20:16:22
MXP,Cairo,Egito,2024,1,194.09,230.73764705882354,226.84,2023-05-14 20:16:22
MXP,Graz,Áustria,2023,3,194.22,215.19961538461536,196.23,2023-05-14 20:16:22
MXP,Lublin,Polónia,2023,7,194.23,382.1832,239.77,2023-05-14 20:16:22
MXP,Tromsø,Noruega,2023,5,194.4,325.7056666666667,314.38,2023-05-14 20:16:22
MXP,Vilnius,Lituânia,2024,1,194.43,194.43,194.43,2023-05-14 20:16:22
MXP,Hanover,Alemanha,2023,11,194.47,194.47,194.47,2023-05-14 20:16:22
MXP,Graz,Áustria,2023,10,194.52,231.948,194.78,2023-05-14 20:16:22
MXP,Argel,Argélia,2023,9,194.63,287.89,334.135,2023-05-14 20:16:22
MXP,Southampton,Reino Unido,2023,2,194.84,367.20233333333334,279.16,2023-05-14 20:16:22
MXP,Parikia,Grécia,2023,9,194.86,283.13243902439024,281.08,2023-05-14 20:16:22
MXP,Friedrichshafen,Alemanha,2023,5,194.87,280.5541025641026,243.06,2023-05-14 20:16:22
MXP,Kosice,Eslováquia,2023,10,194.97,194.97,194.97,2023-05-14 20:16:22
MXP,Insbruque,Áustria,2023,4,195.1,271.56512820512825,218.99,2023-05-14 20:16:22
MXP,Bergen,Noruega,2023,9,195.13,209.85809523809525,210.04,2023-05-14 20:16:22
MXP,Sibiu,Roménia,2023,7,195.36,231.30375,202.48000000000002,2023-05-14 20:16:22
MXP,Insbruque,Áustria,2023,5,195.38,264.29842105263157,197.36,2023-05-14 20:16:22
MXP,Kosice,Eslováquia,2023,7,195.41,214.09230769230768,196.2,2023-05-14 20:16:22
MXP,Astúrias,Espanha,2023,11,195.43,195.4675,195.43,2023-05-14 20:16:22
MXP,Tbilisi,Geórgia,2023,9,195.72,290.882,299.32,2023-05-14 20:16:22
MXP,Insbruque,Áustria,2023,6,195.8,219.45461538461538,200.5,2023-05-14 20:16:22
MXP,Lajes,Portugal,2024,2,196.04,196.14999999999998,196.04,2023-05-14 20:16:22
MXP,Paderborn,Alemanha,2023,4,196.18,411.89941176470586,516.81,2023-05-14 20:16:22
MXP,Linz,Áustria,2023,2,196.18,462.6918518518519,251.86,2023-05-14 20:16:22
MXP,Linz,Áustria,2023,4,196.28,366.45,308.2,2023-05-14 20:16:22
MXP,Tbilisi,Geórgia,2023,3,196.33,302.47688524590166,269.29,2023-05-14 20:16:22
MXP,Ioánnina,Grécia,2023,6,196.34,286.66037037037034,282.83,2023-05-14 20:16:22
MXP,Linz,Áustria,2023,9,196.45,202.03181818181818,196.53,2023-05-14 20:16:22
MXP,Nova Iorque,Estados Unidos,2023,7,196.45,196.49,196.49,2023-05-14 20:16:22
MXP,Paderborn,Alemanha,2023,7,196.47,268.14230769230767,297.82,2023-05-14 20:16:22
MXP,Bergen,Noruega,2023,8,196.56,304.97172413793106,261.08,2023-05-14 20:16:22
MXP,San Sebastián de la Gomera,Espanha,2023,2,196.8,342.06117647058824,297.08,2023-05-14 20:16:22
MXP,Porto Santo,Portugal,2023,9,196.8,286.51155555555556,283.59,2023-05-14 20:16:22
MXP,Linz,Áustria,2023,5,196.82,348.74375000000003,308.82,2023-05-14 20:16:22
MXP,Linz,Áustria,2023,6,196.86,273.42347826086956,216.32,2023-05-14 20:16:22
MXP,Paleochori,Grécia,2023,3,196.92,208.54857142857142,198.74,2023-05-14 20:16:22
MXP,Brest,França,2023,10,197.06,213.32545454545453,197.47,2023-05-14 20:16:22
MXP,Salzburgo,Áustria,2023,12,197.09,197.205,197.13,2023-05-14 20:16:22
MXP,Biarritz,França,2023,2,197.26,323.3336842105263,285.13,2023-05-14 20:16:22
MXP,Antália,Turquia,2023,1,197.34,209.50875000000002,211.065,2023-05-14 20:16:22
MXP,Beirute,Líbano,2023,6,197.36,302.0118699186992,305.73,2023-05-14 20:16:22
MXP,Cairo,Egito,2023,3,197.39,278.61907692307693,273.0,2023-05-14 20:16:22
MXP,Lajes,Portugal,2023,11,197.55,202.91,205.5,2023-05-14 20:16:22
MXP,Cardiff,Reino Unido,2023,11,197.59,197.59,197.59,2023-05-14 20:16:22
MXP,Linz,Áustria,2023,10,197.63,198.93,199.78500000000003,2023-05-14 20:16:22
MXP,Insbruque,Áustria,2023,9,197.71,198.325,198.325,2023-05-14 20:16:22
MXP,Limoges,França,2023,8,197.82,198.97727272727272,199.16,2023-05-14 20:16:22
MXP,Toulon,França,2023,3,197.83,198.49375,198.41000000000003,2023-05-14 20:16:22
MXP,Alexandria,Egito,2023,10,197.94,214.1307692307692,200.81,2023-05-14 20:16:22
MXP,Roterdão,Holanda,2023,10,197.99,309.29,319.03,2023-05-14 20:16:22
MXP,Poznań,Polónia,2023,8,198.07,202.5,199.03,2023-05-14 20:16:22
MXP,Newquay,Reino Unido,2023,8,198.09,264.40714285714284,264.26,2023-05-14 20:16:22
MXP,Esmirna,Turquia,2023,4,198.26,323.9060784313725,285.29,2023-05-14 20:16:22
MXP,Graz,Áustria,2023,4,198.33,229.08970588235294,208.32,2023-05-14 20:16:22
MXP,Insbruque,Áustria,2023,12,198.34,198.34,198.34,2023-05-14 20:16:22
MXP,Pristina,Kosovo,2023,8,198.36,235.38,218.38,2023-05-14 20:16:22
MXP,Graz,Áustria,2023,5,198.44,234.5070588235294,225.42000000000002,2023-05-14 20:16:22
MXP,Horta,Portugal,2023,11,198.45,280.848,250.70499999999998,2023-05-14 20:16:22
MXP,Estrasburgo,França,2023,1,198.51,332.55285714285714,258.81,2023-05-14 20:16:22
MXP,Insbruque,Áustria,2024,1,198.51,198.86625,198.73,2023-05-14 20:16:22
MXP,Ostrava,República Checa,2023,6,198.56,205.04666666666665,199.24,2023-05-14 20:16:22
MXP,Antália,Turquia,2023,4,198.67,298.09268656716415,259.37,2023-05-14 20:16:22
MXP,Dalaman,Turquia,2023,2,198.73,228.17399999999998,198.73,2023-05-14 20:16:22
MXP,Argel,Argélia,2023,2,198.74,277.5695652173913,235.79,2023-05-14 20:16:22
MXP,Trondheim,Noruega,2023,5,198.95,288.71535714285716,291.69,2023-05-14 20:16:22
MXP,Insbruque,Áustria,2023,8,199.25,204.67388888888888,200.25,2023-05-14 20:16:22
MXP,Stavanger,Noruega,2023,8,199.47,319.01214285714286,314.795,2023-05-14 20:16:22
MXP,Kiruna,Suécia,2023,10,199.56,291.35657142857144,312.22,2023-05-14 20:16:22
MXP,Frejorgues,França,2023,6,199.64,219.79,199.64,2023-05-14 20:16:22
MXP,Banja Luka,Bósnia-Herzegóvina,2023,2,199.66,255.9909090909091,286.81,2023-05-14 20:16:22
MXP,Cavala,Grécia,2023,3,199.66,217.63105263157894,212.96,2023-05-14 20:16:22
MXP,Naxos,Grécia,2023,5,199.79,334.7082539682539,331.02,2023-05-14 20:16:22
MXP,Aberdeen,Reino Unido,2023,7,199.9,292.7853333333333,295.92,2023-05-14 20:16:22
MXP,Graz,Áustria,2023,8,199.98,213.3267857142857,202.64,2023-05-14 20:16:22
MXP,Szczecin,Polónia,2023,7,200.07,200.115,200.115,2023-05-14 20:16:22
MXP,Gizé,Egito,2023,7,200.07,287.506,345.64,2023-05-14 20:16:22
MXP,Ancona,Itália,2023,4,200.39,468.08160000000004,403.59000000000003,2023-05-14 20:16:22
MXP,Graz,Áustria,2023,2,200.79,200.79500000000002,200.79500000000002,2023-05-14 20:16:22
MXP,Banja Luka,Bósnia-Herzegóvina,2023,4,200.83,302.2492682926829,284.15,2023-05-14 20:16:22
MXP,Graz,Áustria,2023,9,200.9,209.58363636363637,210.46,2023-05-14 20:16:22
MXP,Gotemburgo,Suécia,2023,10,201.03,201.03,201.03,2023-05-14 20:16:22
MXP,Pamplona,Espanha,2023,4,201.07,389.8062962962963,258.85,2023-05-14 20:16:22
MXP,Graz,Áustria,2023,7,201.18,377.55499999999995,389.25,2023-05-14 20:16:22
MXP,Turku,Finlândia,2023,6,201.18,345.52485294117645,249.995,2023-05-14 20:16:22
MXP,Bastia,França,2023,4,201.32,297.1340816326531,301.06,2023-05-14 20:16:22
MXP,Oradea,Roménia,2023,6,201.32,450.34153846153845,541.43,2023-05-14 20:16:22
MXP,Malmo,Suécia,2023,4,201.35,266.97549019607845,244.74,2023-05-14 20:16:22
MXP,Esmirna,Turquia,2023,9,201.36,239.23764705882354,225.42,2023-05-14 20:16:22
MXP,Aberdeen,Reino Unido,2023,9,201.41,201.725,201.725,2023-05-14 20:16:22
MXP,Porto Santo,Portugal,2023,7,201.49,310.99291666666664,308.91,2023-05-14 20:16:22
MXP,Oran,Argélia,2023,4,201.52,430.65500000000003,444.73,2023-05-14 20:16:22
MXP,Tuzla,Bósnia-Herzegóvina,2023,7,202.0,232.78040000000001,251.71,2023-05-14 20:16:22
MXP,Cavala,Grécia,2023,9,202.05,380.6010344827586,348.72,2023-05-14 20:16:22
MXP,Kristiansand,Noruega,2023,3,202.05,340.8417142857143,216.24,2023-05-14 20:16:22
MXP,Ostrava,República Checa,2023,5,202.09,202.3418181818182,202.28,2023-05-14 20:16:22
MXP,Belfast,Reino Unido,2023,8,202.76,362.7501538461538,238.85,2023-05-14 20:16:22
MXP,Almeria,Espanha,2023,3,202.86,225.2111111111111,203.14,2023-05-14 20:16:22
MXP,Helsínquia,Finlândia,2023,7,202.98,363.35571428571427,213.85,2023-05-14 20:16:22
MXP,Essaouira,Marrocos,2023,6,203.2,302.8120754716981,265.72,2023-05-14 20:16:22
MXP,Plovdiv,Bulgária,2023,2,203.26,240.4125,203.33,2023-05-14 20:16:22
MXP,Craiova,Roménia,2023,6,203.3,248.41793103448276,218.41,2023-05-14 20:16:22
MXP,Montpellier,França,2023,6,203.43,215.14454545454547,203.49,2023-05-14 20:16:22
MXP,Karpathos,Grécia,2023,7,203.52,342.11850574712645,365.48,2023-05-14 20:16:22
MXP,Biarritz,França,2023,8,203.52,230.2037777777778,222.74,2023-05-14 20:16:22
MXP,Donegal,Irlanda,2023,4,203.53,203.85000000000002,203.98,2023-05-14 20:16:22
MXP,Essaouira,Marrocos,2023,5,203.54,293.816,258.725,2023-05-14 20:16:22
MXP,Santa Cruz de la Palma,Espanha,2023,6,203.68,285.81545454545454,286.55,2023-05-14 20:16:22
MXP,Ancara,Turquia,2023,5,203.68,271.3328169014085,272.51,2023-05-14 20:16:22
MXP,Suceava,Roménia,2023,4,203.98,348.94878787878787,327.23,2023-05-14 20:16:22
MXP,Nis,Sérvia,2023,7,204.18,204.18,204.18,2023-05-14 20:16:22
MXP,Inverness,Reino Unido,2023,2,204.26,204.26,204.26,2023-05-14 20:16:22
MXP,Agios Kirykos,Grécia,2023,9,204.61,241.42166666666668,207.14,2023-05-14 20:16:22
MXP,Nottingham,Reino Unido,2023,7,204.63,1084.3466666666668,324.66,2023-05-14 20:16:22
MXP,Corfú,Grécia,2023,4,205.17,244.24666666666667,245.25,2023-05-14 20:16:22
MXP,Samos,Grécia,2023,3,205.4,324.98347826086956,332.93,2023-05-14 20:16:22
MXP,Parikia,Grécia,2023,5,205.53,280.2815625,286.845,2023-05-14 20:16:22
MXP,Baku,Azerbeijão,2023,6,205.54,345.77833333333336,333.14,2023-05-14 20:16:22
MXP,Dortmund,Alemanha,2023,9,205.9,206.64499999999998,206.64499999999998,2023-05-14 20:16:22
MXP,Bergen,Noruega,2023,12,206.02,223.16375,231.14,2023-05-14 20:16:22
MXP,Hanover,Alemanha,2023,8,206.03,335.72749999999996,360.89,2023-05-14 20:16:22
MXP,Houmt Souk,Tunísia,2023,10,206.04,226.69875,220.59,2023-05-14 20:16:22
MXP,Tetuão,Marrocos,2023,8,206.16,689.5425806451613,792.26,2023-05-14 20:16:22
MXP,Szymany,Polónia,2023,4,206.3,230.12058823529412,206.8,2023-05-14 20:16:22
MXP,Cardiff,Reino Unido,2023,2,206.33,327.515,334.4,2023-05-14 20:16:22
MXP,Régio da Calábria,Itália,2023,6,206.33,514.506847826087,592.48,2023-05-14 20:16:22
MXP,Kythira,Grécia,2023,6,206.52,286.81948275862067,231.31,2023-05-14 20:16:22
MXP,Lublin,Polónia,2023,8,206.7,252.546,207.4,2023-05-14 20:16:22
MXP,Liverpool,Reino Unido,2023,11,206.76,206.76,206.76,2023-05-14 20:16:22
MXP,Skýros,Grécia,2023,5,206.78,218.95116279069768,220.13,2023-05-14 20:16:22
MXP,Kutaisi,Geórgia,2023,10,206.8,244.54166666666666,206.8,2023-05-14 20:16:22
MXP,Kristiansand,Noruega,2023,10,206.86,207.90363636363637,208.13,2023-05-14 20:16:22
MXP,Hurghada,Egito,2023,7,206.88,362.55125,364.18,2023-05-14 20:16:22
MXP,Város,Grécia,2023,9,207.12,237.80900000000003,261.48,2023-05-14 20:16:22
MXP,Brest,França,2023,4,207.14,395.96364864864864,399.485,2023-05-14 20:16:22
MXP,Baku,Azerbeijão,2023,3,207.21,425.40060606060604,381.65,2023-05-14 20:16:22
MXP,Sibiu,Roménia,2023,8,207.35,310.059,324.64,2023-05-14 20:16:22
MXP,La Rochelle,França,2023,4,207.53,323.6482352941177,337.36,2023-05-14 20:16:22
MXP,Cardiff,Reino Unido,2023,4,207.58,449.3680263157895,420.51,2023-05-14 20:16:22
MXP,Frejorgues,França,2023,9,207.66,208.38571428571427,208.67,2023-05-14 20:16:22
MXP,Lajes,Portugal,2023,7,207.86,277.2518181818182,316.25,2023-05-14 20:16:22
MXP,Naxos,Grécia,2023,3,208.43,333.9073913043478,301.68,2023-05-14 20:16:22
MXP,Biarritz,França,2023,7,208.46,237.22705882352943,209.55,2023-05-14 20:16:22
MXP,Pafos,Chipre,2023,8,208.77,307.47464285714284,301.5,2023-05-14 20:16:22
MXP,Béziers,França,2023,4,209.37,210.19000000000003,210.59,2023-05-14 20:16:22
MXP,Pula,Croácia,2023,10,209.62,268.74,317.76,2023-05-14 20:16:22
MXP,Liubliana,Eslovénia,2023,11,209.66,209.96666666666667,210.12,2023-05-14 20:16:22
MXP,Beirute,Líbano,2023,9,209.67,267.5918181818182,290.38,2023-05-14 20:16:22
MXP,Ilha do Pico,Portugal,2023,2,209.79,273.21722222222223,211.54000000000002,2023-05-14 20:16:22
MXP,Beirute,Líbano,2023,5,210.02,320.60111111111115,304.82,2023-05-14 20:16:22
MXP,Skýros,Grécia,2023,9,210.1,271.24095238095236,325.9,2023-05-14 20:16:22
MXP,Beirute,Líbano,2023,3,210.22,304.3517647058823,297.17,2023-05-14 20:16:22
MXP,Sibiu,Roménia,2023,6,210.26,235.9988888888889,229.48,2023-05-14 20:16:22
MXP,Southampton,Reino Unido,2023,3,210.42,403.8721875,284.895,2023-05-14 20:16:22
MXP,Marsa Alam,Egito,2023,7,210.55,280.44,265.43,2023-05-14 20:16:22
MXP,Dubai,Emirados Árabes Unidos,2023,4,210.55,340.8129166666667,325.745,2023-05-14 20:16:22
MXP,Ålesund,Noruega,2023,4,210.6,226.882,225.39,2023-05-14 20:16:22
MXP,Hurghada,Egito,2023,5,210.83,292.0357142857143,281.01,2023-05-14 20:16:22
MXP,Rijeka,Croácia,2023,5,211.47,317.92775510204086,262.16,2023-05-14 20:16:22
MXP,Esmirna,Turquia,2023,6,211.5,274.4572277227723,258.53,2023-05-14 20:16:22
MXP,Houmt Souk,Tunísia,2023,9,211.57,311.74042553191487,266.27,2023-05-14 20:16:22
MXP,Medina,Arábia Saudita,2023,5,211.64,350.1835294117647,318.515,2023-05-14 20:16:22
MXP,Dammam,Arábia Saudita,2023,4,211.74,415.58480769230766,353.75,2023-05-14 20:16:22
MXP,Saraievo,Bósnia-Herzegóvina,2023,4,211.84,267.8275,269.59000000000003,2023-05-14 20:16:22
MXP,Roterdão,Holanda,2023,2,211.84,289.2475,277.15,2023-05-14 20:16:22
MXP,Saragoça,Espanha,2023,9,212.0,270.636,229.1,2023-05-14 20:16:22
MXP,Mitilene,Grécia,2023,5,212.07,276.3909375,235.29,2023-05-14 20:16:22
MXP,Kythira,Grécia,2023,9,212.1,277.97923076923075,266.92,2023-05-14 20:16:22
MXP,Szczecin,Polónia,2023,4,212.16,260.88310344827585,246.59,2023-05-14 20:16:22
MXP,Tbilisi,Geórgia,2024,1,212.29,271.6275,231.4,2023-05-14 20:16:22
MXP,Brest,França,2023,6,212.35,293.4067924528302,273.68,2023-05-14 20:16:22
MXP,Pamplona,Espanha,2023,5,212.35,383.88433333333336,318.96500000000003,2023-05-14 20:16:22
MXP,Brest,França,2023,8,212.42,323.97352941176473,339.97,2023-05-14 20:16:22
MXP,Kuwait,Koweit,2023,3,212.53,554.3750877192982,454.97,2023-05-14 20:16:22
MXP,Valladolid,Espanha,2023,6,212.6,274.1280952380952,328.48,2023-05-14 20:16:22
MXP,Horta,Portugal,2023,10,212.63,247.98566666666665,228.49,2023-05-14 20:16:22
MXP,Knock,Irlanda,2023,2,212.74,271.4,277.49,2023-05-14 20:16:22
MXP,Régio da Calábria,Itália,2023,5,212.83,861.5227358490566,561.56,2023-05-14 20:16:22
MXP,São Sebastião,Espanha,2023,8,213.1,238.02755102040817,227.03,2023-05-14 20:16:22
MXP,Roterdão,Holanda,2023,6,213.1,295.88779999999997,280.45,2023-05-14 20:16:22
MXP,Toulon,França,2023,6,213.25,227.43882352941176,214.88,2023-05-14 20:16:22
MXP,Samos,Grécia,2023,1,213.31,213.79999999999998,213.31,2023-05-14 20:16:22
MXP,Salzburgo,Áustria,2023,11,213.38,213.38,213.38,2023-05-14 20:16:22
MXP,Târgu Mureş,Roménia,2023,5,213.54,213.54,213.54,2023-05-14 20:16:22
MXP,Nador,Marrocos,2023,6,213.74,214.391,214.44,2023-05-14 20:16:22
MXP,Hurghada,Egito,2023,6,213.98,317.62291666666664,311.405,2023-05-14 20:16:22
MXP,Houmt Souk,Tunísia,2023,3,214.02,323.9464516129032,299.21500000000003,2023-05-14 20:16:22
MXP,Quichinau,Moldávia,2024,1,214.09,214.09,214.09,2023-05-14 20:16:22
MXP,Lille,França,2023,4,214.15,284.2590909090909,273.03499999999997,2023-05-14 20:16:22
MXP,Agios Kirykos,Grécia,2023,7,214.78,330.55966666666666,335.06,2023-05-14 20:16:22
MXP,Nis,Sérvia,2023,9,214.9,237.31615384615387,215.34,2023-05-14 20:16:22
MXP,Târgu Mureş,Roménia,2023,4,214.96,325.55526315789473,276.51,2023-05-14 20:16:22
MXP,Skýros,Grécia,2023,6,214.97,260.8344827586207,249.43,2023-05-14 20:16:22
MXP,Bastia,França,2023,6,215.07,298.5635,287.065,2023-05-14 20:16:22
MXP,Pau,França,2023,3,215.1,290.8794202898551,280.04,2023-05-14 20:16:22
MXP,Tbilisi,Geórgia,2023,12,215.1,257.11400000000003,280.24,2023-05-14 20:16:22
MXP,Turku,Finlândia,2023,3,215.26,368.3904347826087,345.7,2023-05-14 20:16:22
MXP,Salzburgo,Áustria,2023,1,215.61,215.86,215.86,2023-05-14 20:16:22
MXP,Dortmund,Alemanha,2023,7,215.84,232.47333333333336,217.54,2023-05-14 20:16:22
MXP,Figari,França,2023,9,216.01,275.9157142857143,278.76,2023-05-14 20:16:22
MXP,Ostrava,República Checa,2023,9,216.04,216.09571428571425,216.04,2023-05-14 20:16:22
MXP,Samos,Grécia,2023,9,216.21,259.0646428571428,254.41,2023-05-14 20:16:22
MXP,Ajácio,França,2023,9,216.52,267.78,267.86,2023-05-14 20:16:22
MXP,Pau,França,2023,4,216.56,462.322375,321.2,2023-05-14 20:16:22
MXP,Hurghada,Egito,2023,4,216.57,393.3601886792453,350.35,2023-05-14 20:16:22
MXP,Perpinhã,França,2023,6,216.57,285.13533333333334,325.655,2023-05-14 20:16:22
MXP,Dammam,Arábia Saudita,2023,11,216.57,216.57,216.57,2023-05-14 20:16:22
MXP,Pau,França,2023,2,216.61,287.9262068965517,257.62,2023-05-14 20:16:22
MXP,Bastia,França,2023,9,216.93,319.48499999999996,304.18,2023-05-14 20:16:22
MXP,Klagenfurt,Áustria,2023,4,216.94,238.8923076923077,216.97,2023-05-14 20:16:22
MXP,Alexandroupolis Dimokritos,Grécia,2023,7,217.11,218.6118181818182,218.64,2023-05-14 20:16:22
MXP,Bodrum,Turquia,2023,6,217.21,317.2084426229508,300.14,2023-05-14 20:16:22
MXP,Bergen,Noruega,2024,1,217.31,217.31,217.31,2023-05-14 20:16:22
MXP,Erevã,Arménia,2023,10,217.7,317.32375,218.16,2023-05-14 20:16:22
MXP,Salzburgo,Áustria,2023,9,217.94,222.8738888888889,225.25,2023-05-14 20:16:22
MXP,Ioánnina,Grécia,2023,3,218.08,246.3083333333333,260.16499999999996,2023-05-14 20:16:22
MXP,Rovaniemi,Finlândia,2023,10,218.29,289.4096296296296,257.91,2023-05-14 20:16:22
MXP,Figari,França,2023,4,218.31,326.16564102564104,277.3,2023-05-14 20:16:22
MXP,Valladolid,Espanha,2023,2,218.36,257.79954545454547,257.58,2023-05-14 20:16:22
MXP,Quios,Grécia,2023,6,218.38,257.6356818181818,240.35,2023-05-14 20:16:22
MXP,Gizé,Egito,2023,6,218.45,406.55595238095236,359.695,2023-05-14 20:16:22
MXP,Condado de Derry,Reino Unido,2023,7,218.45,430.84875,556.28,2023-05-14 20:16:22
MXP,Condado de Derry,Reino Unido,2023,6,218.54,388.90705882352944,219.63,2023-05-14 20:16:22
MXP,Plovdiv,Bulgária,2023,5,218.73,253.05407407407407,258.77,2023-05-14 20:16:22
MXP,Münster,Alemanha,2023,4,218.81,267.01136986301367,232.49,2023-05-14 20:16:22
MXP,Nis,Sérvia,2023,1,219.28,236.39666666666668,219.37,2023-05-14 20:16:22
MXP,Tbilisi,Geórgia,2023,2,219.37,319.3856,290.87,2023-05-14 20:16:22
MXP,Craiova,Roménia,2023,7,219.61,250.64499999999998,219.975,2023-05-14 20:16:22
MXP,Ponta Delgada,Portugal,2023,12,219.63,242.356,257.1,2023-05-14 20:16:22
MXP,Medina,Arábia Saudita,2023,6,219.64,702.4191999999999,839.13,2023-05-14 20:16:22
MXP,Parthéni,Grécia,2023,2,219.65,219.901,219.935,2023-05-14 20:16:22
MXP,Brest,França,2023,5,219.74,334.3593421052632,323.67,2023-05-14 20:16:22
MXP,Beirute,Líbano,2023,12,219.93,260.17857142857144,220.38,2023-05-14 20:16:22
MXP,Frankfurt,Alemanha,2023,9,220.26,220.26,220.26,2023-05-14 20:16:22
MXP,Porto Santo,Portugal,2023,8,220.29,457.4588888888889,471.05,2023-05-14 20:16:22
MXP,Bastia,França,2023,7,220.41,320.6847368421052,271.21,2023-05-14 20:16:22
MXP,Leipzig,Alemanha,2023,2,220.47,260.99266666666665,239.45499999999998,2023-05-14 20:16:22
MXP,Beirute,Líbano,2023,10,220.54,250.55454545454543,246.195,2023-05-14 20:16:22
MXP,Samos,Grécia,2023,7,220.63,321.916129032258,298.45,2023-05-14 20:16:22
MXP,Corfú,Grécia,2023,3,220.88,286.15,263.615,2023-05-14 20:16:22
MXP,Régio da Calábria,Itália,2023,4,220.88,541.0022352941177,451.13,2023-05-14 20:16:22
MXP,Oujda,Marrocos,2023,6,220.89,335.8925,334.42,2023-05-14 20:16:22
MXP,Medina,Arábia Saudita,2023,3,220.9,506.14628205128207,516.89,2023-05-14 20:16:22
MXP,Bratislava,Eslováquia,2023,7,220.97,713.4024999999999,713.405,2023-05-14 20:16:22
MXP,Mitilene,Grécia,2023,7,220.97,270.032,270.52,2023-05-14 20:16:22
MXP,Rzeszów,Polónia,2023,4,220.98,289.9845762711864,290.54,2023-05-14 20:16:22
MXP,Aberdeen,Reino Unido,2023,8,221.05,355.23058823529414,246.96,2023-05-14 20:16:22
MXP,Bastia,França,2023,8,221.09,369.4957142857143,332.65,2023-05-14 20:16:22
MXP,Argostoli,Grécia,2023,2,221.11,221.11,221.11,2023-05-14 20:16:22
MXP,Abha,Arábia Saudita,2023,6,221.11,289.7590909090909,345.79999999999995,2023-05-14 20:16:22
MXP,Alexandroupolis Dimokritos,Grécia,2023,8,221.12,258.56333333333333,222.61,2023-05-14 20:16:22
MXP,Tromsø,Noruega,2023,9,221.28,287.2072727272727,278.75,2023-05-14 20:16:22
MXP,Sitia,Grécia,2023,8,221.45,341.24392857142857,345.11,2023-05-14 20:16:22
MXP,Münster,Alemanha,2023,2,221.49,515.9491304347827,598.19,2023-05-14 20:16:22
MXP,Ajácio,França,2023,7,221.54,309.57107692307693,282.03,2023-05-14 20:16:22
MXP,Cairo,Egito,2023,10,222.15,254.3263043478261,255.485,2023-05-14 20:16:22
MXP,Tours,França,2023,7,222.34,242.3642857142857,251.015,2023-05-14 20:16:22
MXP,Münster,Alemanha,2023,7,222.4,245.72944444444445,223.555,2023-05-14 20:16:22
MXP,Trondheim,Noruega,2023,6,222.51,358.48880597014926,288.42,2023-05-14 20:16:22
MXP,Dubrovnik,Croácia,2023,2,222.58,354.17214285714283,351.805,2023-05-14 20:16:22
MXP,Milltown (Kerry),Irlanda,2023,6,222.85,223.01555555555555,222.86,2023-05-14 20:16:22
MXP,Graz,Áustria,2023,11,223.08,224.04181818181817,224.16,2023-05-14 20:16:22
MXP,Rovaniemi,Finlândia,2023,11,223.21,292.42828125,255.355,2023-05-14 20:16:22
MXP,Kalmar,Suécia,2023,8,223.33,280.4422222222222,322.83,2023-05-14 20:16:22
MXP,Poitiers,França,2023,7,223.38,224.01500000000001,224.1,2023-05-14 20:16:22
MXP,Parikia,Grécia,2023,10,223.43,243.38296296296298,235.82,2023-05-14 20:16:22
MXP,Bodrum,Turquia,2023,10,223.64,269.3075,294.38,2023-05-14 20:16:22
MXP,Gibraltar,Gibraltar,2023,12,223.82,224.89454545454547,225.26,2023-05-14 20:16:22
MXP,Dalaman,Turquia,2023,3,223.83,287.21923076923076,292.44,2023-05-14 20:16:22
MXP,Kuwait,Koweit,2023,6,224.16,344.1534482758621,426.47,2023-05-14 20:16:22
MXP,Samos,Grécia,2023,2,224.25,234.234,234.17,2023-05-14 20:16:22
MXP,Ålesund,Noruega,2023,5,224.57,293.840625,235.21,2023-05-14 20:16:22
MXP,Tetuão,Marrocos,2023,7,224.73,724.0481818181819,225.1,2023-05-14 20:16:22
MXP,Pau,França,2023,5,224.74,342.9502,315.6,2023-05-14 20:16:22
MXP,Tromsø,Noruega,2023,10,224.78,274.1630555555555,261.14,2023-05-14 20:16:22
MXP,Saraievo,Bósnia-Herzegóvina,2023,11,224.9,225.14666666666665,225.1,2023-05-14 20:16:22
MXP,Paderborn,Alemanha,2023,8,224.95,225.10777777777776,225.17,2023-05-14 20:16:22
MXP,Bodrum,Turquia,2023,4,224.95,305.784,314.42,2023-05-14 20:16:22
MXP,Város,Grécia,2023,5,224.98,287.1578260869565,286.62,2023-05-14 20:16:22
MXP,Luleå,Suécia,2023,6,224.99,245.465,225.78,2023-05-14 20:16:22
MXP,Agios Kirykos,Grécia,2023,6,225.16,302.86953846153847,287.76,2023-05-14 20:16:22
MXP,La Rochelle,França,2023,7,225.22,225.863,225.95,2023-05-14 20:16:22
MXP,Bolonha,Itália,2023,10,225.39,240.255,240.255,2023-05-14 20:16:22
MXP,Monastir,Tunísia,2023,6,225.51,376.7314285714285,273.54,2023-05-14 20:16:22
MXP,Aalborg,Dinamarca,2023,9,225.7,225.855,225.745,2023-05-14 20:16:22
MXP,Skýros,Grécia,2023,8,225.73,395.8373809523809,400.99,2023-05-14 20:16:22
MXP,Alexandroupolis Dimokritos,Grécia,2023,6,225.78,250.86625,258.04499999999996,2023-05-14 20:16:22
MXP,Parthéni,Grécia,2023,9,225.81,335.55888888888893,404.66,2023-05-14 20:16:22
MXP,Montpellier,França,2023,4,225.98,293.8209722222222,275.19,2023-05-14 20:16:22
MXP,Tromsø,Noruega,2024,1,226.03,301.518,314.89,2023-05-14 20:16:22
MXP,Dresden,Alemanha,2023,9,226.12,253.23333333333335,266.79,2023-05-14 20:16:22
MXP,Maastricht,Holanda,2023,3,226.14,242.79142857142855,235.42000000000002,2023-05-14 20:16:22
MXP,Southampton,Reino Unido,2023,5,226.26,657.2330985915494,570.14,2023-05-14 20:16:22
MXP,Préveza,Grécia,2023,9,226.42,379.76478260869567,407.38,2023-05-14 20:16:22
MXP,Esmirna,Turquia,2023,1,226.58,229.345,230.26,2023-05-14 20:16:22
MXP,Jerez de la Frontera,Espanha,2023,8,226.69,288.4709090909091,265.36,2023-05-14 20:16:22
MXP,Esmirna,Turquia,2023,3,226.74,309.9135714285714,311.09000000000003,2023-05-14 20:16:22
MXP,Parikia,Grécia,2023,7,226.74,376.7579268292683,371.14,2023-05-14 20:16:22
MXP,Tbilisi,Geórgia,2023,4,226.91,454.6583076923077,353.57,2023-05-14 20:16:22
MXP,Calvi,França,2023,9,227.04,246.17526315789473,229.1,2023-05-14 20:16:22
MXP,Pamplona,Espanha,2023,2,227.15,227.15,227.15,2023-05-14 20:16:22
MXP,Figari,França,2023,5,227.23,314.3422448979592,283.16,2023-05-14 20:16:22
MXP,Horta,Portugal,2023,3,227.26,332.156,274.0,2023-05-14 20:16:22
MXP,Münster,Alemanha,2023,3,227.36,297.4654545454545,227.61,2023-05-14 20:16:22
MXP,Belfast,Reino Unido,2023,12,227.39,227.39499999999998,227.39499999999998,2023-05-14 20:16:22
MXP,Éilat,Israel,2023,5,227.65,303.5282608695652,274.79,2023-05-14 20:16:22
MXP,Glasgow,Reino Unido,2023,12,227.91,229.37,230.1,2023-05-14 20:16:22
MXP,Klagenfurt,Áustria,2023,6,228.38,229.3088888888889,228.86,2023-05-14 20:16:22
MXP,Ponta Delgada,Portugal,2023,8,228.4,396.47333333333336,331.70500000000004,2023-05-14 20:16:22
MXP,Cairo,Egito,2023,4,228.42,302.6439130434782,275.78,2023-05-14 20:16:22
MXP,Cardiff,Reino Unido,2023,10,228.42,228.42,228.42,2023-05-14 20:16:22
MXP,Oradea,Roménia,2023,5,228.61,461.0018055555555,319.03499999999997,2023-05-14 20:16:22
MXP,Kutaisi,Geórgia,2023,9,228.9,306.28000000000003,306.28000000000003,2023-05-14 20:16:22
MXP,Quios,Grécia,2023,8,228.99,446.36951612903226,412.59,2023-05-14 20:16:22
MXP,Naxos,Grécia,2023,11,229.04,229.27499999999998,229.27499999999998,2023-05-14 20:16:22
MXP,Pau,França,2023,8,229.11,333.37703703703704,303.18,2023-05-14 20:16:22
MXP,Dalaman,Turquia,2023,5,229.16,300.19588235294117,298.11,2023-05-14 20:16:22
MXP,Gaziantep,Turquia,2023,2,229.34,326.4111627906977,266.63,2023-05-14 20:16:22
MXP,Split,Croácia,2023,11,229.51,258.91499999999996,258.91499999999996,2023-05-14 20:16:22
MXP,Dalaman,Turquia,2023,4,229.53,380.93421875,314.59,2023-05-14 20:16:22
MXP,Dresden,Alemanha,2023,7,229.53,247.308,239.81,2023-05-14 20:16:22
MXP,Narvik,Noruega,2023,4,229.53,384.96788235294116,446.46,2023-05-14 20:16:22
MXP,Antália,Turquia,2023,10,229.73,291.90636363636366,314.73,2023-05-14 20:16:22
MXP,Város,Grécia,2023,6,229.73,258.30785714285713,267.85,2023-05-14 20:16:22
MXP,Ioánnina,Grécia,2023,10,229.94,236.87,230.02,2023-05-14 20:16:22
MXP,Roterdão,Holanda,2023,4,229.98,375.39292682926833,342.33,2023-05-14 20:16:22
MXP,Condado de Derry,Reino Unido,2023,5,230.1,314.3159090909091,314.365,2023-05-14 20:16:22
MXP,Tivat,Montenegro,2023,3,230.13,270.9054838709677,234.37,2023-05-14 20:16:22
MXP,Adana,Turquia,2023,5,230.17,322.0428888888889,307.8,2023-05-14 20:16:22
MXP,Liverpool,Reino Unido,2024,1,230.23,230.71875,231.01,2023-05-14 20:16:22
MXP,Pau,França,2023,12,230.26,230.26999999999998,230.26999999999998,2023-05-14 20:16:22
MXP,Brno,República Checa,2023,7,230.33,334.7537931034483,297.92,2023-05-14 20:16:22
MXP,Luleå,Suécia,2023,8,230.38,292.05785714285713,300.3,2023-05-14 20:16:22
MXP,Reiquiavique,Islândia,2023,7,230.76,348.28999999999996,348.28999999999996,2023-05-14 20:16:22
MXP,Parikia,Grécia,2023,6,230.76,307.6314406779661,300.65,2023-05-14 20:16:22
MXP,Turku,Finlândia,2023,4,230.91,278.2428,246.77,2023-05-14 20:16:22
MXP,Badajoz,Espanha,2023,6,231.18,285.44066666666663,311.3,2023-05-14 20:16:22
MXP,Kuwait,Koweit,2023,5,231.36,386.85694915254237,361.895,2023-05-14 20:16:22
MXP,Argel,Argélia,2023,12,231.42,291.41333333333336,321.41,2023-05-14 20:16:22
MXP,Roterdão,Holanda,2023,9,231.44,330.2064285714286,289.585,2023-05-14 20:16:22
MXP,Manchester,Reino Unido,2023,1,231.6,231.6,231.6,2023-05-14 20:16:22
MXP,Oradea,Roménia,2023,2,231.6,427.6788372093023,536.18,2023-05-14 20:16:22
MXP,Toulon,França,2023,5,231.7,366.6768918918919,334.875,2023-05-14 20:16:22
MXP,Monastir,Tunísia,2023,10,231.89,234.68285714285713,232.66,2023-05-14 20:16:22
MXP,Leeds,Reino Unido,2023,8,231.95,231.95,231.95,2023-05-14 20:16:22
MXP,Santa Cruz de la Palma,Espanha,2023,11,232.1,241.73333333333335,246.55,2023-05-14 20:16:22
MXP,Calamata,Grécia,2023,8,232.12,368.37430555555557,365.0,2023-05-14 20:16:22
MXP,Aalborg,Dinamarca,2023,8,232.18,265.99,272.69500000000005,2023-05-14 20:16:22
MXP,Mitilene,Grécia,2023,6,232.2,299.2890322580645,299.83,2023-05-14 20:16:22
MXP,Trondheim,Noruega,2023,9,232.44,256.9241666666667,264.67,2023-05-14 20:16:22
MXP,Beirute,Líbano,2023,4,232.45,363.6525,368.35,2023-05-14 20:16:22
MXP,Régio da Calábria,Itália,2023,7,232.45,509.0,312.12,2023-05-14 20:16:22
MXP,Baku,Azerbeijão,2023,2,232.52,319.346,300.37,2023-05-14 20:16:22
MXP,Rzeszów,Polónia,2023,8,232.55,240.544,242.58,2023-05-14 20:16:22
MXP,Limoges,França,2023,7,232.57,233.17800000000003,233.33,2023-05-14 20:16:22
MXP,Pula,Croácia,2023,3,232.62,305.4907692307692,275.32,2023-05-14 20:16:22
MXP,Skellefteå,Suécia,2023,8,232.82,292.8195,324.84,2023-05-14 20:16:22
MXP,Antália,Turquia,2023,7,232.86,370.2264285714286,439.16,2023-05-14 20:16:22
MXP,Bodø,Noruega,2023,4,232.87,343.45775,320.815,2023-05-14 20:16:22
MXP,Nova Iorque,Estados Unidos,2023,5,232.97,312.7422222222222,305.74,2023-05-14 20:16:22
MXP,Newark,Estados Unidos,2023,5,232.97,314.5969230769231,318.36,2023-05-14 20:16:22
MXP,Hanover,Alemanha,2023,1,233.03,233.032,233.03,2023-05-14 20:16:22
MXP,Trondheim,Noruega,2023,7,233.1,359.57351351351355,309.13,2023-05-14 20:16:22
MXP,Bratislava,Eslováquia,2023,8,233.12,436.5394117647059,438.98,2023-05-14 20:16:22
MXP,Alexandria,Egito,2023,9,233.21,370.42214285714283,327.29,2023-05-14 20:16:22
MXP,Clermont-Ferrand,França,2023,5,233.37,238.94791666666666,234.26,2023-05-14 20:16:22
MXP,Kosice,Eslováquia,2023,8,233.37,310.8058823529412,377.66,2023-05-14 20:16:22
MXP,Beirute,Líbano,2023,11,233.38,236.7733333333333,233.38,2023-05-14 20:16:22
MXP,Palanga,Lituânia,2023,8,233.49,243.83083333333335,234.29,2023-05-14 20:16:22
MXP,Clermont-Ferrand,França,2023,7,233.49,234.0981818181818,234.25,2023-05-14 20:16:22
MXP,Debrecen,Hungria,2023,6,234.01,368.4775,368.875,2023-05-14 20:16:22
MXP,Brest,França,2023,9,234.01,265.46133333333336,235.86,2023-05-14 20:16:22
MXP,Houmt Souk,Tunísia,2023,6,234.05,326.05493670886074,312.58,2023-05-14 20:16:22
MXP,Craiova,Roménia,2023,9,234.17,234.87833333333333,235.07,2023-05-14 20:16:22
MXP,Agadir,Marrocos,2023,7,234.32,280.06,281.175,2023-05-14 20:16:22
MXP,Ancara,Turquia,2023,4,234.36,383.3045762711865,358.62,2023-05-14 20:16:22
MXP,Dresden,Alemanha,2023,1,234.45,332.37,332.37,2023-05-14 20:16:22
MXP,Mascate,Omã,2023,3,234.53,441.91682539682535,436.87,2023-05-14 20:16:22
MXP,Parikia,Grécia,2023,8,234.53,404.92333333333335,396.33,2023-05-14 20:16:22
MXP,Aarhus,Dinamarca,2023,9,234.87,234.87,234.87,2023-05-14 20:16:22
MXP,Béziers,França,2023,7,234.87,251.75190476190477,236.01,2023-05-14 20:16:22
MXP,Ancara,Turquia,2023,3,234.97,324.656875,320.73,2023-05-14 20:16:22
MXP,Tromsø,Noruega,2023,2,235.04,492.791875,485.405,2023-05-14 20:16:22
MXP,Cairo,Egito,2023,12,235.21,255.82444444444445,249.21,2023-05-14 20:16:22
MXP,Caen,França,2023,3,235.44,235.90300000000002,235.99,2023-05-14 20:16:22
MXP,Tbilisi,Geórgia,2023,11,235.48,269.96818181818185,273.53,2023-05-14 20:16:22
MXP,Zaquinto,Grécia,2023,4,235.53,251.635,251.635,2023-05-14 20:16:22
MXP,Bodrum,Turquia,2023,7,235.59,356.5604,358.82,2023-05-14 20:16:22
MXP,Tours,França,2023,8,235.6,235.81272727272727,235.83,2023-05-14 20:16:22
MXP,Ioánnina,Grécia,2023,9,235.67,299.2004761904762,236.35,2023-05-14 20:16:22
MXP,Saragoça,Espanha,2023,8,236.01,334.265,350.15,2023-05-14 20:16:22
MXP,Bodø,Noruega,2023,8,236.03,362.28877358490564,352.88,2023-05-14 20:16:22
MXP,Skellefteå,Suécia,2023,2,236.22,378.7247368421053,505.73,2023-05-14 20:16:22
MXP,Chambéry,França,2023,3,236.36,237.49,237.585,2023-05-14 20:16:22
MXP,Parthéni,Grécia,2023,7,236.36,319.448,319.02,2023-05-14 20:16:22
MXP,Narvik,Noruega,2023,3,236.37,466.9865934065934,399.32,2023-05-14 20:16:22
MXP,Trondheim,Noruega,2023,11,236.56,243.27399999999997,236.57,2023-05-14 20:16:22
MXP,Reus,Espanha,2023,7,236.58,288.3645,290.475,2023-05-14 20:16:22
MXP,Rabate,Marrocos,2023,8,236.88,420.95444444444445,315.02,2023-05-14 20:16:22
MXP,Sønderborg,Dinamarca,2023,5,237.07,327.62033333333335,357.38,2023-05-14 20:16:22
MXP,Palanga,Lituânia,2023,4,237.11,335.0061111111111,314.04,2023-05-14 20:16:22
MXP,Zielona Góra,Polónia,2023,1,237.11,442.50874999999996,465.13,2023-05-14 20:16:22
MXP,Gibraltar,Gibraltar,2023,6,237.15,364.8157575757576,314.66,2023-05-14 20:16:22
MXP,Tours,França,2023,5,237.33,278.4686956521739,238.83,2023-05-14 20:16:22
MXP,Roterdão,Holanda,2023,5,237.6,420.101,384.26,2023-05-14 20:16:22
MXP,Essaouira,Marrocos,2023,2,237.62,389.56142857142856,238.13,2023-05-14 20:16:22
MXP,Monastir,Tunísia,2023,5,237.8,664.3414285714285,316.23,2023-05-14 20:16:22
MXP,Melilla,Espanha,2023,6,237.89,238.0425,237.89999999999998,2023-05-14 20:16:22
MXP,Ajácio,França,2023,8,238.18,309.3340404040404,319.08,2023-05-14 20:16:22
MXP,Cairo,Egito,2023,2,238.21,286.46666666666664,256.29999999999995,2023-05-14 20:16:22
MXP,Régio da Calábria,Itália,2023,3,238.27,412.570625,269.06,2023-05-14 20:16:22
MXP,Valladolid,Espanha,2023,4,238.31,245.15666666666667,239.92,2023-05-14 20:16:22
MXP,Bremen,Alemanha,2023,8,238.55,274.8161290322581,293.07,2023-05-14 20:16:22
MXP,Túnis,Tunísia,2023,1,238.55,238.55,238.55,2023-05-14 20:16:22
MXP,Liubliana,Eslovénia,2023,12,238.67,238.67,238.67,2023-05-14 20:16:22
MXP,Brest,França,2023,3,238.76,263.86555555555555,266.07,2023-05-14 20:16:22
MXP,Akureyri,Islândia,2023,7,238.8,668.316,681.73,2023-05-14 20:16:22
MXP,Salalah,Omã,2023,5,238.86,537.842,581.94,2023-05-14 20:16:22
MXP,Calvi,França,2023,4,238.95,374.3978947368421,372.53,2023-05-14 20:16:22
MXP,Reus,Espanha,2023,8,238.99,265.8075,275.84,2023-05-14 20:16:22
MXP,Valverde,Espanha,2023,2,239.1,422.0631818181818,312.71,2023-05-14 20:16:22
MXP,Tbilisi,Geórgia,2024,3,239.14,239.14,239.14,2023-05-14 20:16:22
MXP,Cairo,Egito,2024,3,239.23,242.9425,239.475,2023-05-14 20:16:22
MXP,Caen,França,2023,1,239.47,239.475,239.47,2023-05-14 20:16:22
MXP,Rabate,Marrocos,2023,11,240.09,364.54499999999996,406.03,2023-05-14 20:16:22
MXP,Sønderborg,Dinamarca,2023,3,240.22,240.78111111111113,241.03,2023-05-14 20:16:22
MXP,Marraquexe,Marrocos,2023,8,240.35,240.35,240.35,2023-05-14 20:16:22
MXP,Kythira,Grécia,2023,4,240.68,368.22433333333333,333.86,2023-05-14 20:16:22
MXP,Clermont-Ferrand,França,2023,4,240.72,273.81806201550387,246.69,2023-05-14 20:16:22
MXP,Leipzig,Alemanha,2023,7,240.79,242.72272727272727,241.66,2023-05-14 20:16:22
MXP,Ajácio,França,2023,3,241.05,285.3607692307692,257.24,2023-05-14 20:16:22
MXP,Gizé,Egito,2023,8,241.52,417.1569230769231,361.98,2023-05-14 20:16:22
MXP,Dresden,Alemanha,2023,4,241.65,298.85862499999996,255.815,2023-05-14 20:16:22
MXP,San Sebastián de la Gomera,Espanha,2023,3,241.71,317.537,262.59000000000003,2023-05-14 20:16:22
MXP,Calamata,Grécia,2023,7,241.75,324.5582978723404,320.27,2023-05-14 20:16:22
MXP,Paleochori,Grécia,2023,9,241.78,313.3603488372093,308.37,2023-05-14 20:16:22
MXP,Rijeka,Croácia,2023,10,241.79,248.825,249.025,2023-05-14 20:16:22
MXP,Florença,Itália,2024,2,241.82,242.546,243.03,2023-05-14 20:16:22
MXP,Perpinhã,França,2023,3,241.82,241.84666666666666,241.86,2023-05-14 20:16:22
MXP,Bodrum,Turquia,2023,5,242.56,330.69797101449274,336.19,2023-05-14 20:16:22
MXP,Caen,França,2023,6,243.03,348.08406779661016,368.42,2023-05-14 20:16:22
MXP,Leipzig,Alemanha,2023,9,243.13,275.2418181818182,256.95,2023-05-14 20:16:22
MXP,Bournemouth,Reino Unido,2023,7,243.15,243.15,243.15,2023-05-14 20:16:22
MXP,Pamplona,Espanha,2023,8,243.29,692.1552631578948,279.67,2023-05-14 20:16:22
MXP,Dubai,Emirados Árabes Unidos,2023,7,243.33,243.33,243.33,2023-05-14 20:16:22
MXP,Münster,Alemanha,2023,5,243.7,281.91315789473686,246.37,2023-05-14 20:16:22
MXP,Samos,Grécia,2023,8,243.75,389.9628846153846,344.28999999999996,2023-05-14 20:16:22
MXP,Ioánnina,Grécia,2023,8,244.05,393.0664,417.28,2023-05-14 20:16:22
MXP,Debrecen,Hungria,2023,2,244.05,282.90444444444444,244.62,2023-05-14 20:16:22
MXP,Cairo,Egito,2023,6,244.22,274.62384615384616,273.09,2023-05-14 20:16:22
MXP,Paderborn,Alemanha,2023,6,244.43,266.07,244.53,2023-05-14 20:16:22
MXP,Horta,Portugal,2023,6,244.56,330.4796923076923,339.84,2023-05-14 20:16:22
MXP,Karpathos,Grécia,2023,2,244.65,246.358,247.18,2023-05-14 20:16:22
MXP,Tivat,Montenegro,2023,4,245.15,512.2169444444445,462.71,2023-05-14 20:16:22
MXP,Tbilisi,Geórgia,2023,8,245.35,495.1388235294118,395.28,2023-05-14 20:16:22
MXP,Zadar,Croácia,2023,3,245.35,245.35,245.35,2023-05-14 20:16:22
MXP,Pau,França,2023,10,245.48,245.48,245.48,2023-05-14 20:16:22
MXP,Cardiff,Reino Unido,2023,8,245.57,337.74514285714287,291.08,2023-05-14 20:16:22
MXP,Heraclião,Grécia,2023,4,245.8,289.4433333333333,259.28,2023-05-14 20:16:22
MXP,Salalah,Omã,2023,6,246.03,488.3686666666666,464.22,2023-05-14 20:16:22
MXP,Calamata,Grécia,2023,9,246.06,374.2192592592593,331.84,2023-05-14 20:16:22
MXP,Calamata,Grécia,2023,2,246.1,246.1,246.1,2023-05-14 20:16:22
MXP,Kayseri,Turquia,2023,5,246.25,325.94754237288134,316.655,2023-05-14 20:16:22
MXP,Leipzig,Alemanha,2023,12,246.28,246.28,246.28,2023-05-14 20:16:22
MXP,Nador,Marrocos,2023,10,246.44,247.73777777777775,247.64,2023-05-14 20:16:22
MXP,Dubai,Emirados Árabes Unidos,2023,3,246.59,302.2101333333333,290.895,2023-05-14 20:16:22
MXP,Mitilene,Grécia,2023,9,246.65,263.6692307692308,246.83,2023-05-14 20:16:22
MXP,Naxos,Grécia,2023,1,246.84,268.69,268.69,2023-05-14 20:16:22
MXP,Aalborg,Dinamarca,2023,6,247.14,258.65333333333336,247.45,2023-05-14 20:16:22
MXP,Rabate,Marrocos,2023,7,247.28,358.66230769230776,325.45,2023-05-14 20:16:22
MXP,Baku,Azerbeijão,2023,4,247.46,497.0378947368421,369.34,2023-05-14 20:16:22
MXP,Dubai,Emirados Árabes Unidos,2023,2,247.49,306.5695238095238,323.5,2023-05-14 20:16:22
MXP,Leipzig,Alemanha,2023,10,247.75,248.91,248.86,2023-05-14 20:16:22
MXP,Kristiansand,Noruega,2023,6,247.97,346.1979166666667,373.05,2023-05-14 20:16:22
MXP,Rovaniemi,Finlândia,2023,8,248.05,263.4305882352941,250.49,2023-05-14 20:16:22
MXP,Tromsø,Noruega,2023,8,248.05,309.3278378378378,297.12,2023-05-14 20:16:22
MXP,Kittilä,Finlândia,2024,1,248.12,402.80548387096775,433.82,2023-05-14 20:16:22
MXP,Kittilä,Finlândia,2023,11,248.14,312.9623076923077,344.85,2023-05-14 20:16:22
MXP,San Sebastián de la Gomera,Espanha,2023,5,248.16,364.76444444444445,341.21,2023-05-14 20:16:22
MXP,Kuusamo,Finlândia,2024,1,248.4,426.1065957446808,481.46,2023-05-14 20:16:22
MXP,Bergen,Noruega,2023,7,248.77,331.9194444444445,286.67,2023-05-14 20:16:22
MXP,Rovaniemi,Finlândia,2023,5,249.05,306.01095238095235,297.47,2023-05-14 20:16:22
MXP,Sylt,Alemanha,2023,6,249.06,249.38916666666668,249.6,2023-05-14 20:16:22
MXP,Ivalo,Finlândia,2023,11,249.07,457.08325581395343,457.03,2023-05-14 20:16:22
MXP,Dakar,Senegal,2023,10,249.07,286.58112903225805,263.355,2023-05-14 20:16:22
MXP,Vaxjo,Suécia,2023,6,249.19,249.60363636363635,249.21,2023-05-14 20:16:22
MXP,Cardiff,Reino Unido,2023,7,249.32,299.8370731707317,291.09,2023-05-14 20:16:22
MXP,Bodø,Noruega,2023,2,249.6,408.20875,462.31,2023-05-14 20:16:22
MXP,Rovaniemi,Finlândia,2024,1,249.64,346.72055555555556,260.35,2023-05-14 20:16:22
MXP,Trondheim,Noruega,2023,10,249.75,249.75,249.75,2023-05-14 20:16:22
MXP,Figari,França,2023,8,249.97,344.82153153153155,328.97,2023-05-14 20:16:22
MXP,Rovaniemi,Finlândia,2024,3,250.04,258.88625,254.74,2023-05-14 20:16:22
MXP,Melilla,Espanha,2023,5,250.17,286.211,251.015,2023-05-14 20:16:22
MXP,Luleå,Suécia,2023,10,250.17,271.0390476190476,251.01,2023-05-14 20:16:22
MXP,Rovaniemi,Finlândia,2023,9,250.27,322.61760000000004,308.9,2023-05-14 20:16:22
MXP,Turku,Finlândia,2023,5,250.5,338.0523684210526,331.325,2023-05-14 20:16:22
MXP,Ancara,Turquia,2023,6,250.52,299.6544642857143,277.47,2023-05-14 20:16:22
MXP,Palanga,Lituânia,2023,6,250.9,306.1930769230769,330.27,2023-05-14 20:16:22
MXP,Rennes,França,2023,8,250.94,583.4716129032257,436.27,2023-05-14 20:16:22
MXP,Baku,Azerbeijão,2023,9,251.0,294.461568627451,287.66,2023-05-14 20:16:22
MXP,Parthéni,Grécia,2023,6,251.25,396.8415,252.09,2023-05-14 20:16:22
MXP,Mulhouse,França,2023,6,251.41,252.7275,252.53,2023-05-14 20:16:22
MXP,Kittilä,Finlândia,2023,3,252.11,398.72125,317.805,2023-05-14 20:16:22
MXP,Ivalo,Finlândia,2023,3,252.11,325.0971584699453,289.18,2023-05-14 20:16:22
MXP,Beirute,Líbano,2023,8,252.11,370.6385714285714,329.73,2023-05-14 20:16:22
MXP,Narvik,Noruega,2023,10,252.12,350.4407142857143,359.41,2023-05-14 20:16:22
MXP,Vólos,Grécia,2023,7,252.15,298.66581395348834,275.91,2023-05-14 20:16:22
MXP,Toulon,França,2023,9,252.5,252.5,252.5,2023-05-14 20:16:22
MXP,Corvera,Espanha,2023,8,252.69,436.24142857142857,539.16,2023-05-14 20:16:22
MXP,Préveza,Grécia,2023,4,252.74,290.7366666666667,280.53,2023-05-14 20:16:22
MXP,Burgas,Bulgária,2023,10,253.0,253.82000000000002,254.23,2023-05-14 20:16:22
MXP,Kuopio,Finlândia,2023,9,253.05,253.05,253.05,2023-05-14 20:16:22
MXP,Nottingham,Reino Unido,2023,8,253.27,332.01800000000003,294.37,2023-05-14 20:16:22
MXP,Rimini,Itália,2023,9,253.43,288.36800000000005,262.87,2023-05-14 20:16:22
MXP,Kuwait,Koweit,2023,2,253.44,437.9730303030303,399.78,2023-05-14 20:16:22
MXP,Kutaisi,Geórgia,2023,7,253.68,335.3536363636363,335.75,2023-05-14 20:16:22
MXP,Éilat,Israel,2023,4,253.91,387.8117857142857,375.43,2023-05-14 20:16:22
MXP,Castellón de la Plana,Espanha,2023,8,254.2,444.5583783783784,452.38,2023-05-14 20:16:22
MXP,Limoges,França,2023,5,254.22,254.5055555555556,254.46,2023-05-14 20:16:22
MXP,Umeå,Suécia,2023,8,254.6,331.19444444444446,344.75,2023-05-14 20:16:22
MXP,Estrasburgo,França,2023,8,254.87,255.3,254.87,2023-05-14 20:16:22
MXP,Dakar,Senegal,2023,11,254.92,315.90754385964914,322.62,2023-05-14 20:16:22
MXP,Dakar,Senegal,2023,6,255.27,426.46367088607593,412.0,2023-05-14 20:16:22
MXP,Ålesund,Noruega,2023,6,255.54,352.6011764705882,258.34,2023-05-14 20:16:22
MXP,Banjul,Gâmbia,2024,1,255.54,429.5353846153846,256.97,2023-05-14 20:16:22
MXP,Rzeszów,Polónia,2023,2,255.69,304.5523076923077,318.73,2023-05-14 20:16:22
MXP,Sørvágur,Ilhas Faroe,2023,8,255.9,391.7382905982906,373.91,2023-05-14 20:16:22
MXP,Pau,França,2023,7,256.05,319.4594117647059,294.06,2023-05-14 20:16:22
MXP,Rovaniemi,Finlândia,2023,4,256.05,331.52285714285716,325.45,2023-05-14 20:16:22
MXP,Melilla,Espanha,2023,7,256.06,260.7446153846154,256.89,2023-05-14 20:16:22
MXP,San Sebastián de la Gomera,Espanha,2023,4,256.07,508.97157894736836,578.09,2023-05-14 20:16:22
MXP,Trondheim,Noruega,2023,8,256.1,352.47444444444443,367.37,2023-05-14 20:16:22
MXP,Dortmund,Alemanha,2023,8,256.71,257.39142857142855,256.71,2023-05-14 20:16:22
MXP,Figari,França,2023,3,256.73,293.76,275.795,2023-05-14 20:16:22
MXP,Skýros,Grécia,2023,4,257.39,360.9012,322.64,2023-05-14 20:16:22
MXP,Taif,Arábia Saudita,2023,4,257.41,511.6980769230769,576.675,2023-05-14 20:16:22
MXP,Dammam,Arábia Saudita,2023,9,257.41,257.41,257.41,2023-05-14 20:16:22
MXP,Ängelholm,Suécia,2023,5,257.76,301.1663157894737,259.4,2023-05-14 20:16:22
MXP,Nova Iorque,Estados Unidos,2023,4,257.76,332.97135135135136,350.06,2023-05-14 20:16:22
MXP,Antália,Turquia,2024,2,257.88,257.88,257.88,2023-05-14 20:16:22
MXP,Kayseri,Turquia,2023,3,257.89,290.64526315789476,292.72,2023-05-14 20:16:22
MXP,Donegal,Irlanda,2023,2,258.11,355.605,355.605,2023-05-14 20:16:22
MXP,Erevã,Arménia,2023,12,258.23,258.25666666666666,258.23,2023-05-14 20:16:22
MXP,Dresden,Alemanha,2023,12,258.27,286.83730769230766,260.48,2023-05-14 20:16:22
MXP,Pau,França,2023,6,258.33,352.4596153846154,349.97,2023-05-14 20:16:22
MXP,Clermont-Ferrand,França,2023,9,258.44,259.36,259.36,2023-05-14 20:16:22
MXP,Kutaisi,Geórgia,2023,8,258.44,335.48357142857145,302.18,2023-05-14 20:16:22
MXP,Milltown (Kerry),Irlanda,2023,8,258.44,259.0481818181818,258.62,2023-05-14 20:16:22
MXP,Cairo,Egito,2024,4,258.69,259.02,258.69,2023-05-14 20:16:22
MXP,Hermópolis,Grécia,2023,4,258.84,261.7675,259.855,2023-05-14 20:16:22
MXP,Sørvágur,Ilhas Faroe,2023,9,258.91,319.1223809523809,309.42,2023-05-14 20:16:22
MXP,Casablanca,Marrocos,2023,7,259.05,283.24333333333334,295.34,2023-05-14 20:16:22
MXP,Chania,Grécia,2023,11,259.35,259.35,259.35,2023-05-14 20:16:22
MXP,Lublin,Polónia,2023,2,259.47,350.76,272.34000000000003,2023-05-14 20:16:22
MXP,Narvik,Noruega,2023,8,259.64,366.355,370.11,2023-05-14 20:16:22
MXP,Ivalo,Finlândia,2024,1,259.75,441.5527272727273,513.91,2023-05-14 20:16:22
MXP,Lyon,França,2023,8,259.88,259.88,259.88,2023-05-14 20:16:22
MXP,Parikia,Grécia,2023,4,260.13,334.0991666666667,349.495,2023-05-14 20:16:22
MXP,Régio da Calábria,Itália,2023,8,260.18,685.4161538461539,565.74,2023-05-14 20:16:22
MXP,Kayseri,Turquia,2023,2,260.25,269.50888888888886,260.37,2023-05-14 20:16:22
MXP,Gizé,Egito,2023,9,260.26,303.3090476190476,299.86,2023-05-14 20:16:22
MXP,Horta,Portugal,2023,1,260.56,260.865,260.865,2023-05-14 20:16:22
MXP,Medina,Arábia Saudita,2023,4,260.88,463.76343434343437,394.44,2023-05-14 20:16:22
MXP,Ålesund,Noruega,2023,8,261.1,380.3689655172414,337.72,2023-05-14 20:16:22
MXP,Tbilisi,Geórgia,2024,2,261.1,261.525,261.525,2023-05-14 20:16:22
MXP,Burgas,Bulgária,2023,3,261.12,261.7963636363636,261.82,2023-05-14 20:16:22
MXP,Calvi,França,2023,6,261.24,353.42047058823533,339.2,2023-05-14 20:16:22
MXP,Bodø,Noruega,2023,3,261.58,471.3370786516854,495.87,2023-05-14 20:16:22
MXP,Sørvágur,Ilhas Faroe,2023,10,261.88,337.625,362.15,2023-05-14 20:16:22
MXP,Ilha do Pico,Portugal,2023,10,261.96,353.25699999999995,354.605,2023-05-14 20:16:22
MXP,Lublin,Polónia,2023,9,262.02,262.02,262.02,2023-05-14 20:16:22
MXP,Baku,Azerbeijão,2023,10,262.17,303.65000000000003,264.93,2023-05-14 20:16:22
MXP,Oran,Argélia,2023,3,262.4,310.3722222222222,326.91,2023-05-14 20:16:22
MXP,Pau,França,2023,1,262.4,262.4,262.4,2023-05-14 20:16:22
MXP,Quios,Grécia,2023,9,262.41,309.223125,318.08,2023-05-14 20:16:22
MXP,Cluj,Roménia,2023,9,262.43,265.38,262.47,2023-05-14 20:16:22
MXP,São Sebastião,Espanha,2023,2,262.77,413.305,476.58000000000004,2023-05-14 20:16:22
MXP,Kaunas,Lituânia,2023,7,262.79,281.05041666666665,274.84,2023-05-14 20:16:22
MXP,Castletown,Ilha de Man,2023,8,262.82,296.03833333333336,302.39,2023-05-14 20:16:22
MXP,Mascate,Omã,2023,5,262.85,445.7733582089552,455.87,2023-05-14 20:16:22
MXP,Oulu,Finlândia,2023,8,262.87,299.1116666666667,298.985,2023-05-14 20:16:22
MXP,Calvi,França,2023,8,262.87,415.82413333333335,422.71,2023-05-14 20:16:22
MXP,Donegal,Irlanda,2023,6,263.1,303.4166666666667,303.3,2023-05-14 20:16:22
MXP,Kuopio,Finlândia,2023,8,263.22,312.64772727272725,264.78,2023-05-14 20:16:22
MXP,Horta,Portugal,2023,4,264.39,420.7472,423.315,2023-05-14 20:16:22
MXP,Naxos,Grécia,2023,2,264.68,337.8719047619048,322.73,2023-05-14 20:16:22
MXP,Malmo,Suécia,2023,8,264.79,309.99304347826086,264.98,2023-05-14 20:16:22
MXP,Constantine,Argélia,2023,5,264.84,303.1272727272727,299.29,2023-05-14 20:16:22
MXP,Houmt Souk,Tunísia,2023,5,264.94,362.35215384615384,363.81,2023-05-14 20:16:22
MXP,Plovdiv,Bulgária,2023,3,265.25,266.05333333333334,266.06,2023-05-14 20:16:22
MXP,Tuzla,Bósnia-Herzegóvina,2023,1,265.26,265.26,265.26,2023-05-14 20:16:22
MXP,Casablanca,Marrocos,2023,8,265.26,585.8636363636364,331.01,2023-05-14 20:16:22
MXP,Bacau,Roménia,2023,7,265.43,266.205,266.275,2023-05-14 20:16:22
MXP,Brest,França,2023,7,265.6,390.9232,374.21,2023-05-14 20:16:22
MXP,Adana,Turquia,2023,3,265.86,332.0473076923077,292.79,2023-05-14 20:16:22
MXP,Podgorica,Montenegro,2023,12,265.99,265.99,265.99,2023-05-14 20:16:22
MXP,Kythira,Grécia,2023,7,266.08,379.055,368.0,2023-05-14 20:16:22
MXP,Alexandroupolis Dimokritos,Grécia,2023,9,266.15,266.43,266.27,2023-05-14 20:16:22
MXP,Naxos,Grécia,2023,10,266.21,304.09000000000003,298.75,2023-05-14 20:16:22
MXP,Manama,Bahrain,2023,6,266.35,400.35269230769234,393.22,2023-05-14 20:16:22
MXP,Naxos,Grécia,2023,6,266.7,371.77409090909094,346.99,2023-05-14 20:16:22
MXP,Sundsvall,Suécia,2023,5,267.06,288.46,268.14,2023-05-14 20:16:22
MXP,Tivat,Montenegro,2023,2,267.12,317.685,339.12,2023-05-14 20:16:22
MXP,Kristiansand,Noruega,2023,12,267.4,268.29777777777775,267.56,2023-05-14 20:16:22
MXP,Constanţa,Roménia,2023,4,267.76,414.4324,451.5,2023-05-14 20:16:22
MXP,Ponta Delgada,Portugal,2023,7,267.86,359.0728571428572,361.525,2023-05-14 20:16:22
MXP,Kristiansand,Noruega,2023,2,267.9,268.20222222222225,268.01,2023-05-14 20:16:22
MXP,Burgas,Bulgária,2023,8,267.9,465.21805555555557,425.765,2023-05-14 20:16:22
MXP,Oradea,Roménia,2023,8,267.9,551.768,556.84,2023-05-14 20:16:22
MXP,Naxos,Grécia,2023,8,268.05,508.86373134328363,420.8,2023-05-14 20:16:22
MXP,Trondheim,Noruega,2023,12,268.5,269.02,268.5,2023-05-14 20:16:22
MXP,Ancara,Turquia,2023,2,268.63,320.894,317.07,2023-05-14 20:16:22
MXP,Dubai,Emirados Árabes Unidos,2023,1,268.82,305.14000000000004,323.29,2023-05-14 20:16:22
MXP,Karpathos,Grécia,2023,8,268.85,434.7516417910448,443.51,2023-05-14 20:16:22
MXP,Gibraltar,Gibraltar,2023,9,268.87,307.7166666666667,269.20500000000004,2023-05-14 20:16:22
MXP,Tromsø,Noruega,2023,11,269.08,292.5344827586207,291.58,2023-05-14 20:16:22
MXP,Caen,França,2023,9,269.13,279.024,269.56,2023-05-14 20:16:22
MXP,Burgas,Bulgária,2023,2,269.57,269.57,269.57,2023-05-14 20:16:22
MXP,Kuwait,Koweit,2023,4,269.66,423.43074074074076,428.31,2023-05-14 20:16:22
MXP,Bardufoss,Noruega,2023,11,269.66,357.6092,345.02,2023-05-14 20:16:22
MXP,Kálymnos,Grécia,2023,10,269.66,269.66,269.66,2023-05-14 20:16:22
MXP,Fes,Marrocos,2023,8,269.68,518.9466666666666,554.78,2023-05-14 20:16:22
MXP,Ioánnina,Grécia,2023,7,269.7,520.43,446.54,2023-05-14 20:16:22
MXP,Paleochori,Grécia,2023,7,269.85,404.47830985915493,371.42,2023-05-14 20:16:22
MXP,Kristiansund,Noruega,2023,4,270.02,271.23777777777775,271.21,2023-05-14 20:16:22
MXP,Gibraltar,Gibraltar,2023,8,270.04,560.1046428571428,437.34000000000003,2023-05-14 20:16:22
MXP,Bodø,Noruega,2024,3,270.16,285.1709090909091,290.6,2023-05-14 20:16:22
MXP,Rovaniemi,Finlândia,2023,12,270.18,453.86924528301887,475.26,2023-05-14 20:16:22
MXP,Essaouira,Marrocos,2023,10,270.3,270.3,270.3,2023-05-14 20:16:22
MXP,Antália,Turquia,2023,9,270.45,426.4321428571429,306.39,2023-05-14 20:16:22
MXP,Bodø,Noruega,2023,9,270.45,324.38,307.56,2023-05-14 20:16:22
MXP,Darlington,Reino Unido,2023,4,270.6,368.4607692307692,386.07,2023-05-14 20:16:22
MXP,Sundsvall,Suécia,2023,2,270.65,366.601,313.52,2023-05-14 20:16:22
MXP,Éilat,Israel,2023,11,270.68,270.72,270.68,2023-05-14 20:16:22
MXP,Horta,Portugal,2023,5,270.71,350.75600000000003,326.15,2023-05-14 20:16:22
MXP,Cavala,Grécia,2023,5,271.15,338.155,318.69,2023-05-14 20:16:22
MXP,Ancona,Itália,2023,8,271.17,720.6123333333333,640.53,2023-05-14 20:16:22
MXP,Tashkent,Uzbequistão,2023,6,271.17,604.0982857142857,610.675,2023-05-14 20:16:22
MXP,Dammam,Arábia Saudita,2023,7,271.59,271.90666666666664,272.14,2023-05-14 20:16:22
MXP,Pisa,Itália,2023,10,272.1,276.2558333333333,272.11,2023-05-14 20:16:22
MXP,Bournemouth,Reino Unido,2023,2,272.49,273.02,273.13,2023-05-14 20:16:22
MXP,Tampere,Finlândia,2023,7,272.5,272.5,272.5,2023-05-14 20:16:22
MXP,Ilha do Pico,Portugal,2023,9,273.37,350.47770491803277,353.97,2023-05-14 20:16:22
MXP,Perpinhã,França,2023,9,273.55,273.56,273.56,2023-05-14 20:16:22
MXP,Aqaba,Jordânia,2023,11,273.88,449.5618518518518,510.46,2023-05-14 20:16:22
MXP,Nicósia,Chipre,2023,6,273.92,369.590625,346.62,2023-05-14 20:16:22
MXP,Kiruna,Suécia,2023,11,274.15,345.5621052631579,368.895,2023-05-14 20:16:22
MXP,Horta,Portugal,2023,9,274.26,316.1437931034483,297.79,2023-05-14 20:16:22
MXP,Oulu,Finlândia,2023,9,274.41,299.7354545454545,276.84,2023-05-14 20:16:22
MXP,Stavanger,Noruega,2023,7,274.57,355.3231578947369,382.55,2023-05-14 20:16:22
MXP,Calvi,França,2023,7,274.82,382.4271428571429,394.515,2023-05-14 20:16:22
MXP,Nova Iorque,Estados Unidos,2023,11,274.85,322.4688524590164,325.31,2023-05-14 20:16:22
MXP,Quios,Grécia,2023,7,275.0,307.1046875,302.565,2023-05-14 20:16:22
MXP,Antuérpia,Bélgica,2023,3,275.13,971.1737037037038,498.08,2023-05-14 20:16:22
MXP,Skýros,Grécia,2023,3,275.21,275.424,275.38,2023-05-14 20:16:22
MXP,Cairo,Egito,2023,8,275.32,337.84000000000003,353.46,2023-05-14 20:16:22
MXP,Estrasburgo,França,2023,4,275.44,413.9872340425532,348.46,2023-05-14 20:16:22
MXP,Bodø,Noruega,2023,11,275.55,293.7583333333333,296.66,2023-05-14 20:16:22
MXP,Narvik,Noruega,2023,11,275.55,275.55,275.55,2023-05-14 20:16:22
MXP,Oradea,Roménia,2023,4,275.89,402.9670454545454,348.87,2023-05-14 20:16:22
MXP,Vila do Porto,Portugal,2023,6,275.92,405.052,394.87,2023-05-14 20:16:22
MXP,Norwich,Reino Unido,2023,9,275.99,275.99,275.99,2023-05-14 20:16:22
MXP,Oran,Argélia,2023,2,276.23,308.7765,309.23,2023-05-14 20:16:22
MXP,Vaasa,Finlândia,2023,3,276.37,311.5946153846154,276.75,2023-05-14 20:16:22
MXP,Dalaman,Turquia,2024,1,276.48,276.525,276.525,2023-05-14 20:16:22
MXP,Éilat,Israel,2023,10,276.77,377.8744444444444,277.69,2023-05-14 20:16:22
MXP,Pristina,Kosovo,2023,10,276.81,276.81,276.81,2023-05-14 20:16:22
MXP,Régio da Calábria,Itália,2023,9,277.02,377.51142857142855,308.05499999999995,2023-05-14 20:16:22
MXP,Astypálaia,Grécia,2023,3,277.19,277.19,277.19,2023-05-14 20:16:22
MXP,Calamata,Grécia,2023,10,277.33,284.236,278.31,2023-05-14 20:16:22
MXP,Beirute,Líbano,2023,7,277.39,553.29,436.7,2023-05-14 20:16:22
MXP,Nova Iorque,Estados Unidos,2023,9,277.75,345.18203389830506,355.87,2023-05-14 20:16:22
MXP,Newark,Estados Unidos,2023,9,277.75,354.16375,356.405,2023-05-14 20:16:22
MXP,Saint Peter,Jersey,2023,8,278.32,278.53111111111116,278.34,2023-05-14 20:16:22
MXP,Lajes,Portugal,2023,8,278.36,404.9874,445.63,2023-05-14 20:16:22
MXP,Molde,Noruega,2023,4,278.39,279.65666666666664,279.63,2023-05-14 20:16:22
MXP,Ålesund,Noruega,2023,3,278.4,334.3463157894737,279.57,2023-05-14 20:16:22
MXP,Bilbau,Espanha,2023,12,278.56,278.56,278.56,2023-05-14 20:16:22
MXP,Constantine,Argélia,2023,3,278.78,408.2109523809524,293.65,2023-05-14 20:16:22
MXP,Luleå,Suécia,2023,2,278.78,413.77340909090907,419.475,2023-05-14 20:16:22
MXP,Oran,Argélia,2023,5,278.83,376.29690909090914,306.49,2023-05-14 20:16:22
MXP,Dakar,Senegal,2023,3,279.16,493.2041463414634,474.73,2023-05-14 20:16:22
MXP,Luxor,Egito,2023,11,279.3,513.7691666666666,408.63,2023-05-14 20:16:22
MXP,Ocrida,Macedónia do Norte,2023,3,279.33,279.59,279.62,2023-05-14 20:16:22
MXP,Luleå,Suécia,2023,9,279.35,309.3625,318.57,2023-05-14 20:16:22
MXP,Toulon,França,2023,8,279.54,1330.3753658536584,400.61,2023-05-14 20:16:22
MXP,Nova Iorque,Estados Unidos,2023,10,279.61,323.68383720930234,322.77,2023-05-14 20:16:22
MXP,Newark,Estados Unidos,2023,10,279.61,335.6267716535433,338.36,2023-05-14 20:16:22
MXP,Tromsø,Noruega,2023,12,279.85,312.71571428571434,299.9,2023-05-14 20:16:22
MXP,Constantine,Argélia,2023,2,280.0,429.69117647058823,448.2,2023-05-14 20:16:22
MXP,Guelmim,Marrocos,2023,5,280.17,280.57,280.6,2023-05-14 20:16:22
MXP,Kuwait,Koweit,2023,9,280.21,359.322,379.31,2023-05-14 20:16:22
MXP,Ajácio,França,2023,10,280.58,280.58,280.58,2023-05-14 20:16:22
MXP,Molde,Noruega,2023,7,280.64,281.434,281.37,2023-05-14 20:16:22
MXP,Tashkent,Uzbequistão,2023,5,281.0,672.5775324675325,657.625,2023-05-14 20:16:22
MXP,Umeå,Suécia,2023,2,281.23,319.6405555555555,343.2,2023-05-14 20:16:22
MXP,Burgas,Bulgária,2023,9,281.36,353.97875,312.57,2023-05-14 20:16:22
MXP,Turku,Finlândia,2023,7,281.57,454.63125,500.83,2023-05-14 20:16:22
MXP,Southampton,Reino Unido,2023,4,281.83,776.4253424657535,748.46,2023-05-14 20:16:22
MXP,Taif,Arábia Saudita,2023,5,281.84,372.38115384615384,351.375,2023-05-14 20:16:22
MXP,Salalah,Omã,2023,4,282.19,613.2376388888889,521.31,2023-05-14 20:16:22
MXP,Kaunas,Lituânia,2023,9,282.21,285.28999999999996,285.56,2023-05-14 20:16:22
MXP,Oulu,Finlândia,2023,3,282.43,409.6166666666667,368.82,2023-05-14 20:16:22
MXP,Kristiansand,Noruega,2023,4,282.83,332.6047619047619,304.03,2023-05-14 20:16:22
MXP,Aberdeen,Reino Unido,2023,12,283.03,283.09666666666664,283.13,2023-05-14 20:16:22
MXP,Dresden,Alemanha,2023,8,283.08,283.08,283.08,2023-05-14 20:16:22
MXP,Molde,Noruega,2023,5,283.16,361.74954545454545,425.54,2023-05-14 20:16:22
MXP,Gibraltar,Gibraltar,2023,7,283.17,377.275,309.1,2023-05-14 20:16:22
MXP,Caen,França,2023,2,283.24,340.51105263157893,391.76,2023-05-14 20:16:22
MXP,Satu Mare,Roménia,2023,4,283.31,360.8014285714286,416.63,2023-05-14 20:16:22
MXP,Kuopio,Finlândia,2023,7,283.71,307.16875,285.705,2023-05-14 20:16:22
MXP,Ålesund,Noruega,2023,7,283.75,290.52461538461534,291.34,2023-05-14 20:16:22
MXP,Badajoz,Espanha,2023,8,283.76,284.36,284.76,2023-05-14 20:16:22
MXP,Aqaba,Jordânia,2023,6,283.76,501.27750000000003,512.725,2023-05-14 20:16:22
MXP,Parikia,Grécia,2023,3,283.81,354.29333333333335,388.33,2023-05-14 20:16:22
MXP,Bodrum,Turquia,2023,9,283.83,372.25909090909096,380.73,2023-05-14 20:16:22
MXP,Kayseri,Turquia,2023,9,283.84,342.23115384615386,337.025,2023-05-14 20:16:22
MXP,Grimsby,Reino Unido,2023,5,283.89,284.41700000000003,284.445,2023-05-14 20:16:22
MXP,Haugesund,Noruega,2023,4,284.23,382.8959574468085,404.48,2023-05-14 20:16:22
MXP,Kayseri,Turquia,2024,1,284.26,291.1075,291.1,2023-05-14 20:16:22
MXP,Esmirna,Turquia,2023,7,284.39,361.8123076923076,314.4,2023-05-14 20:16:22
MXP,Houmt Souk,Tunísia,2023,4,284.41,458.5990769230769,459.49,2023-05-14 20:16:22
MXP,Almeria,Espanha,2023,12,284.68,284.68,284.68,2023-05-14 20:16:22
MXP,Eindhoven,Holanda,2023,9,285.0,353.034,397.68,2023-05-14 20:16:22
MXP,Dakar,Senegal,2023,9,285.0,342.9321428571429,300.58,2023-05-14 20:16:22
MXP,Tromsø,Noruega,2024,2,285.21,302.02142857142854,313.78,2023-05-14 20:16:22
MXP,Kayseri,Turquia,2023,4,285.69,349.1022222222222,336.53,2023-05-14 20:16:22
MXP,Város,Grécia,2023,4,285.74,313.9418181818182,286.22,2023-05-14 20:16:22
MXP,Beirute,Líbano,2023,2,285.82,334.67809523809524,316.52,2023-05-14 20:16:22
MXP,Newark,Estados Unidos,2023,3,286.04,329.33511904761906,321.44,2023-05-14 20:16:22
MXP,Nova Iorque,Estados Unidos,2023,3,286.04,327.95404255319147,322.96,2023-05-14 20:16:22
MXP,Kayseri,Turquia,2023,12,286.35,286.485,286.485,2023-05-14 20:16:22
MXP,Mitilene,Grécia,2023,4,286.36,304.28714285714284,319.02,2023-05-14 20:16:22
MXP,Salalah,Omã,2023,10,286.44,286.655,286.655,2023-05-14 20:16:22
MXP,Turku,Finlândia,2023,8,286.58,373.83857142857147,362.0,2023-05-14 20:16:22
MXP,Varna,Bulgária,2023,11,286.73,286.73,286.73,2023-05-14 20:16:22
MXP,Kálymnos,Grécia,2023,4,287.17,584.9522222222222,539.0,2023-05-14 20:16:22
MXP,Rimini,Itália,2023,8,287.57,319.433,327.25,2023-05-14 20:16:22
MXP,Argostoli,Grécia,2023,3,287.62,287.88,287.62,2023-05-14 20:16:22
MXP,Kayseri,Turquia,2024,3,287.66,336.94,368.24,2023-05-14 20:16:22
MXP,Klagenfurt,Áustria,2023,2,288.08,385.04482758620685,337.77,2023-05-14 20:16:22
MXP,Nevşehir,Turquia,2023,5,288.08,337.4080898876405,323.29,2023-05-14 20:16:22
MXP,Newark,Estados Unidos,2023,4,288.47,342.924,329.78,2023-05-14 20:16:22
MXP,Lodz,Polónia,2023,9,288.53,288.53,288.53,2023-05-14 20:16:22
MXP,Sørvágur,Ilhas Faroe,2023,5,288.68,390.08826923076924,346.895,2023-05-14 20:16:22
MXP,Ocrida,Macedónia do Norte,2023,5,288.79,328.1446153846154,289.38,2023-05-14 20:16:22
MXP,Constanţa,Roménia,2023,9,289.05,299.75999999999993,290.82,2023-05-14 20:16:22
MXP,Narvik,Noruega,2023,9,289.34,302.29125,308.32,2023-05-14 20:16:22
MXP,Gazipasa,Turquia,2023,10,289.45,291.294,291.16,2023-05-14 20:16:22
MXP,Kayseri,Turquia,2023,10,289.45,296.935,296.03,2023-05-14 20:16:22
MXP,Nevşehir,Turquia,2023,10,289.45,313.2876595744681,304.05,2023-05-14 20:16:22
MXP,Skellefteå,Suécia,2023,10,289.55,290.9555555555555,291.64,2023-05-14 20:16:22
MXP,Kaunas,Lituânia,2023,8,289.58,289.62,289.63,2023-05-14 20:16:22
MXP,Adana,Turquia,2023,2,289.72,325.4209090909091,334.7,2023-05-14 20:16:22
MXP,Tabuk,Arábia Saudita,2023,3,289.91,693.3493333333333,630.0,2023-05-14 20:16:22
MXP,Ålesund,Noruega,2023,2,290.3,290.3,290.3,2023-05-14 20:16:22
MXP,Nevşehir,Turquia,2023,3,290.42,325.33074074074074,296.46,2023-05-14 20:16:22
MXP,Sørvágur,Ilhas Faroe,2023,6,290.68,387.06535211267607,383.38,2023-05-14 20:16:22
MXP,Saint Peter,Jersey,2023,4,290.82,292.534,293.015,2023-05-14 20:16:22
MXP,Miami,Estados Unidos,2023,10,290.82,395.30263736263737,390.91,2023-05-14 20:16:22
MXP,Tbilisi,Geórgia,2023,1,290.96,290.96,290.96,2023-05-14 20:16:22
MXP,Suceava,Roménia,2023,7,291.08,297.76625,293.15,2023-05-14 20:16:22
MXP,Samos,Grécia,2023,4,291.26,364.206,383.35,2023-05-14 20:16:22
MXP,Taif,Arábia Saudita,2023,3,291.38,388.2018181818182,292.44,2023-05-14 20:16:22
MXP,Bodrum,Turquia,2023,3,291.39,296.9825,297.28,2023-05-14 20:16:22
MXP,Enfidha,Tunísia,2023,10,291.5,306.66823529411766,293.1,2023-05-14 20:16:22
MXP,Kastelorizo,Grécia,2023,6,291.54,366.8694642857143,376.87,2023-05-14 20:16:22
MXP,Konya,Turquia,2023,2,291.73,313.34299999999996,329.37,2023-05-14 20:16:22
MXP,Nicósia,Chipre,2023,10,291.78,327.491875,315.305,2023-05-14 20:16:22
MXP,Kayseri,Turquia,2023,11,291.98,306.80111111111114,292.36,2023-05-14 20:16:22
MXP,Constanţa,Roménia,2023,6,292.29,333.7529411764706,294.33,2023-05-14 20:16:22
MXP,Vaasa,Finlândia,2023,4,292.52,293.573,293.445,2023-05-14 20:16:22
MXP,Constanţa,Roménia,2023,5,292.62,344.2336666666667,349.675,2023-05-14 20:16:22
MXP,Denizli,Turquia,2023,5,292.64,305.0255,304.405,2023-05-14 20:16:22
MXP,Malmo,Suécia,2023,1,292.67,293.00333333333333,292.79,2023-05-14 20:16:22
MXP,Telavive,Israel,2023,8,292.77,292.77,292.77,2023-05-14 20:16:22
MXP,Nevşehir,Turquia,2023,2,292.89,301.29857142857145,293.84,2023-05-14 20:16:22
MXP,Esmirna,Turquia,2023,11,293.06,293.06,293.06,2023-05-14 20:16:22
MXP,Umeå,Suécia,2023,4,293.06,950.2750000000001,327.94,2023-05-14 20:16:22
MXP,Cavala,Grécia,2023,4,293.07,484.23636363636365,464.64,2023-05-14 20:16:22
MXP,Kayseri,Turquia,2024,2,293.16,293.485,293.485,2023-05-14 20:16:22
MXP,Sørvágur,Ilhas Faroe,2024,1,293.31,293.43,293.31,2023-05-14 20:16:22
MXP,Gazipasa,Turquia,2023,6,293.46,375.9185,368.93,2023-05-14 20:16:22
MXP,Insbruque,Áustria,2023,1,293.71,293.71,293.71,2023-05-14 20:16:22
MXP,Umeå,Suécia,2023,11,293.98,293.98,293.98,2023-05-14 20:16:22
MXP,Constantine,Argélia,2023,4,294.14,398.23555555555555,322.82,2023-05-14 20:16:22
MXP,Frejorgues,França,2023,8,294.22,300.396,304.41,2023-05-14 20:16:22
MXP,Baku,Azerbeijão,2023,12,294.22,294.22,294.22,2023-05-14 20:16:22
MXP,Skýros,Grécia,2023,7,294.34,335.0642857142857,348.22,2023-05-14 20:16:22
MXP,Valverde,Espanha,2023,6,294.59,331.008,296.39,2023-05-14 20:16:22
MXP,Roterdão,Holanda,2023,7,294.67,333.9685714285714,294.68,2023-05-14 20:16:22
MXP,Ilha do Pico,Portugal,2023,6,294.73,377.30196078431374,381.39,2023-05-14 20:16:22
MXP,Sharjah,Emirados Árabes Unidos,2023,3,295.22,445.023768115942,440.67499999999995,2023-05-14 20:16:22
MXP,Nicósia,Chipre,2023,5,295.41,364.3354639175258,348.21,2023-05-14 20:16:22
MXP,Dakar,Senegal,2023,5,295.53,420.9535051546392,435.83,2023-05-14 20:16:22
MXP,Luleå,Suécia,2023,7,295.68,366.2435,382.19,2023-05-14 20:16:22
MXP,Calvi,França,2023,5,295.71,370.98322580645157,388.89,2023-05-14 20:16:22
MXP,Newark,Estados Unidos,2023,11,296.04,341.1778,337.805,2023-05-14 20:16:22
MXP,Miami,Estados Unidos,2023,11,296.27,397.8314130434782,393.96500000000003,2023-05-14 20:16:22
MXP,Bodø,Noruega,2023,5,296.31,444.63933333333335,529.23,2023-05-14 20:16:22
MXP,Luleå,Suécia,2023,11,296.57,296.78999999999996,296.78999999999996,2023-05-14 20:16:22
MXP,Tromsø,Noruega,2023,6,296.61,352.85275862068966,324.67,2023-05-14 20:16:22
MXP,Lugano,Suíça,2023,5,296.62,296.84222222222223,296.63,2023-05-14 20:16:22
MXP,Gibraltar,Gibraltar,2023,2,296.85,514.6836363636363,507.28,2023-05-14 20:16:22
MXP,Skellefteå,Suécia,2023,11,297.06,297.18555555555554,297.1,2023-05-14 20:16:22
MXP,Nevşehir,Turquia,2023,6,297.07,387.23449999999997,377.02,2023-05-14 20:16:22
MXP,Baku,Azerbeijão,2023,7,297.08,396.4583333333333,405.54,2023-05-14 20:16:22
MXP,Naxos,Grécia,2023,9,297.22,349.0306976744186,330.13,2023-05-14 20:16:22
MXP,Monastir,Tunísia,2023,2,297.25,343.6271428571428,308.21,2023-05-14 20:16:22
MXP,Dalaman,Turquia,2023,10,297.36,298.3233333333333,298.5,2023-05-14 20:16:22
MXP,Caen,França,2023,7,297.47,332.86692307692306,349.66,2023-05-14 20:16:22
MXP,Umeå,Suécia,2023,6,297.53,378.8692857142857,401.78999999999996,2023-05-14 20:16:22
MXP,Nevşehir,Turquia,2024,1,297.82,330.62,330.365,2023-05-14 20:16:22
MXP,Hermópolis,Grécia,2023,9,297.84,534.4192307692308,435.34,2023-05-14 20:16:22
MXP,Rovaniemi,Finlândia,2024,2,297.87,360.825,360.825,2023-05-14 20:16:22
MXP,Monastir,Tunísia,2023,4,298.28,438.1096470588235,419.15,2023-05-14 20:16:22
MXP,Debrecen,Hungria,2023,4,298.39,338.29,367.98,2023-05-14 20:16:22
MXP,Trebizonda,Turquia,2023,4,298.79,813.6635,879.32,2023-05-14 20:16:22
MXP,Dakar,Senegal,2024,1,298.92,355.44124999999997,322.46,2023-05-14 20:16:22
MXP,Kythira,Grécia,2023,3,298.92,299.38,299.38,2023-05-14 20:16:22
MXP,Iași,Roménia,2023,1,299.22,299.22,299.22,2023-05-14 20:16:22
MXP,Manama,Bahrain,2023,4,299.33,542.7639655172414,520.46,2023-05-14 20:16:22
MXP,Annaba,Argélia,2023,2,299.34,299.35,299.35,2023-05-14 20:16:22
MXP,Mitilene,Grécia,2023,2,299.8,299.9114285714286,299.93,2023-05-14 20:16:22
MXP,Cardiff,Reino Unido,2024,1,299.94,300.15000000000003,300.22,2023-05-14 20:16:22
MXP,Roterdão,Holanda,2023,8,300.2,379.2,333.47,2023-05-14 20:16:22
MXP,Southampton,Reino Unido,2023,12,300.74,577.77,591.33,2023-05-14 20:16:22
MXP,Akureyri,Islândia,2023,2,300.77,351.2651851851852,324.77,2023-05-14 20:16:22
MXP,Bol,Croácia,2023,5,300.85,303.17727272727274,303.51,2023-05-14 20:16:22
MXP,Zielona Góra,Polónia,2023,6,300.85,302.6175,302.6,2023-05-14 20:16:22
MXP,Naxos,Grécia,2023,7,300.97,399.22319444444446,370.79999999999995,2023-05-14 20:16:22
MXP,Nevşehir,Turquia,2023,11,301.2,303.16285714285715,302.67,2023-05-14 20:16:22
MXP,Sørvágur,Ilhas Faroe,2023,12,301.44,301.44,301.44,2023-05-14 20:16:22
MXP,Tashkent,Uzbequistão,2023,9,301.51,616.115,669.5699999999999,2023-05-14 20:16:22
MXP,Umeå,Suécia,2023,9,301.74,302.20500000000004,302.20500000000004,2023-05-14 20:16:22
MXP,Vila do Porto,Portugal,2023,3,301.76,800.7804545454545,398.14,2023-05-14 20:16:22
MXP,Norwich,Reino Unido,2023,5,301.84,302.7736363636364,302.85,2023-05-14 20:16:22
MXP,Crotone,Itália,2023,9,302.18,538.2942857142857,600.02,2023-05-14 20:16:22
MXP,Bugia,Argélia,2023,5,302.29,302.774,302.45,2023-05-14 20:16:22
MXP,Cavala,Grécia,2023,7,302.59,302.6788888888889,302.69,2023-05-14 20:16:22
MXP,Gaziantep,Turquia,2023,5,302.99,346.5075862068965,323.53,2023-05-14 20:16:22
MXP,Város,Grécia,2023,7,303.35,329.7388888888889,346.91,2023-05-14 20:16:22
MXP,Sørvágur,Ilhas Faroe,2023,11,303.39,303.8971428571429,303.92,2023-05-14 20:16:22
MXP,Argel,Argélia,2023,7,303.53,343.5525,367.0,2023-05-14 20:16:22
MXP,Kittilä,Finlândia,2023,2,303.58,328.35,318.39,2023-05-14 20:16:22
MXP,Nicósia,Chipre,2023,3,303.61,338.1774358974359,322.37,2023-05-14 20:16:22
MXP,Houmt Souk,Tunísia,2023,7,303.89,447.1620833333333,467.86,2023-05-14 20:16:22
MXP,Constanţa,Roménia,2023,7,304.18,393.1088235294118,416.83,2023-05-14 20:16:22
MXP,Kajaani,Finlândia,2023,2,304.2,455.505625,572.725,2023-05-14 20:16:22
MXP,Linz,Áustria,2023,8,304.47,304.7918181818182,304.76,2023-05-14 20:16:22
MXP,Luleå,Suécia,2023,5,304.55,372.31666666666666,353.22,2023-05-14 20:16:22
MXP,Nova Iorque,Estados Unidos,2023,6,304.56,352.9069565217391,355.47,2023-05-14 20:16:22
MXP,Calamata,Grécia,2023,4,304.7,419.5920689655172,400.51,2023-05-14 20:16:22
MXP,Adana,Turquia,2023,4,304.75,378.2028125,350.42,2023-05-14 20:16:22
MXP,Tuzla,Bósnia-Herzegóvina,2023,8,305.08,312.7233333333333,305.21,2023-05-14 20:16:22
MXP,Ouarzazate,Marrocos,2023,2,305.12,305.47,305.52,2023-05-14 20:16:22
MXP,Kuopio,Finlândia,2023,4,305.19,325.8696,306.22,2023-05-14 20:16:22
MXP,La Rochelle,França,2023,8,305.24,305.24,305.24,2023-05-14 20:16:22
MXP,Southampton,Reino Unido,2023,6,305.26,843.1402222222222,959.93,2023-05-14 20:16:22
MXP,Antália,Turquia,2023,8,305.59,350.49066666666664,324.16,2023-05-14 20:16:22
MXP,Oulu,Finlândia,2024,4,305.6,305.73125,305.81,2023-05-14 20:16:22
MXP,Mascate,Omã,2023,6,305.71,385.9435135135135,403.81,2023-05-14 20:16:22
MXP,Kruunupyy de Kokkola / Pietarsaari,Finlândia,2023,3,306.15,306.46888888888884,306.56,2023-05-14 20:16:22
MXP,Mascate,Omã,2023,2,306.22,428.945,421.54999999999995,2023-05-14 20:16:22
MXP,Alexandroupolis Dimokritos,Grécia,2023,3,306.39,306.39,306.39,2023-05-14 20:16:22
MXP,Nicósia,Chipre,2023,4,306.61,479.5940909090909,405.25,2023-05-14 20:16:22
MXP,Southampton,Reino Unido,2024,1,307.19,307.36400000000003,307.48,2023-05-14 20:16:22
MXP,Newark,Estados Unidos,2023,2,307.19,314.3876923076923,314.31,2023-05-14 20:16:22
MXP,Nevşehir,Turquia,2024,3,307.63,353.705,353.705,2023-05-14 20:16:22
MXP,Breslavia,Polónia,2023,1,307.63,307.63,307.63,2023-05-14 20:16:22
MXP,Astypálaia,Grécia,2023,7,307.88,471.2966666666667,438.495,2023-05-14 20:16:22
MXP,Akureyri,Islândia,2023,5,307.93,963.0400000000001,862.29,2023-05-14 20:16:22
MXP,Kayseri,Turquia,2023,6,308.21,379.4117948717949,374.09,2023-05-14 20:16:22
MXP,Gizé,Egito,2023,12,308.91,716.5,824.27,2023-05-14 20:16:22
MXP,Medina,Arábia Saudita,2023,10,309.0,451.74333333333334,460.85,2023-05-14 20:16:22
MXP,Mitilene,Grécia,2023,8,309.08,408.936,450.36,2023-05-14 20:16:22
MXP,Valverde,Espanha,2023,7,309.19,309.55,309.55,2023-05-14 20:16:22
MXP,Oostende,Bélgica,2023,5,309.65,491.63740740740735,517.61,2023-05-14 20:16:22
MXP,Adana,Turquia,2024,2,309.82,310.372,309.85,2023-05-14 20:16:22
MXP,Enfidha,Tunísia,2023,6,310.07,487.71600000000007,585.91,2023-05-14 20:16:22
MXP,Kiruna,Suécia,2023,9,310.32,310.32,310.32,2023-05-14 20:16:22
MXP,Estrasburgo,França,2023,12,310.65,385.77181818181816,426.93,2023-05-14 20:16:22
MXP,Kiruna,Suécia,2023,3,310.98,395.3480434782608,387.36,2023-05-14 20:16:22
MXP,Manama,Bahrain,2023,3,311.02,536.8736507936508,533.26,2023-05-14 20:16:22
MXP,Gazipasa,Turquia,2023,3,311.02,327.4293333333333,341.19,2023-05-14 20:16:22
MXP,Al Hoceima,Marrocos,2023,5,311.26,608.7392307692307,409.98,2023-05-14 20:16:22
MXP,Ilha do Pico,Portugal,2023,3,311.42,674.154,328.35,2023-05-14 20:16:22
MXP,Nador,Marrocos,2023,4,311.62,479.613448275862,449.69,2023-05-14 20:16:22
MXP,Nevşehir,Turquia,2024,2,311.75,311.94,311.94,2023-05-14 20:16:22
MXP,Pamplona,Espanha,2023,6,312.22,339.1336363636364,359.98,2023-05-14 20:16:22
MXP,Narvik,Noruega,2023,5,312.22,399.0381481481482,367.79,2023-05-14 20:16:22
MXP,Hermópolis,Grécia,2023,7,313.0,372.89851851851853,358.04,2023-05-14 20:16:22
MXP,Southampton,Reino Unido,2023,7,313.0,899.7692307692307,1084.98,2023-05-14 20:16:22
MXP,Turim,Itália,2023,8,313.03,477.655,483.035,2023-05-14 20:16:22
MXP,Parma,Itália,2023,3,313.11,313.34777777777776,313.13,2023-05-14 20:16:22
MXP,Denizli,Turquia,2023,6,313.46,313.94888888888886,313.5,2023-05-14 20:16:22
MXP,Batman,Turquia,2023,5,313.49,313.49,313.49,2023-05-14 20:16:22
MXP,Newquay,Reino Unido,2023,7,313.53,313.777,313.83,2023-05-14 20:16:22
MXP,Astypálaia,Grécia,2023,5,313.57,435.46255813953485,398.73,2023-05-14 20:16:22
MXP,Ostersund,Suécia,2023,4,313.61,459.52,428.36,2023-05-14 20:16:22
MXP,Kuopio,Finlândia,2023,5,313.77,368.8694444444444,368.745,2023-05-14 20:16:22
MXP,Norwich,Reino Unido,2023,6,313.77,314.1255555555556,313.9,2023-05-14 20:16:22
MXP,Molde,Noruega,2023,3,313.78,451.31434782608693,377.14,2023-05-14 20:16:22
MXP,Parthéni,Grécia,2023,8,313.78,452.96,528.03,2023-05-14 20:16:22
MXP,Nador,Marrocos,2023,3,313.9,313.9,313.9,2023-05-14 20:16:22
MXP,Kuopio,Finlândia,2023,2,314.31,400.6668421052632,376.73,2023-05-14 20:16:22
MXP,Konya,Turquia,2023,5,314.45,316.11,316.8,2023-05-14 20:16:22
MXP,Bardufoss,Noruega,2023,6,314.49,381.6236363636363,436.35,2023-05-14 20:16:22
MXP,Bol,Croácia,2023,8,314.5,595.6083636363636,642.21,2023-05-14 20:16:22
MXP,Al Hoceima,Marrocos,2023,4,314.52,582.1694444444444,714.21,2023-05-14 20:16:22
MXP,Paleochori,Grécia,2023,8,314.86,455.71423076923077,429.825,2023-05-14 20:16:22
MXP,Ancara,Turquia,2023,8,314.88,428.8861538461539,417.695,2023-05-14 20:16:22
MXP,Dakhla,Sara Ocidental,2023,10,315.04,315.52750000000003,315.69,2023-05-14 20:16:22
MXP,Stavanger,Noruega,2023,12,315.29,315.71363636363634,315.94,2023-05-14 20:16:22
MXP,Condado de Derry,Reino Unido,2023,4,315.3,664.58,344.65,2023-05-14 20:16:22
MXP,Kuusamo,Finlândia,2023,2,315.43,437.4079310344828,410.17,2023-05-14 20:16:22
MXP,Pau,França,2023,9,315.71,340.781,355.42,2023-05-14 20:16:22
MXP,Tampere,Finlândia,2023,4,315.86,402.73759259259253,366.09,2023-05-14 20:16:22
MXP,León,Espanha,2023,3,315.88,315.99111111111114,315.88,2023-05-14 20:16:22
MXP,Samsun,Turquia,2023,4,316.39,1435.1492592592592,578.56,2023-05-14 20:16:22
MXP,Houmt Souk,Tunísia,2023,2,316.53,384.184,343.2,2023-05-14 20:16:22
MXP,Nevşehir,Turquia,2023,4,316.54,482.58296875,442.9,2023-05-14 20:16:22
MXP,Kythira,Grécia,2023,8,316.65,411.1137037037037,431.13,2023-05-14 20:16:22
MXP,Gazipasa,Turquia,2023,5,317.25,340.44739130434783,337.75,2023-05-14 20:16:22
MXP,Trebizonda,Turquia,2023,5,317.28,553.1293975903615,482.25,2023-05-14 20:16:22
MXP,Jerez de la Frontera,Espanha,2024,1,317.48,317.48,317.48,2023-05-14 20:16:22
MXP,Abidjã,Costa do Marfim,2023,10,317.72,353.7207142857143,340.49,2023-05-14 20:16:22
MXP,Pafos,Chipre,2023,11,317.73,318.295,318.295,2023-05-14 20:16:22
MXP,Gazipasa,Turquia,2023,4,317.81,476.6691666666667,375.165,2023-05-14 20:16:22
MXP,Diyarbakır,Turquia,2023,5,318.21,319.5416666666667,320.06,2023-05-14 20:16:22
MXP,Baku,Azerbeijão,2023,11,318.36,331.23,335.52,2023-05-14 20:16:22
MXP,Oulu,Finlândia,2023,7,318.43,319.64444444444445,319.5,2023-05-14 20:16:22
MXP,Miami,Estados Unidos,2023,12,318.6,389.3664,391.46,2023-05-14 20:16:22
MXP,Houmt Souk,Tunísia,2023,8,318.7,514.7362790697674,487.5,2023-05-14 20:16:22
MXP,Aqaba,Jordânia,2023,5,319.11,456.36484375,411.565,2023-05-14 20:16:22
MXP,Toronto,Canadá,2023,5,319.17,448.98133333333334,430.28999999999996,2023-05-14 20:16:22
MXP,Melilla,Espanha,2023,8,319.28,337.6411764705882,345.5,2023-05-14 20:16:22
MXP,Esmirna,Turquia,2023,8,319.38,472.85941176470584,404.05,2023-05-14 20:16:22
MXP,Figari,França,2023,2,319.41,319.41,319.41,2023-05-14 20:16:22
MXP,Dubrovnik,Croácia,2023,11,319.62,333.37,333.37,2023-05-14 20:16:22
MXP,Gaziantep,Turquia,2024,2,319.84,319.856,319.84,2023-05-14 20:16:22
MXP,Gazipasa,Turquia,2024,2,319.84,320.171,319.88,2023-05-14 20:16:22
MXP,Malé,Maldivas,2023,9,319.84,494.7519047619047,465.7,2023-05-14 20:16:22
MXP,Newark,Estados Unidos,2023,12,320.45,330.53125,327.64,2023-05-14 20:16:22
MXP,Luxor,Egito,2023,2,320.52,423.1468965517241,381.99,2023-05-14 20:16:22
MXP,Santa Cruz das Flores,Portugal,2023,2,320.74,321.06666666666666,320.88,2023-05-14 20:16:22
MXP,Bodø,Noruega,2023,6,321.01,367.2044,332.8,2023-05-14 20:16:22
MXP,Brest,França,2023,2,321.03,376.5311111111111,375.24,2023-05-14 20:16:22
MXP,Turim,Itália,2023,11,321.11,322.72499999999997,322.06,2023-05-14 20:16:22
MXP,Baia Mare,Roménia,2023,4,321.9,489.8892000000001,532.86,2023-05-14 20:16:22
MXP,Dalaman,Turquia,2023,8,322.03,540.7944680851064,498.0,2023-05-14 20:16:22
MXP,Joensuu,Finlândia,2023,7,322.19,323.06,322.19,2023-05-14 20:16:22
MXP,Calvi,França,2023,3,322.4,519.1715789473684,631.62,2023-05-14 20:16:22
MXP,Edremit,Turquia,2023,5,322.79,322.86777777777775,322.93,2023-05-14 20:16:22
MXP,Sharjah,Emirados Árabes Unidos,2023,5,323.01,462.83523178807945,477.09,2023-05-14 20:16:22
MXP,Sfax,Tunísia,2023,5,323.4,415.53315789473686,449.35,2023-05-14 20:16:22
MXP,Bastia,França,2023,2,323.5,341.84411764705885,324.21,2023-05-14 20:16:22
MXP,Nimes,França,2023,4,323.7,377.10066666666665,325.29,2023-05-14 20:16:22
MXP,Naxos,Grécia,2023,4,323.74,469.81750000000005,388.09,2023-05-14 20:16:22
MXP,Samarcanda,Uzbequistão,2023,5,323.75,647.2797777777778,605.1949999999999,2023-05-14 20:16:22
MXP,Nova Iorque,Estados Unidos,2024,3,323.82,325.454,325.58500000000004,2023-05-14 20:16:22
MXP,Arrecife,Espanha,2023,8,324.44,324.44,324.44,2023-05-14 20:16:22
MXP,Nova Iorque,Estados Unidos,2024,2,324.83,327.93536585365854,325.64,2023-05-14 20:16:22
MXP,Ilha do Pico,Portugal,2023,5,324.86,403.1182926829268,359.54,2023-05-14 20:16:22
MXP,Bournemouth,Reino Unido,2023,8,324.92,339.29200000000003,342.3,2023-05-14 20:16:22
MXP,Luxor,Egito,2023,6,324.92,413.16837837837835,379.39,2023-05-14 20:16:22
MXP,Estrasburgo,França,2023,9,325.29,339.6025,339.3,2023-05-14 20:16:22
MXP,Enfidha,Tunísia,2023,3,325.46,396.81684210526316,329.05,2023-05-14 20:16:22
MXP,Astypálaia,Grécia,2023,6,325.7,471.72527472527474,481.46,2023-05-14 20:16:22
MXP,Bodø,Noruega,2023,10,325.83,429.086,465.2,2023-05-14 20:16:22
MXP,Van,Turquia,2023,5,325.9,326.3354545454545,326.04,2023-05-14 20:16:22
MXP,Cluj,Roménia,2023,8,326.37,389.315,389.315,2023-05-14 20:16:22
MXP,Umeå,Suécia,2023,10,326.45,328.35714285714283,328.95,2023-05-14 20:16:22
MXP,Miami,Estados Unidos,2024,1,326.55,368.70416666666665,382.255,2023-05-14 20:16:22
MXP,Haugesund,Noruega,2023,3,326.81,327.53900000000004,327.91,2023-05-14 20:16:22
MXP,Kittilä,Finlândia,2023,4,326.99,425.3353333333333,344.03,2023-05-14 20:16:22
MXP,Oulu,Finlândia,2023,2,327.1,393.31658536585365,347.62,2023-05-14 20:16:22
MXP,Ostersund,Suécia,2023,3,327.12,376.7690909090909,387.02,2023-05-14 20:16:22
MXP,Dakhla,Sara Ocidental,2023,2,327.18,355.02000000000004,365.22,2023-05-14 20:16:22
MXP,New Windsor,Estados Unidos,2023,3,327.91,435.97487179487183,423.03,2023-05-14 20:16:22
MXP,Longyearbyen,Noruega,2023,9,328.2,393.0576923076923,376.45,2023-05-14 20:16:22
MXP,Kálymnos,Grécia,2023,6,328.27,408.8367647058824,457.605,2023-05-14 20:16:22
MXP,Newark,Estados Unidos,2024,2,328.34,350.2425,354.395,2023-05-14 20:16:22
MXP,Ouarzazate,Marrocos,2023,6,328.55,338.73333333333335,328.55,2023-05-14 20:16:22
MXP,Crotone,Itália,2023,3,328.67,328.67,328.67,2023-05-14 20:16:22
MXP,Denizli,Turquia,2023,2,328.85,330.329,329.89,2023-05-14 20:16:22
MXP,Dole,França,2023,3,329.0,329.51,329.51,2023-05-14 20:16:22
MXP,Kütahya,Turquia,2023,6,329.01,329.29,329.22,2023-05-14 20:16:22
MXP,Toronto,Canadá,2023,9,329.17,438.91280821917803,445.145,2023-05-14 20:16:22
MXP,Dakhla,Sara Ocidental,2023,5,329.28,397.79872727272726,393.07,2023-05-14 20:16:22
MXP,Basileia,Suíça,2023,8,329.84,329.85499999999996,329.84,2023-05-14 20:16:22
MXP,Sørvágur,Ilhas Faroe,2023,7,329.86,404.3021052631579,381.41999999999996,2023-05-14 20:16:22
MXP,Arvidsjaur,Suécia,2023,7,330.19,418.92150000000004,448.505,2023-05-14 20:16:22
MXP,Inverness,Reino Unido,2023,7,330.3,348.8625,331.26,2023-05-14 20:16:22
MXP,Luxor,Egito,2023,3,330.42,412.66962962962964,401.245,2023-05-14 20:16:22
MXP,Luxor,Egito,2023,10,330.57,446.05931034482757,401.55,2023-05-14 20:16:22
MXP,Batumi,Geórgia,2023,5,330.85,380.31350000000003,364.53999999999996,2023-05-14 20:16:22
MXP,Cavala,Grécia,2023,8,330.99,374.9479591836735,359.57,2023-05-14 20:16:22
MXP,Dakhla,Sara Ocidental,2023,4,331.03,526.93825,497.45,2023-05-14 20:16:22
MXP,Puerto del Rosario,Espanha,2023,8,331.06,331.06,331.06,2023-05-14 20:16:22
MXP,Samarcanda,Uzbequistão,2023,9,331.27,699.7394117647059,755.315,2023-05-14 20:16:22
MXP,Gaziantep,Turquia,2023,4,331.32,370.2896875,371.365,2023-05-14 20:16:22
MXP,Skellefteå,Suécia,2023,7,331.47,402.93055555555554,369.025,2023-05-14 20:16:22
MXP,Perpinhã,França,2023,2,331.47,399.1690476190476,458.74,2023-05-14 20:16:22
MXP,Miami,Estados Unidos,2023,3,331.5,394.81859375,371.52,2023-05-14 20:16:22
MXP,Sivas,Turquia,2023,3,332.12,332.6985714285714,332.9,2023-05-14 20:16:22
MXP,Luxor,Egito,2023,5,332.12,429.27478632478636,430.82,2023-05-14 20:16:22
MXP,Kayseri,Turquia,2023,8,332.18,508.6575,520.09,2023-05-14 20:16:22
MXP,Ancara,Turquia,2023,7,332.38,419.8204,419.86,2023-05-14 20:16:22
MXP,Adana,Turquia,2023,6,332.64,400.09625,332.84,2023-05-14 20:16:22
MXP,Kajaani,Finlândia,2023,8,332.86,333.85499999999996,334.13,2023-05-14 20:16:22
MXP,Miami,Estados Unidos,2024,3,332.87,374.02444444444444,393.39,2023-05-14 20:16:22
MXP,Newquay,Reino Unido,2023,2,333.05,333.05,333.05,2023-05-14 20:16:22
MXP,Oulu,Finlândia,2023,4,333.05,486.05811881188123,495.53,2023-05-14 20:16:22
MXP,Manama,Bahrain,2023,5,333.06,441.6703921568627,400.3,2023-05-14 20:16:22
MXP,Assuão,Egito,2023,5,333.12,424.13045454545454,425.75,2023-05-14 20:16:22
MXP,Tromsø,Noruega,2023,7,333.67,480.7483333333333,476.235,2023-05-14 20:16:22
MXP,Hermópolis,Grécia,2023,6,333.75,362.85823529411766,334.56,2023-05-14 20:16:22
MXP,Al Hoceima,Marrocos,2023,2,333.78,888.975,902.53,2023-05-14 20:16:22
MXP,Samsun,Turquia,2023,3,333.84,334.265,334.265,2023-05-14 20:16:22
MXP,Malé,Maldivas,2023,4,333.87,586.0521428571428,580.75,2023-05-14 20:16:22
MXP,Lille,França,2023,8,334.37,476.7741176470588,335.04,2023-05-14 20:16:22
MXP,Mumbai,Índia,2023,6,334.67,448.93985507246373,389.66,2023-05-14 20:16:22
MXP,Doha,Catar,2023,3,334.8,591.9837037037037,472.38,2023-05-14 20:16:22
MXP,Plovdiv,Bulgária,2023,4,334.84,335.49454545454546,335.6,2023-05-14 20:16:22
MXP,Graz,Áustria,2023,6,334.95,335.025,335.025,2023-05-14 20:16:22
MXP,Denizli,Turquia,2023,1,335.01,335.01,335.01,2023-05-14 20:16:22
MXP,Castres Mazamet,França,2023,5,335.38,336.518,336.51,2023-05-14 20:16:22
MXP,Errachidia,Marrocos,2023,4,335.79,415.0178787878788,391.01,2023-05-14 20:16:22
MXP,Errachidia,Marrocos,2023,3,335.84,337.994,338.115,2023-05-14 20:16:22
MXP,Errachidia,Marrocos,2023,9,335.93,369.61875,395.09,2023-05-14 20:16:22
MXP,San Sebastián de la Gomera,Espanha,2023,6,336.43,387.1915909090909,377.42,2023-05-14 20:16:22
MXP,Kemi,Finlândia,2023,11,336.44,336.96888888888884,336.49,2023-05-14 20:16:22
MXP,Ostersund,Suécia,2023,6,336.66,399.12,374.53499999999997,2023-05-14 20:16:22
MXP,Mardin,Turquia,2023,5,336.66,338.0675,338.62,2023-05-14 20:16:22
MXP,Lille,França,2023,1,336.71,425.73,425.295,2023-05-14 20:16:22
MXP,Bristol,Reino Unido,2023,11,336.8,336.8,336.8,2023-05-14 20:16:22
MXP,Malé,Maldivas,2023,3,337.05,548.7162025316455,546.57,2023-05-14 20:16:22
MXP,Boston,Estados Unidos,2023,3,337.05,518.4649999999999,463.655,2023-05-14 20:16:22
MXP,Newark,Estados Unidos,2024,3,337.09,337.76,337.76,2023-05-14 20:16:22
MXP,Trebizonda,Turquia,2023,3,337.19,338.18555555555554,338.25,2023-05-14 20:16:22
MXP,Newark,Estados Unidos,2024,1,337.57,338.21666666666664,337.94,2023-05-14 20:16:22
MXP,Kiruna,Suécia,2023,2,337.63,420.437962962963,433.53,2023-05-14 20:16:22
MXP,Skellefteå,Suécia,2023,3,338.23,357.8286956521739,373.14,2023-05-14 20:16:22
MXP,Valverde,Espanha,2023,5,338.23,442.64238095238096,389.54,2023-05-14 20:16:22
MXP,Kiruna,Suécia,2023,12,338.38,412.6204347826087,374.15,2023-05-14 20:16:22
MXP,Bol,Croácia,2023,7,338.42,520.4298148148148,438.26,2023-05-14 20:16:22
MXP,Elazığ,Turquia,2023,6,338.91,339.27000000000004,339.33000000000004,2023-05-14 20:16:22
MXP,Vila do Porto,Portugal,2023,4,338.91,750.212,664.75,2023-05-14 20:16:22
MXP,Cuneo,Itália,2023,6,339.02,340.86,340.845,2023-05-14 20:16:22
MXP,Ordu,Turquia,2023,5,339.04,339.35333333333335,339.44,2023-05-14 20:16:22
MXP,Bydgoszcz,Polónia,2023,6,339.2,340.47999999999996,341.21,2023-05-14 20:16:22
MXP,Sørvágur,Ilhas Faroe,2024,3,339.25,339.382,339.47,2023-05-14 20:16:22
MXP,Monastir,Tunísia,2023,7,339.39,387.94733333333335,362.51,2023-05-14 20:16:22
MXP,Vila do Porto,Portugal,2023,8,339.49,561.7054347826087,602.9649999999999,2023-05-14 20:16:22
MXP,Chicago,Estados Unidos,2023,10,339.54,435.21924050632913,433.11,2023-05-14 20:16:22
MXP,Valverde,Espanha,2023,3,339.64,341.66615384615386,340.11,2023-05-14 20:16:22
MXP,Valverde,Espanha,2023,9,340.1,342.59666666666664,343.83,2023-05-14 20:16:22
MXP,Doha,Catar,2023,5,340.3,442.137245508982,443.82,2023-05-14 20:16:22
MXP,New Windsor,Estados Unidos,2023,5,340.35,432.6203703703704,418.245,2023-05-14 20:16:22
MXP,Bodrum,Turquia,2023,2,340.38,340.38,340.38,2023-05-14 20:16:22
MXP,Miami,Estados Unidos,2023,2,340.41,370.04897435897436,369.69,2023-05-14 20:16:22
MXP,Crotone,Itália,2023,8,340.47,553.7860606060606,558.97,2023-05-14 20:16:22
MXP,Oostende,Bélgica,2023,4,340.49,507.17157142857144,527.605,2023-05-14 20:16:22
MXP,Chicago,Estados Unidos,2023,8,340.71,424.51461538461535,412.62,2023-05-14 20:16:22
MXP,Vólos,Grécia,2023,8,341.01,458.2602325581395,433.04,2023-05-14 20:16:22
MXP,Kittilä,Finlândia,2024,2,341.4,341.7325,341.92,2023-05-14 20:16:22
MXP,Florença,Itália,2024,3,341.41,343.2366666666667,343.54,2023-05-14 20:16:22
MXP,Nicósia,Chipre,2023,11,341.97,360.06500000000005,360.06500000000005,2023-05-14 20:16:22
MXP,Ancara,Turquia,2024,1,342.19,342.33,342.19,2023-05-14 20:16:22
MXP,Kayseri,Turquia,2023,7,342.34,378.1716666666666,374.12,2023-05-14 20:16:22
MXP,Oulu,Finlândia,2023,5,342.36,434.88514285714285,426.57,2023-05-14 20:16:22
MXP,Rovaniemi,Finlândia,2023,6,342.62,396.285,422.635,2023-05-14 20:16:22
MXP,Nicósia,Chipre,2023,2,342.64,412.53615384615387,373.56,2023-05-14 20:16:22
MXP,Samsun,Turquia,2023,1,342.8,343.43,343.55,2023-05-14 20:16:22
MXP,Nova Deli,Índia,2024,3,342.9,343.01,343.01,2023-05-14 20:16:22
MXP,Ostersund,Suécia,2023,5,342.9,343.03181818181815,343.09,2023-05-14 20:16:22
MXP,Medina,Arábia Saudita,2023,7,343.1,418.18,343.25,2023-05-14 20:16:22
MXP,Vila do Porto,Portugal,2023,9,343.1,343.63,343.63,2023-05-14 20:16:22
MXP,Calvi,França,2023,2,343.13,360.65176470588233,343.94,2023-05-14 20:16:22
MXP,Sørvágur,Ilhas Faroe,2023,4,343.2,430.9614035087719,395.86,2023-05-14 20:16:22
MXP,Aarhus,Dinamarca,2023,11,343.21,343.21,343.21,2023-05-14 20:16:22
MXP,Gazipasa,Turquia,2023,2,343.27,369.7711111111111,343.86,2023-05-14 20:16:22
MXP,Sfax,Tunísia,2023,12,343.68,343.967,343.92,2023-05-14 20:16:22
MXP,Medina,Arábia Saudita,2023,9,343.94,519.2495454545455,511.035,2023-05-14 20:16:22
MXP,Estrasburgo,França,2024,1,343.95,344.19,343.95,2023-05-14 20:16:22
MXP,Caen,França,2023,4,344.3,628.0279487179487,699.38,2023-05-14 20:16:22
MXP,Florença,Itália,2023,12,344.91,344.985,344.985,2023-05-14 20:16:22
MXP,Oostende,Bélgica,2023,3,344.97,527.4428,520.67,2023-05-14 20:16:22
MXP,Tozeur,Tunísia,2023,4,345.52,995.5253571428572,348.72,2023-05-14 20:16:22
MXP,Ilha do Pico,Portugal,2023,4,345.52,854.8534210526316,430.39,2023-05-14 20:16:22
MXP,Luleå,Suécia,2024,2,345.66,345.66,345.66,2023-05-14 20:16:22
MXP,St Peter Port,Guernsey,2023,3,345.92,345.92,345.92,2023-05-14 20:16:22
MXP,Nova Deli,Índia,2024,1,346.02,574.9875,574.995,2023-05-14 20:16:22
MXP,Ilha do Pico,Portugal,2023,11,346.15,346.635,346.72,2023-05-14 20:16:22
MXP,Svolvær,Noruega,2023,9,346.2,540.5116666666667,636.48,2023-05-14 20:16:22
MXP,St Peter Port,Guernsey,2023,4,346.55,359.32428571428574,346.6,2023-05-14 20:16:22
MXP,Tampere,Finlândia,2023,2,346.88,443.748,509.53,2023-05-14 20:16:22
MXP,Kuusamo,Finlândia,2023,3,347.29,348.4041666666667,348.83,2023-05-14 20:16:22
MXP,Bugia,Argélia,2023,3,347.38,348.22875,348.47,2023-05-14 20:16:22
MXP,Cidade da Praia,Cabo Verde,2023,4,347.39,639.6604838709677,632.74,2023-05-14 20:16:22
MXP,Assuão,Egito,2023,2,347.49,547.3261538461538,573.575,2023-05-14 20:16:22
MXP,Skellefteå,Suécia,2024,2,347.53,347.8522222222222,347.89,2023-05-14 20:16:22
MXP,Isle of Islay,Reino Unido,2023,10,347.65,598.8021875,605.88,2023-05-14 20:16:22
MXP,Hambantota,Sri Lanka,2023,10,348.13,349.088,348.86,2023-05-14 20:16:22
MXP,Malmo,Suécia,2023,7,348.24,535.5705555555555,349.57,2023-05-14 20:16:22
MXP,Grimsby,Reino Unido,2023,3,348.26,349.29714285714283,348.26,2023-05-14 20:16:22
MXP,Horta,Portugal,2023,8,348.31,638.8743661971831,663.71,2023-05-14 20:16:22
MXP,Acra,Gana,2023,11,348.37,468.18250000000006,468.105,2023-05-14 20:16:22
MXP,Van,Turquia,2023,2,348.45,349.6972727272727,349.61,2023-05-14 20:16:22
MXP,Bolonha,Itália,2023,12,348.46,348.46,348.46,2023-05-14 20:16:22
MXP,Konya,Turquia,2023,4,348.49,349.17,349.28,2023-05-14 20:16:22
MXP,Darlington,Reino Unido,2023,7,348.56,348.61333333333334,348.6,2023-05-14 20:16:22
MXP,Mostar,Bósnia-Herzegóvina,2023,7,349.15,349.83666666666664,349.15,2023-05-14 20:16:22
MXP,Exeter,Reino Unido,2023,5,349.32,352.7096875,352.38,2023-05-14 20:16:22
MXP,Monastir,Tunísia,2023,8,349.55,507.06088888888894,466.42,2023-05-14 20:16:22
MXP,Gaziantep,Turquia,2023,3,349.65,350.04499999999996,350.26,2023-05-14 20:16:22
MXP,Sørvágur,Ilhas Faroe,2024,4,349.87,349.87,349.87,2023-05-14 20:16:22
MXP,Bodø,Noruega,2023,7,350.16,421.09416666666664,405.13,2023-05-14 20:16:22
MXP,Cardiff,Reino Unido,2023,12,350.33,350.33,350.33,2023-05-14 20:16:22
MXP,Debrecen,Hungria,2023,7,350.82,376.04900000000004,350.86,2023-05-14 20:16:22
MXP,Miami,Estados Unidos,2024,2,350.95,383.0410344827586,378.52,2023-05-14 20:16:22
MXP,Mascate,Omã,2023,4,350.96,602.8019230769231,494.71,2023-05-14 20:16:22
MXP,Condado de Derry,Reino Unido,2023,2,350.99,377.22285714285715,353.635,2023-05-14 20:16:22
MXP,Kahramanmaras,Turquia,2023,5,351.59,383.2745238095238,389.435,2023-05-14 20:16:22
MXP,Narvik,Noruega,2023,6,351.69,402.51076923076926,412.21,2023-05-14 20:16:22
MXP,Saragoça,Espanha,2023,10,351.74,351.98,351.98,2023-05-14 20:16:22
MXP,Gazipasa,Turquia,2023,9,351.84,392.22404255319145,381.13,2023-05-14 20:16:22
MXP,Ørland,Noruega,2023,6,352.06,523.8086363636363,522.81,2023-05-14 20:16:22
MXP,Van,Turquia,2023,4,352.53,352.53,352.53,2023-05-14 20:16:22
MXP,Chicago,Estados Unidos,2023,11,352.75,468.69775,427.45,2023-05-14 20:16:22
MXP,Astypálaia,Grécia,2023,8,352.97,509.8757627118644,516.6,2023-05-14 20:16:22
MXP,"Washington, D.C.",Estados Unidos,2023,11,353.13,435.7595454545454,437.16499999999996,2023-05-14 20:16:22
MXP,Kálymnos,Grécia,2023,8,353.14,514.1882352941177,500.93,2023-05-14 20:16:22
MXP,Trebizonda,Turquia,2023,2,353.18,460.5157142857143,458.03,2023-05-14 20:16:22
MXP,Bodrum,Turquia,2023,8,353.21,462.21020408163264,445.48,2023-05-14 20:16:22
MXP,Oulu,Finlândia,2023,6,353.5,353.5,353.5,2023-05-14 20:16:22
MXP,Vitória,Espanha,2023,8,353.67,813.9456250000001,908.605,2023-05-14 20:16:22
MXP,Newark,Estados Unidos,2023,6,353.82,407.18142857142857,368.565,2023-05-14 20:16:22
MXP,Kristiansand,Noruega,2023,5,354.1,385.8436,372.15,2023-05-14 20:16:22
MXP,Sogndal,Noruega,2023,9,354.31,354.6922222222222,354.87,2023-05-14 20:16:22
MXP,Santa Cruz das Flores,Portugal,2023,9,354.52,966.2621951219512,461.99,2023-05-14 20:16:22
MXP,Batumi,Geórgia,2023,6,354.66,530.8004615384615,526.49,2023-05-14 20:16:22
MXP,Kirkenes,Noruega,2023,8,354.83,355.6475,356.02,2023-05-14 20:16:22
MXP,Saarbrucken,Alemanha,2023,4,354.85,515.7542857142857,542.06,2023-05-14 20:16:22
MXP,Bergerac,França,2023,8,355.31,355.837,355.89,2023-05-14 20:16:22
MXP,Grimsby,Reino Unido,2023,4,355.32,356.81800000000004,356.665,2023-05-14 20:16:22
MXP,Tbilisi,Geórgia,2023,10,355.86,355.86,355.86,2023-05-14 20:16:22
MXP,Pisa,Itália,2023,9,355.94,356.18666666666667,356.31,2023-05-14 20:16:22
MXP,Dakhla,Sara Ocidental,2023,3,355.98,405.7804545454546,394.815,2023-05-14 20:16:22
MXP,Baku,Azerbeijão,2023,8,357.2,421.20000000000005,445.39,2023-05-14 20:16:22
MXP,Friedrichshafen,Alemanha,2023,8,357.29,358.19666666666666,358.65,2023-05-14 20:16:22
MXP,Brive-la-Gaillarde,França,2023,4,357.49,357.69300000000004,357.70500000000004,2023-05-14 20:16:22
MXP,Mumbai,Índia,2023,5,357.59,530.8909375000001,525.355,2023-05-14 20:16:22
MXP,Al Hoceima,Marrocos,2023,6,358.29,503.242,358.89,2023-05-14 20:16:22
MXP,Mascate,Omã,2023,7,358.5,469.4836363636363,455.1,2023-05-14 20:16:22
MXP,Kastelorizo,Grécia,2023,7,358.74,359.67333333333335,358.74,2023-05-14 20:16:22
MXP,Luxor,Egito,2023,7,358.88,413.17692307692306,398.86,2023-05-14 20:16:22
MXP,Karlsruhe,Alemanha,2023,8,359.4,359.48,359.41,2023-05-14 20:16:22
MXP,Akureyri,Islândia,2023,4,359.4,554.3166666666666,428.9,2023-05-14 20:16:22
MXP,Kiruna,Suécia,2023,4,359.41,520.9593548387097,577.38,2023-05-14 20:16:22
MXP,New Windsor,Estados Unidos,2023,4,359.85,503.154125,472.515,2023-05-14 20:16:22
MXP,Aqaba,Jordânia,2023,12,360.0,431.13793103448273,387.78,2023-05-14 20:16:22
MXP,Adıyaman,Turquia,2023,5,360.3,360.635,360.46,2023-05-14 20:16:22
MXP,Narvik,Noruega,2023,7,360.5,431.4757692307692,424.105,2023-05-14 20:16:22
MXP,Dubai,Emirados Árabes Unidos,2023,9,360.53,360.53,360.53,2023-05-14 20:16:22
MXP,Ilha do Pico,Portugal,2023,8,360.54,650.669108910891,679.01,2023-05-14 20:16:22
MXP,Chicago,Estados Unidos,2023,2,360.71,417.1533333333333,415.58,2023-05-14 20:16:22
MXP,Nevşehir,Turquia,2023,9,360.93,420.0117391304348,392.79,2023-05-14 20:16:22
MXP,Miami,Estados Unidos,2023,1,361.18,445.39,445.39,2023-05-14 20:16:22
MXP,Alta,Noruega,2023,10,361.2,362.50666666666666,361.54,2023-05-14 20:16:22
MXP,Jidá,Arábia Saudita,2023,2,361.45,438.43,419.26,2023-05-14 20:16:22
MXP,Miami,Estados Unidos,2023,4,361.48,460.67499999999995,450.475,2023-05-14 20:16:22
MXP,Errachidia,Marrocos,2023,5,361.66,362.3127272727273,361.89,2023-05-14 20:16:22
MXP,Banjul,Gâmbia,2024,2,362.13,362.40000000000003,362.13,2023-05-14 20:16:22
MXP,Oran,Argélia,2023,6,362.73,373.9404761904762,364.53,2023-05-14 20:16:22
MXP,Kahramanmaras,Turquia,2023,4,363.2,412.37999999999994,436.83,2023-05-14 20:16:22
MXP,Dakhla,Sara Ocidental,2023,6,363.71,1008.7461999999999,517.85,2023-05-14 20:16:22
MXP,"Washington, D.C.",Estados Unidos,2023,10,363.85,452.89208333333335,451.03,2023-05-14 20:16:22
MXP,Nova Deli,Índia,2023,11,364.02,640.7971428571428,368.59,2023-05-14 20:16:22
MXP,Longyearbyen,Noruega,2023,4,364.21,625.6177419354839,638.37,2023-05-14 20:16:22
MXP,Santa Cruz de la Palma,Espanha,2023,7,364.28,506.86625000000004,590.03,2023-05-14 20:16:22
MXP,Nova Deli,Índia,2023,12,364.28,621.86,619.66,2023-05-14 20:16:22
MXP,Bardufoss,Noruega,2023,12,364.6,401.34250000000003,423.34000000000003,2023-05-14 20:16:22
MXP,Boston,Estados Unidos,2023,2,364.73,456.66249999999997,469.91999999999996,2023-05-14 20:16:22
MXP,Fort Lauderdale,Estados Unidos,2023,2,364.73,458.9907692307692,445.43,2023-05-14 20:16:22
MXP,Manama,Bahrain,2023,10,364.86,378.8175,364.87,2023-05-14 20:16:22
MXP,Fort Lauderdale,Estados Unidos,2023,4,365.15,560.6117460317461,458.4,2023-05-14 20:16:22
MXP,São Francisco,Estados Unidos,2024,1,365.43,406.5915384615385,372.43,2023-05-14 20:16:22
MXP,São Francisco,Estados Unidos,2024,2,365.53,415.26,427.315,2023-05-14 20:16:22
MXP,Kirkenes,Noruega,2023,4,365.54,375.7107692307692,378.68,2023-05-14 20:16:22
MXP,Dalaman,Turquia,2023,9,365.65,579.9681578947369,610.73,2023-05-14 20:16:22
MXP,Patras,Grécia,2023,9,365.7,365.7,365.7,2023-05-14 20:16:22
MXP,Fort Lauderdale,Estados Unidos,2023,3,366.05,465.9258571428572,436.67,2023-05-14 20:16:22
MXP,Chicago,Estados Unidos,2023,12,366.14,416.38599999999997,441.16,2023-05-14 20:16:22
MXP,Luleå,Suécia,2023,4,366.24,434.18142857142857,431.855,2023-05-14 20:16:22
MXP,Horta,Portugal,2024,2,366.67,366.67,366.67,2023-05-14 20:16:22
MXP,Konya,Turquia,2023,7,366.69,366.74333333333334,366.69,2023-05-14 20:16:22
MXP,Acra,Gana,2024,3,366.81,373.02375,375.05,2023-05-14 20:16:22
MXP,Cidade da Praia,Cabo Verde,2023,3,366.82,433.85291666666666,447.6,2023-05-14 20:16:22
MXP,Cidade da Praia,Cabo Verde,2023,5,366.85,490.9269333333334,458.03,2023-05-14 20:16:22
MXP,Ilha do Pico,Portugal,2023,7,367.09,417.70608695652174,441.02,2023-05-14 20:16:22
MXP,Verona,Itália,2023,9,367.15,367.49,367.53,2023-05-14 20:16:22
MXP,Bol,Croácia,2023,6,367.51,459.19199999999995,442.78,2023-05-14 20:16:22
MXP,Adıyaman,Turquia,2023,2,367.53,367.53,367.53,2023-05-14 20:16:22
MXP,Toronto,Canadá,2023,2,367.71,417.33666666666664,381.66,2023-05-14 20:16:22
MXP,Antuérpia,Bélgica,2023,4,367.75,874.4281538461539,638.12,2023-05-14 20:16:22
MXP,Toronto,Canadá,2023,6,368.06,789.1786206896552,664.64,2023-05-14 20:16:22
MXP,Boston,Estados Unidos,2023,11,368.87,439.81772727272727,410.455,2023-05-14 20:16:22
MXP,Chicago,Estados Unidos,2023,4,368.97,476.69797619047614,465.16,2023-05-14 20:16:22
MXP,Alexandria,Egito,2023,7,369.15,764.3000000000001,439.94,2023-05-14 20:16:22
MXP,Toronto,Canadá,2023,3,369.34,457.1580555555555,451.12,2023-05-14 20:16:22
MXP,Pamplona,Espanha,2023,1,369.34,419.05428571428564,446.65,2023-05-14 20:16:22
MXP,São Francisco,Estados Unidos,2023,10,369.71,435.745352112676,433.49,2023-05-14 20:16:22
MXP,Luxor,Egito,2023,4,369.78,492.0291666666667,468.36,2023-05-14 20:16:22
MXP,Tabuk,Arábia Saudita,2023,4,369.82,647.5304545454545,371.07,2023-05-14 20:16:22
MXP,Edremit,Turquia,2023,12,369.88,369.88,369.88,2023-05-14 20:16:22
MXP,Leknes,Noruega,2023,9,370.08,566.5777777777778,663.585,2023-05-14 20:16:22
MXP,São Francisco,Estados Unidos,2023,4,370.17,477.1846551724138,490.54,2023-05-14 20:16:22
MXP,Abidjã,Costa do Marfim,2024,1,370.31,395.32239999999996,386.83,2023-05-14 20:16:22
MXP,Acra,Gana,2023,10,370.55,638.0322916666667,598.365,2023-05-14 20:16:22
MXP,Vila do Porto,Portugal,2023,2,370.77,374.05277777777775,374.18,2023-05-14 20:16:22
MXP,Almaty,Cazaquistão,2023,6,370.87,610.85765625,629.585,2023-05-14 20:16:22
MXP,Mascate,Omã,2023,10,371.17,430.8642553191489,425.22,2023-05-14 20:16:22
MXP,Quebec,Canadá,2023,2,371.18,602.3011538461539,595.645,2023-05-14 20:16:22
MXP,Santa Cruz das Flores,Portugal,2023,6,371.57,1506.051304347826,608.23,2023-05-14 20:16:22
MXP,Paderborn,Alemanha,2023,9,371.59,514.1161904761905,372.97,2023-05-14 20:16:22
MXP,Bournemouth,Reino Unido,2023,3,371.72,374.102,374.235,2023-05-14 20:16:22
MXP,Luxor,Egito,2023,1,371.73,371.73,371.73,2023-05-14 20:16:22
MXP,Liubliana,Eslovénia,2023,1,371.73,371.73,371.73,2023-05-14 20:16:22
MXP,Kiruna,Suécia,2024,2,371.82,372.1666666666667,372.21,2023-05-14 20:16:22
MXP,Sfax,Tunísia,2023,4,372.21,559.1864705882354,688.51,2023-05-14 20:16:22
MXP,Southampton,Reino Unido,2023,8,372.24,851.1602857142857,697.09,2023-05-14 20:16:22
MXP,Kuopio,Finlândia,2023,6,372.76,382.4622727272727,373.23,2023-05-14 20:16:22
MXP,Chicago,Estados Unidos,2024,2,373.61,384.135,384.415,2023-05-14 20:16:22
MXP,São Francisco,Estados Unidos,2023,2,373.78,419.09487804878046,436.56,2023-05-14 20:16:22
MXP,New Windsor,Estados Unidos,2023,11,374.12,436.0736,422.81,2023-05-14 20:16:22
MXP,San Sebastián de la Gomera,Espanha,2023,8,374.23,756.4297142857143,888.46,2023-05-14 20:16:22
MXP,Gazipasa,Turquia,2023,7,374.32,392.77750000000003,393.0,2023-05-14 20:16:22
MXP,Argel,Argélia,2023,8,375.02,446.19272727272727,394.77,2023-05-14 20:16:22
MXP,Diyarbakır,Turquia,2023,4,375.82,375.82,375.82,2023-05-14 20:16:22
MXP,Sharjah,Emirados Árabes Unidos,2023,4,375.95,508.37160714285716,503.38,2023-05-14 20:16:22
MXP,Pula,Croácia,2023,2,376.06,415.0828571428571,424.92,2023-05-14 20:16:22
MXP,Cidade do Panamá,Panamá,2023,3,376.32,634.7235365853659,580.66,2023-05-14 20:16:22
MXP,Baia Mare,Roménia,2023,5,376.52,494.03409090909093,526.97,2023-05-14 20:16:22
MXP,Cidade do Panamá,Panamá,2023,5,376.52,608.7416513761467,632.33,2023-05-14 20:16:22
MXP,Aqaba,Jordânia,2024,1,376.58,480.462,549.63,2023-05-14 20:16:22
MXP,Ha'il,Arábia Saudita,2023,6,376.65,378.4111111111111,378.34,2023-05-14 20:16:22
MXP,Malmo,Suécia,2023,3,376.82,377.331,376.855,2023-05-14 20:16:22
MXP,Horta,Portugal,2023,7,376.87,423.25,409.92499999999995,2023-05-14 20:16:22
MXP,São Francisco,Estados Unidos,2023,3,377.05,462.2384285714285,458.805,2023-05-14 20:16:22
MXP,Montreal,Canadá,2023,4,377.08,529.8263917525774,508.43,2023-05-14 20:16:22
MXP,Kastelorizo,Grécia,2023,8,377.08,472.6382352941177,509.81,2023-05-14 20:16:22
MXP,Münster,Alemanha,2023,6,377.13,377.13,377.13,2023-05-14 20:16:22
MXP,São Francisco,Estados Unidos,2023,5,377.21,510.91838709677415,507.4,2023-05-14 20:16:22
MXP,Kemi,Finlândia,2023,5,377.23,378.8627272727272,379.07,2023-05-14 20:16:22
MXP,Castletown,Ilha de Man,2023,2,377.43,377.43,377.43,2023-05-14 20:16:22
MXP,Montreal,Canadá,2023,3,377.72,491.96666666666664,472.72,2023-05-14 20:16:22
MXP,Kálymnos,Grécia,2023,5,377.76,407.3369230769231,399.28,2023-05-14 20:16:22
MXP,Bergerac,França,2023,2,378.01,378.085,378.13,2023-05-14 20:16:22
MXP,Oran,Argélia,2023,7,378.02,379.2,379.2,2023-05-14 20:16:22
MXP,Al ‘Ulá,Arábia Saudita,2023,4,379.03,1346.755507246377,958.8,2023-05-14 20:16:22
MXP,Montreal,Canadá,2024,2,379.11,459.03000000000003,463.14,2023-05-14 20:16:22
MXP,Kuopio,Finlândia,2023,11,379.37,379.37,379.37,2023-05-14 20:16:22
MXP,Montreal,Canadá,2023,2,379.56,467.373125,453.5,2023-05-14 20:16:22
MXP,Sinop,Turquia,2023,6,379.79,381.079,381.07,2023-05-14 20:16:22
MXP,Manama,Bahrain,2023,7,379.95,483.6035294117647,380.22,2023-05-14 20:16:22
MXP,Gaziantep,Turquia,2023,9,380.22,380.8591666666667,381.0,2023-05-14 20:16:22
MXP,Skellefteå,Suécia,2023,9,380.67,381.26,381.33,2023-05-14 20:16:22
MXP,Yanbu,Arábia Saudita,2024,1,380.7,571.2984210526316,740.52,2023-05-14 20:16:22
MXP,Sørvágur,Ilhas Faroe,2023,3,380.81,455.1584210526316,422.64,2023-05-14 20:16:22
MXP,Tabuk,Arábia Saudita,2023,5,380.93,452.731875,485.43,2023-05-14 20:16:22
MXP,Espargos,Cabo Verde,2023,5,381.16,491.68390625,450.82000000000005,2023-05-14 20:16:22
MXP,Umeå,Suécia,2023,7,381.19,426.8878125,422.35,2023-05-14 20:16:22
MXP,Tours,França,2023,4,381.46,383.76375,384.22,2023-05-14 20:16:22
MXP,Sharjah,Emirados Árabes Unidos,2023,2,381.5,467.2548888888889,455.11,2023-05-14 20:16:22
MXP,Namsos,Noruega,2023,10,381.53,381.53,381.53,2023-05-14 20:16:22
MXP,Girona,Espanha,2023,2,381.69,445.0586666666667,490.68,2023-05-14 20:16:22
MXP,Aqaba,Jordânia,2023,10,381.77,476.68205882352936,456.52,2023-05-14 20:16:22
MXP,Florø,Noruega,2023,3,381.99,386.06545454545454,385.52,2023-05-14 20:16:22
MXP,Bol,Croácia,2023,9,382.4,382.5611111111111,382.45,2023-05-14 20:16:22
MXP,Nimes,França,2023,7,382.4,383.5422222222222,383.65,2023-05-14 20:16:22
MXP,Nicósia,Chipre,2023,7,382.41,440.18879999999996,441.02,2023-05-14 20:16:22
MXP,Kiruna,Suécia,2023,5,382.47,497.7681818181818,519.15,2023-05-14 20:16:22
MXP,"Washington, D.C.",Estados Unidos,2023,2,382.51,509.15,493.895,2023-05-14 20:16:22
MXP,Baltimore,Estados Unidos,2023,2,382.51,539.9597222222222,531.485,2023-05-14 20:16:22
MXP,Taif,Arábia Saudita,2023,6,383.0,637.6361904761904,426.12,2023-05-14 20:16:22
MXP,Cidade da Praia,Cabo Verde,2023,11,383.42,425.9463829787234,446.47,2023-05-14 20:16:22
MXP,Montreal,Canadá,2023,5,383.48,501.19523255813954,480.31,2023-05-14 20:16:22
MXP,Bardufoss,Noruega,2023,7,383.5,523.36,634.88,2023-05-14 20:16:22
MXP,Nova Deli,Índia,2023,6,383.85,494.9112244897959,486.65,2023-05-14 20:16:22
MXP,New Windsor,Estados Unidos,2023,2,384.45,431.4422222222222,413.55,2023-05-14 20:16:22
MXP,Narvik,Noruega,2023,2,384.58,410.3277777777778,385.24,2023-05-14 20:16:22
MXP,Caen,França,2023,8,384.7,384.86333333333334,384.72,2023-05-14 20:16:22
MXP,Assuão,Egito,2023,10,384.72,485.99529411764706,481.13,2023-05-14 20:16:22
MXP,Adana,Turquia,2023,9,384.74,419.01761904761906,385.67,2023-05-14 20:16:22
MXP,Gazipasa,Turquia,2023,8,384.89,500.82339622641507,504.83,2023-05-14 20:16:22
MXP,Longyearbyen,Noruega,2023,11,385.09,401.306,407.84,2023-05-14 20:16:22
MXP,Doha,Catar,2023,11,385.33,488.9608695652174,521.59,2023-05-14 20:16:22
MXP,Adana,Turquia,2023,7,385.35,385.3542857142857,385.35,2023-05-14 20:16:22
MXP,Bardufoss,Noruega,2023,4,385.63,466.4838095238095,411.08,2023-05-14 20:16:22
MXP,Târgu Mureş,Roménia,2023,8,386.02,386.642,386.635,2023-05-14 20:16:22
MXP,Aqaba,Jordânia,2024,2,386.2,468.52200000000005,485.57,2023-05-14 20:16:22
MXP,Espargos,Cabo Verde,2023,2,386.4,492.2761538461539,480.65,2023-05-14 20:16:22
MXP,Manama,Bahrain,2023,2,386.54,416.9021052631579,418.14,2023-05-14 20:16:22
MXP,Kajaani,Finlândia,2023,7,386.61,387.19714285714286,386.61,2023-05-14 20:16:22
MXP,Sfax,Tunísia,2023,8,386.96,471.43,455.8,2023-05-14 20:16:22
MXP,Bodø,Noruega,2023,12,387.14,388.12000000000006,388.61,2023-05-14 20:16:22
MXP,Samsun,Turquia,2023,7,387.21,388.0233333333333,388.43,2023-05-14 20:16:22
MXP,New Windsor,Estados Unidos,2023,10,387.21,442.3554545454545,429.78,2023-05-14 20:16:22
MXP,Craiova,Roménia,2023,8,387.46,387.54499999999996,387.54499999999996,2023-05-14 20:16:22
MXP,Aqaba,Jordânia,2024,3,387.48,387.48,387.48,2023-05-14 20:16:22
MXP,Túnis,Tunísia,2023,8,387.54,500.85,500.85,2023-05-14 20:16:22
MXP,Abidjã,Costa do Marfim,2024,4,387.55,388.1875,388.4,2023-05-14 20:16:22
MXP,Abidjã,Costa do Marfim,2023,3,387.63,479.07951612903224,412.42,2023-05-14 20:16:22
MXP,Linkoping,Suécia,2023,7,387.86,389.768,389.94,2023-05-14 20:16:22
MXP,Cidade da Praia,Cabo Verde,2023,10,388.01,461.894,467.115,2023-05-14 20:16:22
MXP,Aqaba,Jordânia,2023,4,388.03,662.2887234042553,656.81,2023-05-14 20:16:22
MXP,Chicago,Estados Unidos,2023,3,388.05,484.16078947368425,462.3,2023-05-14 20:16:22
MXP,Aqaba,Jordânia,2023,7,388.08,439.736,406.82,2023-05-14 20:16:22
MXP,Nur-Sultan,Cazaquistão,2023,6,388.45,598.1471830985915,557.81,2023-05-14 20:16:22
MXP,Cidade da Praia,Cabo Verde,2023,9,388.64,509.6236363636363,529.69,2023-05-14 20:16:22
MXP,Agadir,Marrocos,2023,8,388.76,624.3384615384615,584.64,2023-05-14 20:16:22
MXP,Joensuu,Finlândia,2023,3,389.05,518.5033333333333,391.83,2023-05-14 20:16:22
MXP,Los Angeles,Estados Unidos,2023,12,389.31,409.925,409.925,2023-05-14 20:16:22
MXP,Bodrum,Turquia,2024,3,389.36,389.36,389.36,2023-05-14 20:16:22
MXP,Tetuão,Marrocos,2023,9,389.42,458.6626666666667,390.24,2023-05-14 20:16:22
MXP,Kiruna,Suécia,2023,8,389.55,448.28739130434786,500.62,2023-05-14 20:16:22
MXP,Kiruna,Suécia,2024,1,389.81,391.52875,391.27,2023-05-14 20:16:22
MXP,Város,Grécia,2023,8,390.68,402.9451351351351,393.7,2023-05-14 20:16:22
MXP,Abidjã,Costa do Marfim,2023,4,390.71,535.0757664233577,501.62,2023-05-14 20:16:22
MXP,Kayseri,Turquia,2024,4,390.84,392.1066666666666,392.74,2023-05-14 20:16:22
MXP,Abidjã,Costa do Marfim,2023,5,391.45,454.248,438.37,2023-05-14 20:16:22
MXP,Haugesund,Noruega,2023,9,391.66,392.97,393.565,2023-05-14 20:16:22
MXP,Toronto,Canadá,2024,2,392.08,425.51599999999996,447.21,2023-05-14 20:16:22
MXP,Béziers,França,2023,8,392.3,393.02818181818185,392.66,2023-05-14 20:16:22
MXP,Gaziantep,Turquia,2023,7,392.48,392.52750000000003,392.48,2023-05-14 20:16:22
MXP,Los Angeles,Estados Unidos,2023,10,392.56,436.6576623376623,432.02,2023-05-14 20:16:22
MXP,Toronto,Canadá,2023,10,392.79,436.3130769230769,418.2,2023-05-14 20:16:22
MXP,Islamabad,Paquistão,2024,1,392.92,393.8225,394.13,2023-05-14 20:16:22
MXP,Taif,Arábia Saudita,2023,9,393.03,609.428888888889,739.685,2023-05-14 20:16:22
MXP,Nador,Marrocos,2023,2,393.31,393.31,393.31,2023-05-14 20:16:22
MXP,Pula,Croácia,2023,1,393.35,393.35,393.35,2023-05-14 20:16:22
MXP,Tabuk,Arábia Saudita,2023,6,393.44,393.8933333333334,393.49,2023-05-14 20:16:22
MXP,Zagora,Marrocos,2023,3,393.48,396.3,396.46,2023-05-14 20:16:22
MXP,Pisa,Itália,2023,8,393.83,786.2908333333334,942.985,2023-05-14 20:16:22
MXP,Batumi,Geórgia,2023,2,394.26,453.51,403.89,2023-05-14 20:16:22
MXP,Hermópolis,Grécia,2023,8,394.29,442.24620000000004,428.6,2023-05-14 20:16:22
MXP,Almaty,Cazaquistão,2023,2,394.3,1109.1705263157894,492.6,2023-05-14 20:16:22
MXP,Edremit,Turquia,2023,7,394.33,413.5488235294118,427.96,2023-05-14 20:16:22
MXP,Boston,Estados Unidos,2023,10,394.41,851.662,425.435,2023-05-14 20:16:22
MXP,"Washington, D.C.",Estados Unidos,2023,12,394.54,559.2888888888888,439.2,2023-05-14 20:16:22
MXP,Longyearbyen,Noruega,2023,8,394.78,582.7857894736842,620.155,2023-05-14 20:16:22
MXP,Hyderabad,Índia,2023,5,395.1,504.945625,484.8,2023-05-14 20:16:22
MXP,Islamabad,Paquistão,2023,11,395.25,587.1118181818182,656.24,2023-05-14 20:16:22
MXP,Lodz,Polónia,2023,8,395.49,395.49,395.49,2023-05-14 20:16:22
MXP,Ras Al Khaimah,Emirados Árabes Unidos,2023,4,396.12,721.5264,792.35,2023-05-14 20:16:22
MXP,Ronne,Dinamarca,2023,8,396.18,397.29200000000003,397.27,2023-05-14 20:16:22
MXP,Longyearbyen,Noruega,2023,12,396.33,457.81311111111114,444.8,2023-05-14 20:16:22
MXP,Toronto,Canadá,2023,4,396.4,503.54894736842107,503.08,2023-05-14 20:16:22
MXP,Agios Kirykos,Grécia,2023,8,396.61,432.3328571428571,417.73,2023-05-14 20:16:22
MXP,Rorvik,Noruega,2023,10,397.19,397.19,397.19,2023-05-14 20:16:22
MXP,Kemi,Finlândia,2023,3,397.26,1364.9405000000002,2143.81,2023-05-14 20:16:22
MXP,Al Hoceima,Marrocos,2023,3,397.4,505.82750000000004,528.12,2023-05-14 20:16:22
MXP,Nova Deli,Índia,2023,5,397.53,461.265504587156,460.66,2023-05-14 20:16:22
MXP,Van,Turquia,2023,7,398.08,433.64375,399.86,2023-05-14 20:16:22
MXP,Míconos,Grécia,2023,4,398.41,398.41,398.41,2023-05-14 20:16:22
MXP,Patras,Grécia,2023,6,398.5,508.32839285714283,449.88,2023-05-14 20:16:22
MXP,Longyearbyen,Noruega,2023,10,398.53,443.27838709677417,434.45,2023-05-14 20:16:22
MXP,Los Angeles,Estados Unidos,2023,9,398.75,446.8067415730337,447.26,2023-05-14 20:16:22
MXP,Mumbai,Índia,2023,3,398.86,588.108409090909,571.66,2023-05-14 20:16:22
MXP,Kristiansand,Noruega,2023,8,398.93,398.93,398.93,2023-05-14 20:16:22
MXP,Ghardaia,Argélia,2023,6,399.0,400.89700000000005,400.96500000000003,2023-05-14 20:16:22
MXP,Aalborg,Dinamarca,2023,7,399.04,400.19800000000004,400.97,2023-05-14 20:16:22
MXP,Assuão,Egito,2023,3,399.26,457.27000000000004,447.41,2023-05-14 20:16:22
MXP,Patras,Grécia,2023,7,399.28,479.8909375,440.08000000000004,2023-05-14 20:16:22
MXP,Miami,Estados Unidos,2023,9,399.33,464.33787878787876,445.72,2023-05-14 20:16:22
MXP,Ostersund,Suécia,2023,7,399.43,443.72684210526313,401.74,2023-05-14 20:16:22
MXP,"Washington, D.C.",Estados Unidos,2023,5,399.44,572.5504672897197,476.18,2023-05-14 20:16:22
MXP,Baltimore,Estados Unidos,2023,5,399.44,728.5703305785123,552.72,2023-05-14 20:16:22
MXP,São Francisco,Estados Unidos,2023,11,399.85,440.168947368421,434.53,2023-05-14 20:16:22
MXP,Nova Deli,Índia,2023,3,400.44,605.431978021978,496.52,2023-05-14 20:16:22
MXP,São Paulo,Brasil,2024,1,400.57,570.1672727272727,623.32,2023-05-14 20:16:22
MXP,Jidá,Arábia Saudita,2023,1,400.65,400.65,400.65,2023-05-14 20:16:22
MXP,Islamabad,Paquistão,2023,10,401.32,618.0683333333333,650.61,2023-05-14 20:16:22
MXP,Ivalo,Finlândia,2023,6,401.6,432.94,402.25,2023-05-14 20:16:22
MXP,Valverde,Espanha,2023,4,401.66,401.66,401.66,2023-05-14 20:16:22
MXP,Ocrida,Macedónia do Norte,2023,4,401.66,562.9309677419355,539.76,2023-05-14 20:16:22
MXP,Fort Lauderdale,Estados Unidos,2023,10,401.92,481.256,491.48,2023-05-14 20:16:22
MXP,Chicago,Estados Unidos,2024,3,402.0,402.0,402.0,2023-05-14 20:16:22
MXP,Rabil,Cabo Verde,2023,4,402.04,843.7295,701.53,2023-05-14 20:16:22
MXP,Enfidha,Tunísia,2023,5,402.06,1112.3664864864863,502.01,2023-05-14 20:16:22
MXP,Skellefteå,Suécia,2023,6,402.17,433.20105263157893,458.93,2023-05-14 20:16:22
MXP,"Washington, D.C.",Estados Unidos,2023,3,402.37,764.6089999999999,510.105,2023-05-14 20:16:22
MXP,Longyearbyen,Noruega,2023,7,402.61,545.4273684210526,541.47,2023-05-14 20:16:22
MXP,Ouarzazate,Marrocos,2023,7,402.62,409.4518181818182,402.9,2023-05-14 20:16:22
MXP,Batumi,Geórgia,2023,4,402.73,481.4237837837838,479.55,2023-05-14 20:16:22
MXP,Fort Lauderdale,Estados Unidos,2023,11,402.97,508.30914285714283,506.36,2023-05-14 20:16:22
MXP,Samsun,Turquia,2023,9,402.98,402.98,402.98,2023-05-14 20:16:22
MXP,Kuopio,Finlândia,2024,1,403.27,403.79,404.11,2023-05-14 20:16:22
MXP,Fort Lauderdale,Estados Unidos,2023,12,403.36,553.7535,512.97,2023-05-14 20:16:22
MXP,Fort Lauderdale,Estados Unidos,2024,2,403.42,495.7716666666667,509.26,2023-05-14 20:16:22
MXP,Vaasa,Finlândia,2023,2,403.42,403.435,403.435,2023-05-14 20:16:22
MXP,Luleå,Suécia,2023,12,403.62,403.872,404.04,2023-05-14 20:16:22
MXP,Espargos,Cabo Verde,2023,4,404.14,756.4176923076923,754.79,2023-05-14 20:16:22
MXP,Santander,Espanha,2023,12,404.24,404.6257142857143,404.24,2023-05-14 20:16:22
MXP,Espargos,Cabo Verde,2023,11,404.48,424.5365384615385,415.23,2023-05-14 20:16:22
MXP,Dakar,Senegal,2023,12,404.56,416.8966666666667,421.095,2023-05-14 20:16:22
MXP,Malé,Maldivas,2023,11,404.94,486.23,406.22,2023-05-14 20:16:22
MXP,Oulu,Finlândia,2023,10,405.02,406.2133333333333,406.81,2023-05-14 20:16:22
MXP,Kristiansand,Noruega,2023,7,405.39,418.904,419.28999999999996,2023-05-14 20:16:22
MXP,Joensuu,Finlândia,2023,8,406.13,407.33916666666664,407.67,2023-05-14 20:16:22
MXP,Mascate,Omã,2023,12,406.21,621.2221428571429,627.355,2023-05-14 20:16:22
MXP,Boston,Estados Unidos,2023,6,406.27,525.2789189189189,508.9,2023-05-14 20:16:22
MXP,Chicago,Estados Unidos,2023,9,406.82,477.6129487179487,476.78499999999997,2023-05-14 20:16:22
MXP,Malé,Maldivas,2023,6,406.87,528.6519540229885,509.21,2023-05-14 20:16:22
MXP,Boston,Estados Unidos,2023,5,407.03,497.9892771084337,506.29,2023-05-14 20:16:22
MXP,Espargos,Cabo Verde,2023,10,407.13,561.9061904761904,589.17,2023-05-14 20:16:22
MXP,Münster,Alemanha,2023,9,407.24,408.13818181818186,408.11,2023-05-14 20:16:22
MXP,Toronto,Canadá,2024,1,407.51,423.7758333333333,409.45,2023-05-14 20:16:22
MXP,Narvik,Noruega,2023,12,408.01,440.9216666666666,408.62,2023-05-14 20:16:22
MXP,"Washington, D.C.",Estados Unidos,2023,4,408.05,495.4178125,495.23,2023-05-14 20:16:22
MXP,Van,Turquia,2023,9,408.07,409.093,409.20000000000005,2023-05-14 20:16:22
MXP,Kálymnos,Grécia,2023,7,408.5,463.17357142857145,458.095,2023-05-14 20:16:22
MXP,Dakar,Senegal,2023,4,408.6,488.1171794871795,457.23,2023-05-14 20:16:22
MXP,Jyväskylä,Finlândia,2023,6,408.64,409.26142857142855,408.64,2023-05-14 20:16:22
MXP,Alta,Noruega,2023,4,408.65,416.56066666666663,418.82,2023-05-14 20:16:22
MXP,Bardufoss,Noruega,2023,10,408.77,424.375,424.375,2023-05-14 20:16:22
MXP,Doha,Catar,2023,4,408.77,548.8995744680851,558.66,2023-05-14 20:16:22
MXP,São Paulo,Brasil,2024,3,409.21,551.9559999999999,609.75,2023-05-14 20:16:22
MXP,Nairobi,Quénia,2023,3,409.23,540.8562195121951,502.245,2023-05-14 20:16:22
MXP,Doha,Catar,2023,9,409.28,554.7605263157895,518.92,2023-05-14 20:16:22
MXP,Batman,Turquia,2023,8,409.34,411.75199999999995,412.425,2023-05-14 20:16:22
MXP,Nicósia,Chipre,2023,9,409.36,472.4453846153846,474.59,2023-05-14 20:16:22
MXP,Quimper,França,2023,3,409.45,411.658,412.21,2023-05-14 20:16:22
MXP,Edremit,Turquia,2023,9,409.75,410.73,411.095,2023-05-14 20:16:22
MXP,Iğdır,Turquia,2023,5,409.8,410.428,409.8,2023-05-14 20:16:22
MXP,Alexandria,Egito,2023,1,409.89,409.89,409.89,2023-05-14 20:16:22
MXP,Rabil,Cabo Verde,2023,3,410.2,675.5755319148936,636.13,2023-05-14 20:16:22
MXP,Espargos,Cabo Verde,2023,12,410.37,688.4290322580645,615.24,2023-05-14 20:16:22
MXP,Espargos,Cabo Verde,2023,3,411.29,498.3372549019608,447.36,2023-05-14 20:16:22
MXP,Burgas,Bulgária,2023,4,411.53,508.3633333333334,534.86,2023-05-14 20:16:22
MXP,Espargos,Cabo Verde,2023,9,411.9,515.0311111111112,496.43,2023-05-14 20:16:22
MXP,Boston,Estados Unidos,2023,9,412.11,484.19904761904763,484.44,2023-05-14 20:16:22
MXP,Abidjã,Costa do Marfim,2023,11,412.78,412.80499999999995,412.80499999999995,2023-05-14 20:16:22
MXP,São Francisco,Estados Unidos,2023,12,412.96,428.99,413.87,2023-05-14 20:16:22
MXP,Espargos,Cabo Verde,2024,3,412.99,512.9866666666667,559.62,2023-05-14 20:16:22
MXP,Baltimore,Estados Unidos,2023,4,413.4,770.7056028368795,526.7,2023-05-14 20:16:22
MXP,Kahramanmaras,Turquia,2023,2,413.52,414.315,414.315,2023-05-14 20:16:22
MXP,Doha,Catar,2023,2,413.55,556.2627777777777,501.95000000000005,2023-05-14 20:16:22
MXP,New Windsor,Estados Unidos,2023,9,413.71,487.5842105263158,440.13,2023-05-14 20:16:22
MXP,"Washington, D.C.",Estados Unidos,2023,9,413.89,453.87870967741935,429.46,2023-05-14 20:16:22
MXP,Djanet,Argélia,2023,4,414.33,415.19125,415.03,2023-05-14 20:16:22
MXP,Nador,Marrocos,2023,9,414.62,415.07700000000006,415.135,2023-05-14 20:16:22
MXP,Almaty,Cazaquistão,2023,3,414.75,524.788,510.62,2023-05-14 20:16:22
MXP,New Windsor,Estados Unidos,2023,6,414.78,544.411111111111,511.63,2023-05-14 20:16:22
MXP,Espargos,Cabo Verde,2024,1,415.11,444.753125,435.925,2023-05-14 20:16:22
MXP,Sogndal,Noruega,2023,2,415.39,415.396,415.39,2023-05-14 20:16:22
MXP,Ilha do Pico,Portugal,2024,2,415.68,415.68,415.68,2023-05-14 20:16:22
MXP,Medina,Arábia Saudita,2023,11,415.82,477.4288888888889,485.42,2023-05-14 20:16:22
MXP,Chicago,Estados Unidos,2023,5,416.31,488.40945454545454,479.97,2023-05-14 20:16:22
MXP,Norwich,Reino Unido,2023,7,416.66,416.88,416.88,2023-05-14 20:16:22
MXP,Los Angeles,Estados Unidos,2023,11,416.73,461.12675,442.505,2023-05-14 20:16:22
MXP,Boston,Estados Unidos,2023,4,416.88,511.4443292682927,488.74,2023-05-14 20:16:22
MXP,Baku,Azerbeijão,2024,1,416.98,416.98,416.98,2023-05-14 20:16:22
MXP,Nevşehir,Turquia,2023,7,417.19,551.2675,631.33,2023-05-14 20:16:22
MXP,Dammam,Arábia Saudita,2023,10,417.49,417.494,417.49,2023-05-14 20:16:22
MXP,Nevşehir,Turquia,2023,8,417.54,543.1778571428571,478.28,2023-05-14 20:16:22
MXP,Grimsby,Reino Unido,2023,1,417.62,418.18,418.16,2023-05-14 20:16:22
MXP,Mersa Matruh,Egito,2023,7,417.82,501.31865384615384,541.775,2023-05-14 20:16:22
MXP,Hyderabad,Índia,2023,6,417.91,614.7122580645162,500.67,2023-05-14 20:16:22
MXP,Mascate,Omã,2023,11,417.96,448.16812500000003,419.72,2023-05-14 20:16:22
MXP,Adana,Turquia,2023,8,418.11,521.3409090909091,494.21,2023-05-14 20:16:22
MXP,Rabil,Cabo Verde,2023,9,418.14,667.5344444444445,723.665,2023-05-14 20:16:22
MXP,Zanzibar,Tanzânia,2023,3,418.54,498.66873239436615,482.62,2023-05-14 20:16:22
MXP,West Palm Beach,Estados Unidos,2023,2,418.54,556.8,454.4,2023-05-14 20:16:22
MXP,Zanzibar,Tanzânia,2023,5,418.84,487.00605263157894,460.55999999999995,2023-05-14 20:16:22
MXP,Haugesund,Noruega,2023,8,419.15,420.68833333333333,419.15,2023-05-14 20:16:22
MXP,Namsos,Noruega,2023,4,419.28,419.7555555555556,419.45,2023-05-14 20:16:22
MXP,Kittilä,Finlândia,2023,12,419.99,470.56595744680845,439.58,2023-05-14 20:16:22
MXP,Zanzibar,Tanzânia,2023,4,420.0,529.8673770491803,504.35,2023-05-14 20:16:22
MXP,Chennai,Índia,2023,5,420.12,769.6472072072072,590.15,2023-05-14 20:16:22
MXP,Mostar,Bósnia-Herzegóvina,2023,6,420.12,449.60999999999996,470.63,2023-05-14 20:16:22
MXP,Kuopio,Finlândia,2023,12,420.31,421.69545454545454,420.87,2023-05-14 20:16:22
MXP,Rabil,Cabo Verde,2023,11,420.37,497.4847619047619,495.56,2023-05-14 20:16:22
MXP,Indianápolis,Estados Unidos,2023,2,420.45,676.1583333333333,606.35,2023-05-14 20:16:22
MXP,Baltimore,Estados Unidos,2023,3,420.47,818.6072580645161,541.97,2023-05-14 20:16:22
MXP,Conacri,Guiné,2023,4,420.77,588.882340425532,457.74,2023-05-14 20:16:22
MXP,Lagos,Nigéria,2023,3,420.85,517.9212987012987,442.62,2023-05-14 20:16:22
MXP,Beirute,Líbano,2023,1,421.11,421.11,421.11,2023-05-14 20:16:22
MXP,Rorvik,Noruega,2023,4,421.11,421.59,421.29,2023-05-14 20:16:22
MXP,El Aiune,Sara Ocidental,2023,12,421.27,421.651,421.625,2023-05-14 20:16:22
MXP,Ivalo,Finlândia,2023,8,421.51,421.92600000000004,422.03,2023-05-14 20:16:22
MXP,Antuérpia,Bélgica,2023,10,421.84,1457.393846153846,1646.56,2023-05-14 20:16:22
MXP,Nova Deli,Índia,2023,4,421.92,523.3539534883721,487.82500000000005,2023-05-14 20:16:22
MXP,Sivas,Turquia,2023,5,421.96,521.11625,580.57,2023-05-14 20:16:22
MXP,Kittilä,Finlândia,2023,10,422.03,426.05625,422.29,2023-05-14 20:16:22
MXP,Enfidha,Tunísia,2023,4,422.05,568.3157894736842,519.52,2023-05-14 20:16:22
MXP,Norwich,Reino Unido,2023,2,422.1,436.23400000000004,426.01,2023-05-14 20:16:22
MXP,Ivalo,Finlândia,2023,10,422.21,550.80875,591.55,2023-05-14 20:16:22
MXP,Fort Lauderdale,Estados Unidos,2023,9,422.75,483.14428571428573,484.09000000000003,2023-05-14 20:16:22
MXP,Malé,Maldivas,2023,5,422.85,546.4800568181819,551.73,2023-05-14 20:16:22
MXP,Zanzibar,Tanzânia,2023,6,423.01,582.13,567.95,2023-05-14 20:16:22
MXP,Longyearbyen,Noruega,2024,2,423.18,436.2325,424.04,2023-05-14 20:16:22
MXP,Dakar,Senegal,2023,7,423.34,530.7542857142856,523.53,2023-05-14 20:16:22
MXP,Tindouf,Argélia,2023,5,423.39,423.8975,423.78,2023-05-14 20:16:22
MXP,Kuusamo,Finlândia,2023,10,423.48,455.8818181818182,454.72,2023-05-14 20:16:22
MXP,Medina,Arábia Saudita,2023,2,423.64,509.00533333333334,425.52,2023-05-14 20:16:22
MXP,Luxor,Egito,2023,9,423.67,611.184,677.0,2023-05-14 20:16:22
MXP,Baia Mare,Roménia,2023,2,423.87,461.36894736842106,424.86,2023-05-14 20:16:22
MXP,Fort Myers,Estados Unidos,2023,2,423.87,501.4266666666666,538.46,2023-05-14 20:16:22
MXP,Sørvágur,Ilhas Faroe,2023,2,424.0,426.8375,427.055,2023-05-14 20:16:22
MXP,Sharjah,Emirados Árabes Unidos,2023,9,424.23,453.04,453.04,2023-05-14 20:16:22
MXP,Rabil,Cabo Verde,2023,12,424.58,876.768,907.915,2023-05-14 20:16:22
MXP,Poitiers,França,2023,2,424.59,714.8592,430.19,2023-05-14 20:16:22
MXP,Jacksonville,Estados Unidos,2023,2,424.78,425.21125,424.96,2023-05-14 20:16:22
MXP,Lagos,Nigéria,2023,6,424.87,545.0188135593221,522.01,2023-05-14 20:16:22
MXP,Fort Lauderdale,Estados Unidos,2023,5,425.18,543.3238805970149,484.46,2023-05-14 20:16:22
MXP,"Washington, D.C.",Estados Unidos,2023,6,425.25,576.443,581.1500000000001,2023-05-14 20:16:22
MXP,Espargos,Cabo Verde,2023,6,425.29,558.046923076923,520.29,2023-05-14 20:16:22
MXP,Oran,Argélia,2023,9,425.48,426.1983333333333,426.36,2023-05-14 20:16:22
MXP,Lagos,Nigéria,2023,2,425.51,573.7495238095238,494.09,2023-05-14 20:16:22
MXP,Nova Deli,Índia,2023,9,425.62,523.9733333333334,494.88,2023-05-14 20:16:22
MXP,Nova Deli,Índia,2023,10,425.83,514.527,541.94,2023-05-14 20:16:22
MXP,Lodz,Polónia,2023,7,426.13,426.64416666666665,426.53,2023-05-14 20:16:22
MXP,Rabil,Cabo Verde,2024,1,426.35,574.466,671.27,2023-05-14 20:16:22
MXP,Trieste,Itália,2024,1,426.53,427.36400000000003,427.92,2023-05-14 20:16:22
MXP,Los Angeles,Estados Unidos,2023,5,426.54,468.25345864661654,460.88,2023-05-14 20:16:22
MXP,Atlanta,Estados Unidos,2023,3,426.76,512.8280392156863,515.78,2023-05-14 20:16:22
MXP,Cochin,Índia,2023,5,427.45,583.196282051282,574.15,2023-05-14 20:16:22
MXP,Abidjã,Costa do Marfim,2023,2,427.46,600.4625,576.23,2023-05-14 20:16:22
MXP,São Francisco,Estados Unidos,2023,1,427.53,427.53,427.53,2023-05-14 20:16:22
MXP,Batumi,Geórgia,2023,7,427.57,513.5241176470588,496.26,2023-05-14 20:16:22
MXP,Enfidha,Tunísia,2023,2,428.3,463.1763636363636,430.77,2023-05-14 20:16:22
MXP,San Jose,Estados Unidos,2023,2,428.45,867.4588,531.77,2023-05-14 20:16:22
MXP,Fort Lauderdale,Estados Unidos,2023,6,428.45,972.1423076923077,1111.77,2023-05-14 20:16:22
MXP,Doha,Catar,2023,6,428.59,732.5162068965518,570.85,2023-05-14 20:16:22
MXP,Addis Abeba,Etiópia,2023,3,428.89,794.1221111111112,533.68,2023-05-14 20:16:22
MXP,Toulon,França,2023,4,429.17,500.52857142857147,502.38,2023-05-14 20:16:22
MXP,Oulu,Finlândia,2024,1,430.01,431.13444444444445,430.19,2023-05-14 20:16:22
MXP,Los Angeles,Estados Unidos,2023,6,430.25,595.8275,505.45500000000004,2023-05-14 20:16:22
MXP,Nicósia,Chipre,2023,8,430.3,627.4437837837837,609.64,2023-05-14 20:16:22
MXP,Entebbe,Uganda,2023,5,430.95,522.1271900826446,509.32,2023-05-14 20:16:22
MXP,Santa Cruz de la Palma,Espanha,2023,8,431.17,713.085303030303,654.755,2023-05-14 20:16:22
MXP,West Palm Beach,Estados Unidos,2023,4,431.35,703.5398181818182,535.68,2023-05-14 20:16:22
MXP,Quebec,Canadá,2023,8,431.39,793.3089285714286,921.02,2023-05-14 20:16:22
MXP,São Francisco,Estados Unidos,2023,9,431.49,492.28285714285715,495.38,2023-05-14 20:16:22
MXP,Agios Kirykos,Grécia,2023,4,431.59,432.1677777777778,432.17,2023-05-14 20:16:22
MXP,Banjul,Gâmbia,2023,4,431.7,651.5868421052631,597.67,2023-05-14 20:16:22
MXP,Kemi,Finlândia,2023,2,431.77,473.94272727272727,434.51,2023-05-14 20:16:22
MXP,Miami,Estados Unidos,2023,6,432.0,571.0,581.24,2023-05-14 20:16:22
MXP,Islamabad,Paquistão,2023,12,432.02,551.2416666666667,441.45,2023-05-14 20:16:22
MXP,Calamata,Grécia,2023,3,432.33,432.6266666666667,432.33,2023-05-14 20:16:22
MXP,Kuwait,Koweit,2023,7,432.33,433.43,433.22,2023-05-14 20:16:22
MXP,Montreal,Canadá,2023,9,432.41,462.8789655172414,461.06,2023-05-14 20:16:22
MXP,Namsos,Noruega,2023,9,432.53,505.68315789473684,570.23,2023-05-14 20:16:22
MXP,"Washington, D.C.",Estados Unidos,2023,8,432.81,451.09214285714285,457.31,2023-05-14 20:16:22
MXP,Sfax,Tunísia,2023,6,432.81,998.2104545454546,996.9,2023-05-14 20:16:22
MXP,Trebizonda,Turquia,2023,6,432.88,452.524,455.62,2023-05-14 20:16:22
MXP,Los Angeles,Estados Unidos,2024,2,432.91,483.924,494.36,2023-05-14 20:16:22
MXP,Lahore,Paquistão,2023,5,433.27,621.3453548387097,612.2,2023-05-14 20:16:22
MXP,Patras,Grécia,2023,8,433.82,536.2489423076923,536.8499999999999,2023-05-14 20:16:22
MXP,Exeter,Reino Unido,2023,3,433.88,572.7425925925926,456.65,2023-05-14 20:16:22
MXP,Dakar,Senegal,2023,2,434.06,537.5718181818182,469.62,2023-05-14 20:16:22
MXP,Exeter,Reino Unido,2023,4,434.18,531.5603571428571,540.97,2023-05-14 20:16:22
MXP,Haugesund,Noruega,2023,7,434.41,517.3072222222222,516.7950000000001,2023-05-14 20:16:22
MXP,Boston,Estados Unidos,2023,8,434.74,566.4077777777778,467.17,2023-05-14 20:16:22
MXP,Puerto del Rosario,Espanha,2023,7,434.77,434.77,434.77,2023-05-14 20:16:22
MXP,Orlando,Estados Unidos,2023,2,434.86,523.3014285714286,520.635,2023-05-14 20:16:22
MXP,Mumbai,Índia,2023,4,434.96,613.5727397260274,584.78,2023-05-14 20:16:22
MXP,Lycksele,Suécia,2023,8,435.27,450.28749999999997,435.93,2023-05-14 20:16:22
MXP,Riade,Arábia Saudita,2024,1,435.27,435.33,435.33,2023-05-14 20:16:22
MXP,Saarbrucken,Alemanha,2023,5,435.44,681.0229629629629,688.57,2023-05-14 20:16:22
MXP,Banjul,Gâmbia,2023,11,435.63,435.62999999999994,435.63,2023-05-14 20:16:22
MXP,Oostende,Bélgica,2023,6,435.66,581.3327272727273,663.57,2023-05-14 20:16:22
MXP,Banjul,Gâmbia,2023,5,435.8,561.1058706467661,522.32,2023-05-14 20:16:22
MXP,Nice,França,2023,1,435.9,435.9,435.9,2023-05-14 20:16:22
MXP,Gaziantep,Turquia,2023,8,435.98,522.8405,515.33,2023-05-14 20:16:22
MXP,Cidade do Panamá,Panamá,2023,4,436.28,702.9816438356165,654.54,2023-05-14 20:16:22
MXP,Boston,Estados Unidos,2023,12,437.39,510.62999999999994,517.42,2023-05-14 20:16:22
MXP,Banjul,Gâmbia,2023,3,437.61,551.7809375,520.355,2023-05-14 20:16:22
MXP,Luxor,Egito,2023,12,437.73,760.8486666666666,440.25,2023-05-14 20:16:22
MXP,Montreal,Canadá,2023,6,437.95,491.1955555555556,491.87,2023-05-14 20:16:22
MXP,Los Angeles,Estados Unidos,2024,3,438.02,458.40999999999997,458.40999999999997,2023-05-14 20:16:22
MXP,Luxor,Egito,2023,8,438.26,587.2059090909091,606.87,2023-05-14 20:16:22
MXP,Nairobi,Quénia,2023,5,438.51,514.4733333333334,496.6,2023-05-14 20:16:22
MXP,Enfidha,Tunísia,2023,7,438.57,439.0,439.29,2023-05-14 20:16:22
MXP,Mersa Matruh,Egito,2023,6,438.9,599.6834090909091,474.83,2023-05-14 20:16:22
MXP,Ancara,Turquia,2023,11,439.15,439.707,440.065,2023-05-14 20:16:22
MXP,Sharjah,Emirados Árabes Unidos,2023,11,439.27,439.27,439.27,2023-05-14 20:16:22
MXP,Bardufoss,Noruega,2023,3,439.48,439.48,439.48,2023-05-14 20:16:22
MXP,Toronto,Canadá,2023,8,439.54,534.9328571428571,492.74,2023-05-14 20:16:22
MXP,Lagos,Nigéria,2023,4,440.05,676.4596491228069,693.15,2023-05-14 20:16:22
MXP,Mostar,Bósnia-Herzegóvina,2023,5,440.2,467.8603333333333,463.48,2023-05-14 20:16:22
MXP,Fort Myers,Estados Unidos,2023,3,440.22,582.406567164179,539.6,2023-05-14 20:16:22
MXP,Alta,Noruega,2023,6,440.48,503.7541176470588,474.28,2023-05-14 20:16:22
MXP,Longyearbyen,Noruega,2024,3,440.72,440.832,440.86,2023-05-14 20:16:22
MXP,Joensuu,Finlândia,2023,6,440.78,441.45285714285717,440.78,2023-05-14 20:16:22
MXP,Ängelholm,Suécia,2023,4,440.99,441.32222222222225,441.02,2023-05-14 20:16:22
MXP,West Palm Beach,Estados Unidos,2023,5,441.06,776.906403508772,600.27,2023-05-14 20:16:22
MXP,Santo Domingo,República Dominicana,2023,11,441.18,634.781052631579,663.35,2023-05-14 20:16:22
MXP,Asmara,Eritreia,2023,2,441.41,573.4802857142857,543.49,2023-05-14 20:16:22
MXP,Suceava,Roménia,2023,8,441.67,541.8566666666667,534.82,2023-05-14 20:16:22
MXP,Assuão,Egito,2023,11,441.98,443.9777777777778,444.84,2023-05-14 20:16:22
MXP,Los Angeles,Estados Unidos,2023,4,442.27,487.9145161290323,460.81,2023-05-14 20:16:22
MXP,Los Angeles,Estados Unidos,2023,2,442.39,450.44882352941175,451.44,2023-05-14 20:16:22
MXP,Atlanta,Estados Unidos,2023,2,442.61,484.96523809523813,457.25,2023-05-14 20:16:22
MXP,Abidjã,Costa do Marfim,2023,9,442.68,573.1278571428571,589.0999999999999,2023-05-14 20:16:22
MXP,Malé,Maldivas,2023,2,442.97,580.5535294117647,565.07,2023-05-14 20:16:22
MXP,Quebec,Canadá,2023,10,443.01,512.4157142857142,550.4749999999999,2023-05-14 20:16:22
MXP,Crotone,Itália,2023,2,443.09,443.09,443.09,2023-05-14 20:16:22
MXP,São Paulo,Brasil,2024,2,443.21,560.5257142857143,535.855,2023-05-14 20:16:22
MXP,Gizé,Egito,2024,1,443.21,443.86749999999995,443.21,2023-05-14 20:16:22
MXP,Cidade da Praia,Cabo Verde,2023,6,443.68,478.40768115942024,457.26,2023-05-14 20:16:22
MXP,Dar Es Salaam,Tanzânia,2023,3,443.88,595.1601538461538,574.57,2023-05-14 20:16:22
MXP,Nur-Sultan,Cazaquistão,2023,1,443.89,653.382,444.08,2023-05-14 20:16:22
MXP,Almaty,Cazaquistão,2023,5,444.12,772.9830327868851,536.79,2023-05-14 20:16:22
MXP,Al Hoceima,Marrocos,2023,1,445.1,446.0233333333333,446.21,2023-05-14 20:16:22
MXP,Sundsvall,Suécia,2023,4,445.33,445.8763636363636,445.75,2023-05-14 20:16:22
MXP,Lagos,Nigéria,2023,11,446.04,447.06,447.06,2023-05-14 20:16:22
MXP,Ioánnina,Grécia,2023,4,446.99,447.758,447.95,2023-05-14 20:16:22
MXP,Darlington,Reino Unido,2023,6,447.44,447.53444444444443,447.45,2023-05-14 20:16:22
MXP,Dar Es Salaam,Tanzânia,2023,4,447.63,655.4482432432433,590.81,2023-05-14 20:16:22
MXP,Arar,Arábia Saudita,2023,4,448.11,663.118,827.78,2023-05-14 20:16:22
MXP,Pensacola,Estados Unidos,2023,10,448.31,450.08500000000004,450.26,2023-05-14 20:16:22
MXP,Montreal,Canadá,2023,10,448.54,467.0365,458.68,2023-05-14 20:16:22
MXP,Karpathos,Grécia,2023,4,448.54,493.32500000000005,493.32500000000005,2023-05-14 20:16:22
MXP,Santa Cruz das Flores,Portugal,2023,5,448.7,641.0817647058823,790.31,2023-05-14 20:16:22
MXP,Cidade do Panamá,Panamá,2023,6,448.82,607.0559259259259,601.36,2023-05-14 20:16:22
MXP,Los Angeles,Estados Unidos,2023,3,448.83,480.92533333333336,479.80499999999995,2023-05-14 20:16:22
MXP,Ivalo,Finlândia,2023,12,449.21,499.24711864406777,483.45,2023-05-14 20:16:22
MXP,San Jose,Estados Unidos,2023,3,449.47,590.9117857142857,525.47,2023-05-14 20:16:22
MXP,San Jose,Estados Unidos,2023,5,449.69,600.2939024390244,576.8,2023-05-14 20:16:22
MXP,Quebec,Canadá,2023,3,449.71,559.691935483871,522.55,2023-05-14 20:16:22
MXP,Carachi,Paquistão,2023,3,449.89,638.9004,625.28,2023-05-14 20:16:22
MXP,Dar Es Salaam,Tanzânia,2023,5,449.94,557.2296428571428,536.63,2023-05-14 20:16:22
MXP,Régio da Calábria,Itália,2023,10,450.16,450.16,450.16,2023-05-14 20:16:22
MXP,Agadir,Marrocos,2023,12,450.35,450.35,450.35,2023-05-14 20:16:22
MXP,Chicago,Estados Unidos,2024,1,450.36,450.36,450.36,2023-05-14 20:16:22
MXP,Ålesund,Noruega,2023,1,450.39,450.39,450.39,2023-05-14 20:16:22
MXP,Escíato,Grécia,2023,4,450.92,450.92,450.92,2023-05-14 20:16:22
MXP,Cidade da Praia,Cabo Verde,2024,1,451.05,522.2322222222223,471.04,2023-05-14 20:16:22
MXP,Entebbe,Uganda,2023,3,451.09,641.9409090909091,518.59,2023-05-14 20:16:22
MXP,Joanesburgo,África do Sul,2023,2,451.12,779.8611111111111,488.935,2023-05-14 20:16:22
MXP,Nova Orleães,Estados Unidos,2023,4,451.13,604.626974789916,557.55,2023-05-14 20:16:22
MXP,Joanesburgo,África do Sul,2023,5,451.15,512.8888549618321,488.54,2023-05-14 20:16:22
MXP,Exeter,Reino Unido,2023,8,451.24,453.9625,454.06,2023-05-14 20:16:22
MXP,West Palm Beach,Estados Unidos,2024,2,451.36,543.1433333333333,453.07,2023-05-14 20:16:22
MXP,Kittilä,Finlândia,2023,8,451.4,452.24111111111114,452.91,2023-05-14 20:16:22
MXP,Joanesburgo,África do Sul,2023,3,451.57,892.3011594202899,565.14,2023-05-14 20:16:22
MXP,Sharjah,Emirados Árabes Unidos,2023,10,451.73,483.0527272727273,484.83,2023-05-14 20:16:22
MXP,Corvo Island,Portugal,2023,7,451.73,453.36555555555555,452.16,2023-05-14 20:16:22
MXP,Joanesburgo,África do Sul,2023,4,451.79,615.5563636363636,551.75,2023-05-14 20:16:22
MXP,Cotonou,Benin,2023,6,451.91,451.91,451.91,2023-05-14 20:16:22
MXP,Joanesburgo,África do Sul,2023,6,452.1,561.8292307692308,501.65,2023-05-14 20:16:22
MXP,Sønderborg,Dinamarca,2023,7,452.2,452.2,452.2,2023-05-14 20:16:22
MXP,Boston,Estados Unidos,2024,2,452.22,452.555,452.555,2023-05-14 20:16:22
MXP,Dar Es Salaam,Tanzânia,2023,6,452.24,577.1621428571428,539.095,2023-05-14 20:16:22
MXP,Fort Lauderdale,Estados Unidos,2024,1,452.5,489.23875,485.49,2023-05-14 20:16:22
MXP,Mascate,Omã,2023,9,452.89,516.54625,521.73,2023-05-14 20:16:22
MXP,Alta,Noruega,2023,8,453.08,459.8826315789474,461.83,2023-05-14 20:16:22
MXP,Entebbe,Uganda,2023,10,453.09,575.0077777777777,525.905,2023-05-14 20:16:22
MXP,Cartum,Sudão,2023,3,453.15,529.1369767441861,503.13,2023-05-14 20:16:22
MXP,Carachi,Paquistão,2023,9,453.16,531.2036842105264,570.25,2023-05-14 20:16:22
MXP,Quimper,França,2023,7,453.34,1516.6100000000001,1634.8,2023-05-14 20:16:22
MXP,Rijeka,Croácia,2023,2,453.44,455.62916666666666,456.05,2023-05-14 20:16:22
MXP,Cotonou,Benin,2023,5,453.63,554.24953125,518.23,2023-05-14 20:16:22
MXP,Vasco da Gama,Índia,2023,6,453.64,673.2195454545455,747.5550000000001,2023-05-14 20:16:22
MXP,Toronto,Canadá,2023,12,453.88,453.88,453.88,2023-05-14 20:16:22
MXP,Lerwick,Reino Unido,2023,6,454.07,574.082,612.94,2023-05-14 20:16:22
MXP,Cleveland,Estados Unidos,2023,2,454.14,504.6875,490.515,2023-05-14 20:16:22
MXP,Sivas,Turquia,2023,7,454.35,454.51250000000005,454.49,2023-05-14 20:16:22
MXP,Conacri,Guiné,2023,5,454.41,528.8809090909091,513.6600000000001,2023-05-14 20:16:22
MXP,Antuérpia,Bélgica,2023,9,454.41,454.50600000000003,454.41,2023-05-14 20:16:22
MXP,Mascate,Omã,2023,8,454.49,638.91,602.34,2023-05-14 20:16:22
MXP,Kuwait,Koweit,2023,10,454.81,454.81,454.81,2023-05-14 20:16:22
MXP,Bangalore,Índia,2023,5,455.23,588.6490804597702,618.92,2023-05-14 20:16:22
MXP,Cleveland,Estados Unidos,2023,3,455.33,562.2680645161291,477.05,2023-05-14 20:16:22
MXP,Radom,Polónia,2023,5,455.36,2028.974081632653,2529.55,2023-05-14 20:16:22
MXP,Acra,Gana,2023,3,455.44,595.0964705882352,541.48,2023-05-14 20:16:22
MXP,Conacri,Guiné,2023,3,455.75,581.3411111111111,536.24,2023-05-14 20:16:22
MXP,Mulhouse,França,2023,4,455.82,475.14363636363635,459.35,2023-05-14 20:16:22
MXP,Nur-Sultan,Cazaquistão,2023,2,456.19,456.8433333333333,457.17,2023-05-14 20:16:22
MXP,Addis Abeba,Etiópia,2023,5,456.55,556.761875,528.67,2023-05-14 20:16:22
MXP,Medina,Arábia Saudita,2023,1,456.76,457.26,457.26,2023-05-14 20:16:22
MXP,Atlanta,Estados Unidos,2023,11,456.9,496.1077777777778,515.58,2023-05-14 20:16:22
MXP,Adıyaman,Turquia,2023,3,456.98,457.58875,457.66499999999996,2023-05-14 20:16:22
MXP,Assuão,Egito,2023,8,457.08,457.08,457.08,2023-05-14 20:16:22
MXP,Sharjah,Emirados Árabes Unidos,2023,6,457.35,502.5881818181818,490.01,2023-05-14 20:16:22
MXP,Mascate,Omã,2024,2,457.41,506.535,504.57000000000005,2023-05-14 20:16:22
MXP,Mumbai,Índia,2023,11,457.53,516.8883333333333,546.56,2023-05-14 20:16:22
MXP,Lagos,Nigéria,2024,2,457.69,469.448,460.4,2023-05-14 20:16:22
MXP,Caen,França,2023,5,457.69,501.2214285714286,460.4,2023-05-14 20:16:22
MXP,Santa Cruz das Flores,Portugal,2023,3,457.71,468.68555555555554,459.98,2023-05-14 20:16:22
MXP,Fort Lauderdale,Estados Unidos,2023,8,457.72,495.2611111111112,480.82,2023-05-14 20:16:22
MXP,Montreal,Canadá,2024,4,457.94,458.1,458.1,2023-05-14 20:16:22
MXP,Montreal,Canadá,2023,12,458.04,458.28,458.28,2023-05-14 20:16:22
MXP,Perpinhã,França,2023,8,458.27,459.82428571428574,460.26,2023-05-14 20:16:22
MXP,Los Angeles,Estados Unidos,2023,8,458.34,561.9383333333334,459.04,2023-05-14 20:16:22
MXP,Antuérpia,Bélgica,2023,6,458.35,687.7172222222222,470.42,2023-05-14 20:16:22
MXP,Montreal,Canadá,2023,11,458.98,459.45000000000005,459.45000000000005,2023-05-14 20:16:22
MXP,São Francisco,Estados Unidos,2023,8,459.09,628.285,459.235,2023-05-14 20:16:22
MXP,Rabil,Cabo Verde,2023,10,459.18,628.635,655.72,2023-05-14 20:16:22
MXP,Toronto,Canadá,2023,11,459.27,468.366,459.27,2023-05-14 20:16:22
MXP,Medina,Arábia Saudita,2024,1,459.35,459.35,459.35,2023-05-14 20:16:22
MXP,Mascate,Omã,2024,1,459.5,508.654,467.23,2023-05-14 20:16:22
MXP,Oostende,Bélgica,2023,1,459.71,502.46500000000003,502.46500000000003,2023-05-14 20:16:22
MXP,Dammam,Arábia Saudita,2023,12,459.84,614.0358823529413,658.27,2023-05-14 20:16:22
MXP,Santa Cruz das Flores,Portugal,2023,11,459.84,462.07428571428574,461.9,2023-05-14 20:16:22
MXP,Amritsar,Índia,2023,5,460.4,524.7970909090909,498.25,2023-05-14 20:16:22
MXP,Cartum,Sudão,2023,10,460.41,501.28149999999994,514.58,2023-05-14 20:16:22
MXP,Nashville,Estados Unidos,2023,3,460.43,837.9586666666667,576.99,2023-05-14 20:16:22
MXP,Ancona,Itália,2023,9,460.57,461.578,461.05,2023-05-14 20:16:22
MXP,Tampa,Estados Unidos,2023,2,460.88,529.2132352941177,519.81,2023-05-14 20:16:22
MXP,Islamabad,Paquistão,2023,5,461.17,609.9140659340659,594.88,2023-05-14 20:16:22
MXP,Orlando,Estados Unidos,2023,9,461.31,591.9746153846154,589.6,2023-05-14 20:16:22
MXP,Mumbai,Índia,2023,9,461.35,530.0454545454545,500.43,2023-05-14 20:16:22
MXP,Nairobi,Quénia,2023,9,461.54,564.234347826087,540.85,2023-05-14 20:16:22
MXP,Mumbai,Índia,2023,2,461.55,860.6825,608.235,2023-05-14 20:16:22
MXP,Carachi,Paquistão,2023,5,461.79,604.0121739130435,575.82,2023-05-14 20:16:22
MXP,West Palm Beach,Estados Unidos,2023,3,462.15,702.8713513513513,672.855,2023-05-14 20:16:22
MXP,Nova Deli,Índia,2023,2,462.4,560.016875,503.63,2023-05-14 20:16:22
MXP,San Jose,Estados Unidos,2024,1,463.18,501.155,501.155,2023-05-14 20:16:22
MXP,Sohag,Egito,2023,7,463.32,626.4692857142857,671.38,2023-05-14 20:16:22
MXP,Arvidsjaur,Suécia,2023,6,463.5,464.2816666666667,463.7,2023-05-14 20:16:22
MXP,Montreal,Canadá,2023,8,463.53,555.8971428571429,482.99,2023-05-14 20:16:22
MXP,Santa Ana,Estados Unidos,2023,3,463.54,824.3575757575758,674.29,2023-05-14 20:16:22
MXP,Ontário,Estados Unidos,2023,2,463.69,605.2556756756757,494.96,2023-05-14 20:16:22
MXP,Sohag,Egito,2023,5,463.82,484.936,485.06,2023-05-14 20:16:22
MXP,New Windsor,Estados Unidos,2024,1,463.87,465.425,464.6,2023-05-14 20:16:22
MXP,Bogotá,Colômbia,2023,3,464.1,742.635294117647,711.87,2023-05-14 20:16:22
MXP,Quimper,França,2023,2,464.1,465.1044444444445,465.55,2023-05-14 20:16:22
MXP,Fort Myers,Estados Unidos,2023,10,464.41,486.05315789473684,465.52,2023-05-14 20:16:22
MXP,Islamabad,Paquistão,2023,4,464.55,695.7970238095238,705.97,2023-05-14 20:16:22
MXP,Lahore,Paquistão,2023,6,464.61,562.0744444444445,544.69,2023-05-14 20:16:22
MXP,West Palm Beach,Estados Unidos,2023,11,464.99,540.8292307692308,529.59,2023-05-14 20:16:22
MXP,Daytona Beach,Estados Unidos,2023,2,465.15,639.8525,698.15,2023-05-14 20:16:22
MXP,Dar Es Salaam,Tanzânia,2023,10,465.26,646.7163157894737,576.13,2023-05-14 20:16:22
MXP,Nairobi,Quénia,2023,6,465.28,609.0521875,627.27,2023-05-14 20:16:22
MXP,Santa Ana,Estados Unidos,2023,2,465.53,610.8021153846154,570.285,2023-05-14 20:16:22
MXP,Lagos,Nigéria,2023,5,465.57,556.3823076923077,526.68,2023-05-14 20:16:22
MXP,Joanesburgo,África do Sul,2023,11,465.63,550.243,530.345,2023-05-14 20:16:22
MXP,Miami,Estados Unidos,2023,5,465.78,522.53,489.44000000000005,2023-05-14 20:16:22
MXP,Nairobi,Quénia,2023,4,465.82,635.4546875,661.09,2023-05-14 20:16:22
MXP,Cochin,Índia,2023,2,465.95,994.296,680.87,2023-05-14 20:16:22
MXP,Samarcanda,Uzbequistão,2023,10,466.07,721.1569999999999,682.63,2023-05-14 20:16:22
MXP,Key West,Estados Unidos,2023,11,466.1,466.488,466.42,2023-05-14 20:16:22
MXP,Ottawa,Canadá,2023,2,466.26,715.7592857142857,481.41,2023-05-14 20:16:22
MXP,Kastelorizo,Grécia,2023,3,466.62,467.87888888888887,466.62,2023-05-14 20:16:22
MXP,Lomé,Togo,2023,5,466.99,652.643448275862,605.24,2023-05-14 20:16:22
MXP,Ontário,Estados Unidos,2023,3,466.99,696.2184745762712,654.43,2023-05-14 20:16:22
MXP,San Jose,Estados Unidos,2023,11,467.11,467.355,467.355,2023-05-14 20:16:22
MXP,Kuwait,Koweit,2024,1,467.84,467.9685714285714,467.84,2023-05-14 20:16:22
MXP,Sharjah,Emirados Árabes Unidos,2024,1,467.84,468.445,468.445,2023-05-14 20:16:22
MXP,Cancún,México,2024,2,468.09,581.6786666666667,595.74,2023-05-14 20:16:22
MXP,Kuusamo,Finlândia,2023,12,468.22,481.1848387096774,482.07,2023-05-14 20:16:22
MXP,Isparta,Turquia,2023,4,468.28,468.28,468.28,2023-05-14 20:16:22
MXP,Kars,Turquia,2023,3,468.36,469.11,468.61,2023-05-14 20:16:22
MXP,Enfidha,Tunísia,2023,9,468.47,469.73444444444453,468.47,2023-05-14 20:16:22
MXP,Lagos,Nigéria,2023,10,468.71,491.8733333333333,503.28,2023-05-14 20:16:22
MXP,Constanţa,Roménia,2023,8,468.75,639.1348,582.27,2023-05-14 20:16:22
MXP,Filadélfia,Estados Unidos,2023,2,468.82,655.4082608695652,491.12,2023-05-14 20:16:22
MXP,Chicago,Estados Unidos,2023,6,469.21,768.0317647058823,513.29,2023-05-14 20:16:22
MXP,Nashville,Estados Unidos,2023,2,469.26,525.3815384615384,479.55,2023-05-14 20:16:22
MXP,Kirkenes,Noruega,2023,6,469.3,479.7868421052632,487.95,2023-05-14 20:16:22
MXP,Lomé,Togo,2023,4,469.5,593.1348387096774,559.39,2023-05-14 20:16:22
MXP,Nova Deli,Índia,2023,1,469.62,483.95,483.95,2023-05-14 20:16:22
MXP,Nur-Sultan,Cazaquistão,2023,9,469.66,561.9506666666667,574.94,2023-05-14 20:16:22
MXP,Sharjah,Emirados Árabes Unidos,2023,1,469.74,469.74,469.74,2023-05-14 20:16:22
MXP,Batumi,Geórgia,2023,9,470.17,471.4225,471.84,2023-05-14 20:16:22
MXP,Joanesburgo,África do Sul,2023,9,470.39,549.5444615384615,534.76,2023-05-14 20:16:22
MXP,Charlotte,Estados Unidos,2023,3,470.41,620.2002597402598,546.8,2023-05-14 20:16:22
MXP,Ontário,Estados Unidos,2024,3,470.57,555.3075,477.24,2023-05-14 20:16:22
MXP,Bolzano,Itália,2023,5,470.66,619.3322222222222,666.75,2023-05-14 20:16:22
MXP,Ontário,Estados Unidos,2023,11,470.83,666.0241666666667,578.88,2023-05-14 20:16:22
MXP,Acra,Gana,2023,4,470.85,594.9037837837838,558.99,2023-05-14 20:16:22
MXP,Charlotte,Estados Unidos,2023,5,471.57,563.5306626506024,543.41,2023-05-14 20:16:22
MXP,Gizé,Egito,2023,5,472.24,541.2611111111112,546.37,2023-05-14 20:16:22
MXP,São Paulo,Brasil,2023,3,472.28,664.7085416666666,626.64,2023-05-14 20:16:22
MXP,Nairobi,Quénia,2024,2,472.49,547.5833333333334,584.64,2023-05-14 20:16:22
MXP,Windsor,Canadá,2023,2,472.49,485.37875,485.505,2023-05-14 20:16:22
MXP,Santa Ana,Estados Unidos,2023,1,472.53,472.53,472.53,2023-05-14 20:16:22
MXP,Baku,Azerbeijão,2023,1,472.53,506.89363636363635,493.73,2023-05-14 20:16:22
MXP,Dar Es Salaam,Tanzânia,2023,9,472.65,626.525,583.715,2023-05-14 20:16:22
MXP,Entebbe,Uganda,2023,4,472.99,661.407142857143,654.54,2023-05-14 20:16:22
MXP,Vila do Porto,Portugal,2023,7,473.02,474.94,473.46,2023-05-14 20:16:22
MXP,Alexandria,Egito,2023,8,473.1,473.1,473.1,2023-05-14 20:16:22
MXP,Nova Deli,Índia,2023,8,473.65,587.9649999999999,494.36,2023-05-14 20:16:22
MXP,Abidjã,Costa do Marfim,2023,6,473.84,545.0842857142858,545.19,2023-05-14 20:16:22
MXP,Kuala Lumpur,Malásia,2023,11,474.03,556.4535714285714,536.63,2023-05-14 20:16:22
MXP,Banjul,Gâmbia,2023,6,474.06,570.981320754717,573.05,2023-05-14 20:16:22
MXP,Salalah,Omã,2023,3,474.07,588.5433962264151,608.33,2023-05-14 20:16:22
MXP,Luxor,Egito,2024,1,474.37,474.37,474.37,2023-05-14 20:16:22
MXP,Astypálaia,Grécia,2023,9,474.37,477.5125,474.57,2023-05-14 20:16:22
MXP,Entebbe,Uganda,2023,6,474.57,676.6651807228916,684.54,2023-05-14 20:16:22
MXP,Ahmedabad,Índia,2023,6,475.2,677.36046875,692.77,2023-05-14 20:16:22
MXP,Ahmedabad,Índia,2023,2,475.24,639.1062962962963,677.36,2023-05-14 20:16:22
MXP,Sétif,Argélia,2023,5,475.26,479.63416666666666,480.61,2023-05-14 20:16:22
MXP,Zanzibar,Tanzânia,2023,11,475.38,551.8857575757576,556.61,2023-05-14 20:16:22
MXP,Atlanta,Estados Unidos,2023,4,475.44,544.9853333333333,528.76,2023-05-14 20:16:22
MXP,Panama City,Estados Unidos,2023,10,475.48,565.1757142857143,644.39,2023-05-14 20:16:22
MXP,Bishkek,Quirguizistão,2023,3,475.5,544.1847540983606,520.59,2023-05-14 20:16:22
MXP,Assuão,Egito,2023,4,475.89,555.2948648648648,524.46,2023-05-14 20:16:22
MXP,Turku,Finlândia,2023,2,476.13,477.4405882352941,477.63,2023-05-14 20:16:22
MXP,Thiruvananthapuram,Índia,2023,2,476.16,904.085,678.7950000000001,2023-05-14 20:16:22
MXP,Amritsar,Índia,2023,6,476.25,700.5908108108108,716.09,2023-05-14 20:16:22
MXP,Atlanta,Estados Unidos,2023,10,476.8,494.46733333333333,479.29,2023-05-14 20:16:22
MXP,Malé,Maldivas,2023,10,476.81,668.9285714285714,699.6,2023-05-14 20:16:22
MXP,Nashville,Estados Unidos,2023,9,476.82,564.8583333333333,537.2,2023-05-14 20:16:22
MXP,Cartum,Sudão,2023,5,476.95,659.3218181818182,678.36,2023-05-14 20:16:22
MXP,Detroit,Estados Unidos,2023,3,477.08,695.2557142857144,657.515,2023-05-14 20:16:22
MXP,Régio da Calábria,Itália,2023,12,477.09,477.09,477.09,2023-05-14 20:16:22
MXP,Banjul,Gâmbia,2023,12,477.34,478.54,477.98,2023-05-14 20:16:22
MXP,Brno,República Checa,2023,2,477.36,488.5735714285714,493.47,2023-05-14 20:16:22
MXP,Santa Ana,Estados Unidos,2023,10,477.68,578.0392307692307,537.75,2023-05-14 20:16:22
MXP,Charlotte,Estados Unidos,2023,2,478.19,566.8027999999999,580.28,2023-05-14 20:16:22
MXP,Hong Kong,Hong Kong,2023,11,478.2,600.2559090909091,610.62,2023-05-14 20:16:22
MXP,Asmara,Eritreia,2023,4,478.7,696.9552830188679,691.24,2023-05-14 20:16:22
MXP,Nashville,Estados Unidos,2023,4,478.92,595.8292727272727,538.46,2023-05-14 20:16:22
MXP,Addis Abeba,Etiópia,2023,4,479.54,641.1817142857143,591.44,2023-05-14 20:16:22
MXP,Cotonou,Benin,2023,3,479.55,547.9754545454546,558.32,2023-05-14 20:16:22
MXP,Ørland,Noruega,2023,9,479.62,548.8427272727272,554.79,2023-05-14 20:16:22
MXP,Medina,Arábia Saudita,2024,3,480.13,480.12999999999994,480.13,2023-05-14 20:16:22
MXP,Quebec,Canadá,2023,5,480.44,603.7908571428571,544.05,2023-05-14 20:16:22
MXP,São Diego,Estados Unidos,2023,2,480.65,730.4993181818182,648.47,2023-05-14 20:16:22
MXP,Sohag,Egito,2023,4,481.37,569.3248484848485,499.24,2023-05-14 20:16:22
MXP,Hyderabad,Índia,2023,4,481.44,662.561724137931,620.4,2023-05-14 20:16:22
MXP,Coimbatore,Índia,2023,5,481.82,701.0405,780.46,2023-05-14 20:16:22
MXP,Almaty,Cazaquistão,2023,11,481.83,481.83,481.83,2023-05-14 20:16:22
MXP,Santa Ana,Estados Unidos,2023,4,481.87,700.8487603305784,679.9,2023-05-14 20:16:22
MXP,New Windsor,Estados Unidos,2024,2,481.98,481.98,481.98,2023-05-14 20:16:22
MXP,Dakhla,Sara Ocidental,2023,7,482.25,569.8346428571429,558.6500000000001,2023-05-14 20:16:22
MXP,Nairobi,Quénia,2023,11,482.3,600.3805454545454,604.08,2023-05-14 20:16:22
MXP,Atlanta,Estados Unidos,2023,5,482.58,551.5101075268817,529.34,2023-05-14 20:16:22
MXP,Batumi,Geórgia,2023,3,483.02,516.1716129032258,508.89,2023-05-14 20:16:22
MXP,Lomé,Togo,2023,3,483.23,552.7749056603774,530.99,2023-05-14 20:16:22
MXP,Chennai,Índia,2023,6,483.33,584.8933333333333,528.97,2023-05-14 20:16:22
MXP,Santa Ana,Estados Unidos,2024,3,483.34,503.00444444444446,483.6,2023-05-14 20:16:22
MXP,Narvik,Noruega,2023,1,483.55,483.565,483.565,2023-05-14 20:16:22
MXP,Tampa,Estados Unidos,2023,3,483.61,630.0992,625.87,2023-05-14 20:16:22
MXP,Cochin,Índia,2023,9,483.63,522.6714285714286,486.06,2023-05-14 20:16:22
MXP,Atlanta,Estados Unidos,2023,8,483.7,524.7682142857143,501.975,2023-05-14 20:16:22
MXP,Nairobi,Quénia,2023,10,483.9,546.6984375,519.915,2023-05-14 20:16:22
MXP,Ontário,Estados Unidos,2023,10,483.92,763.7807692307692,563.895,2023-05-14 20:16:22
MXP,Ottawa,Canadá,2023,4,484.09,951.2732000000001,824.61,2023-05-14 20:16:22
MXP,Entebbe,Uganda,2023,2,484.48,701.8764285714286,758.09,2023-05-14 20:16:22
MXP,Entebbe,Uganda,2023,11,484.81,524.22,524.385,2023-05-14 20:16:22
MXP,Sharjah,Emirados Árabes Unidos,2023,12,484.82,486.3066666666667,487.05,2023-05-14 20:16:22
MXP,Kigali,Ruanda,2023,5,484.82,598.0627586206897,601.73,2023-05-14 20:16:22
MXP,Jyväskylä,Finlândia,2023,5,484.82,485.9566666666667,486.16,2023-05-14 20:16:22
MXP,Ørland,Noruega,2023,5,484.82,496.7647368421053,487.7,2023-05-14 20:16:22
MXP,Aqaba,Jordânia,2023,9,485.15,616.3154999999999,651.355,2023-05-14 20:16:22
MXP,Nur-Sultan,Cazaquistão,2023,10,485.29,501.71777777777777,489.42,2023-05-14 20:16:22
MXP,Assuão,Egito,2023,7,485.34,485.9136363636364,485.54,2023-05-14 20:16:22
MXP,Addis Abeba,Etiópia,2023,9,485.34,517.80375,499.01,2023-05-14 20:16:22
MXP,Baltimore,Estados Unidos,2023,10,485.78,511.8913333333333,521.78,2023-05-14 20:16:22
MXP,Nur-Sultan,Cazaquistão,2023,5,485.95,661.5103703703703,586.9,2023-05-14 20:16:22
MXP,Filadélfia,Estados Unidos,2023,3,486.02,780.0673214285715,555.52,2023-05-14 20:16:22
MXP,San Jose,Estados Unidos,2023,12,486.47,789.5038461538461,777.9,2023-05-14 20:16:22
MXP,Batumi,Geórgia,2023,10,486.5,486.5,486.5,2023-05-14 20:16:22
MXP,Deauville,França,2023,6,486.59,487.53363636363633,486.65,2023-05-14 20:16:22
MXP,Ontário,Estados Unidos,2023,12,486.63,729.2144444444444,795.24,2023-05-14 20:16:22
MXP,Linkoping,Suécia,2023,6,486.96,487.36199999999997,487.29,2023-05-14 20:16:22
MXP,Aktau,Cazaquistão,2023,7,486.99,506.32849999999996,520.29,2023-05-14 20:16:22
MXP,Sogndal,Noruega,2023,6,487.04,487.85833333333335,487.25,2023-05-14 20:16:22
MXP,Baltimore,Estados Unidos,2023,12,487.06,571.1816666666667,491.29,2023-05-14 20:16:22
MXP,Pittsburgh,Estados Unidos,2023,2,487.09,576.0717391304348,582.53,2023-05-14 20:16:22
MXP,Almaty,Cazaquistão,2023,10,487.23,502.971,490.84000000000003,2023-05-14 20:16:22
MXP,Vasco da Gama,Índia,2023,2,487.23,673.4665217391304,692.32,2023-05-14 20:16:22
MXP,San Jose,Estados Unidos,2023,6,487.27,701.2348148148149,729.475,2023-05-14 20:16:22
MXP,Santo Domingo,República Dominicana,2023,3,487.74,694.0422340425532,629.38,2023-05-14 20:16:22
MXP,Santo Domingo,República Dominicana,2023,9,488.0,647.0752,648.83,2023-05-14 20:16:22
MXP,Bishkek,Quirguizistão,2023,5,488.16,584.1225,570.765,2023-05-14 20:16:22
MXP,Errachidia,Marrocos,2023,2,488.17,671.5513333333333,745.44,2023-05-14 20:16:22
MXP,Nairobi,Quénia,2023,12,488.29,645.8821212121212,525.03,2023-05-14 20:16:22
MXP,Cidade do Panamá,Panamá,2023,2,488.29,603.9972727272727,633.72,2023-05-14 20:16:22
MXP,Raleigh,Estados Unidos,2023,5,488.38,557.0202479338843,523.92,2023-05-14 20:16:22
MXP,Winnipeg,Canadá,2023,2,488.38,561.6923529411765,488.53,2023-05-14 20:16:22
MXP,Orlando,Estados Unidos,2023,11,488.53,575.4896875,584.38,2023-05-14 20:16:22
MXP,Pittsburgh,Estados Unidos,2023,5,488.53,601.9285135135135,576.36,2023-05-14 20:16:22
MXP,Mardin,Turquia,2023,4,488.56,561.9176923076923,567.57,2023-05-14 20:16:22
MXP,Aktau,Cazaquistão,2023,2,488.65,836.8555555555555,839.18,2023-05-14 20:16:22
MXP,Nairobi,Quénia,2024,1,489.1,570.36,499.53999999999996,2023-05-14 20:16:22
MXP,Bishkek,Quirguizistão,2023,6,489.53,591.0154761904762,586.21,2023-05-14 20:16:22
MXP,Bishkek,Quirguizistão,2023,2,489.84,498.64833333333337,491.38,2023-05-14 20:16:22
MXP,Jacksonville,Estados Unidos,2023,9,490.03,490.03,490.03,2023-05-14 20:16:22
MXP,Batumi,Geórgia,2023,8,490.69,602.11425,613.105,2023-05-14 20:16:22
MXP,Austin,Estados Unidos,2023,3,490.7,782.8577777777778,714.245,2023-05-14 20:16:22
MXP,Espargos,Cabo Verde,2024,2,491.05,502.1583333333333,491.635,2023-05-14 20:16:22
MXP,Almaty,Cazaquistão,2023,4,491.21,602.2298000000001,612.345,2023-05-14 20:16:22
MXP,Ha'il,Arábia Saudita,2023,3,491.32,491.907,491.99,2023-05-14 20:16:22
MXP,Cidade da Praia,Cabo Verde,2023,2,491.5,778.1563636363636,625.05,2023-05-14 20:16:22
MXP,Lahore,Paquistão,2023,10,491.57,491.71,491.78,2023-05-14 20:16:22
MXP,Niamey,Níger,2023,5,491.6,604.6951428571429,543.76,2023-05-14 20:16:22
MXP,Orlando,Estados Unidos,2023,4,491.6,594.4404494382022,594.82,2023-05-14 20:16:22
MXP,Nur-Sultan,Cazaquistão,2023,4,491.76,579.3015873015873,564.49,2023-05-14 20:16:22
MXP,Bishkek,Quirguizistão,2023,4,491.77,676.8456140350877,632.1,2023-05-14 20:16:22
MXP,Samarcanda,Uzbequistão,2023,6,491.83,641.0533333333333,637.41,2023-05-14 20:16:22
MXP,Bardufoss,Noruega,2023,5,491.97,499.2415384615385,492.43,2023-05-14 20:16:22
MXP,Bishkek,Quirguizistão,2023,11,492.17,492.17,492.17,2023-05-14 20:16:22
MXP,Sorkjosen,Noruega,2023,11,492.25,1177.8230434782608,1802.53,2023-05-14 20:16:22
MXP,Pittsburgh,Estados Unidos,2023,3,492.37,1112.366,536.21,2023-05-14 20:16:22
MXP,Amritsar,Índia,2023,4,492.37,603.0180434782608,590.95,2023-05-14 20:16:22
MXP,Addis Abeba,Etiópia,2023,6,492.77,568.95375,586.9,2023-05-14 20:16:22
MXP,Kirkwall,Reino Unido,2023,7,492.96,494.72727272727275,495.88,2023-05-14 20:16:22
MXP,Vasco da Gama,Índia,2023,4,493.3,673.1329032258064,689.96,2023-05-14 20:16:22
MXP,Cidade da Praia,Cabo Verde,2023,12,493.34,566.7511111111112,583.71,2023-05-14 20:16:22
MXP,Kuwait,Koweit,2023,12,493.46,544.515,549.085,2023-05-14 20:16:22
MXP,Longyearbyen,Noruega,2023,3,493.46,564.0832558139535,536.81,2023-05-14 20:16:22
MXP,Ottawa,Canadá,2023,8,493.59,915.77325,961.43,2023-05-14 20:16:22
MXP,Baltimore,Estados Unidos,2023,11,493.67,537.736,541.5,2023-05-14 20:16:22
MXP,Oakland,Estados Unidos,2023,10,493.88,881.5263265306122,982.02,2023-05-14 20:16:22
MXP,Chennai,Índia,2023,4,494.06,624.3714772727272,587.91,2023-05-14 20:16:22
MXP,Asmara,Eritreia,2023,9,494.06,785.3627027027028,728.76,2023-05-14 20:16:22
MXP,Perugia,Itália,2023,8,494.11,1206.058125,1550.16,2023-05-14 20:16:22
MXP,Taif,Arábia Saudita,2024,2,494.28,494.5841666666667,494.6,2023-05-14 20:16:22
MXP,Islamabad,Paquistão,2023,6,494.39,611.1809302325581,572.29,2023-05-14 20:16:22
MXP,Szczecin,Polónia,2023,2,495.16,495.16,495.16,2023-05-14 20:16:22
MXP,San Jose,Estados Unidos,2023,4,495.34,739.7773394495413,652.06,2023-05-14 20:16:22
MXP,Akureyri,Islândia,2023,6,495.63,496.1709090909091,496.09,2023-05-14 20:16:22
MXP,Bogotá,Colômbia,2023,2,495.73,744.888,745.28,2023-05-14 20:16:22
MXP,"Washington, D.C.",Estados Unidos,2024,4,495.8,495.8,495.8,2023-05-14 20:16:22
MXP,Pensacola,Estados Unidos,2023,11,495.81,496.98636363636365,496.12,2023-05-14 20:16:22
MXP,Valparaíso,Estados Unidos,2023,11,495.81,496.98636363636365,496.12,2023-05-14 20:16:22
MXP,Orlando,Estados Unidos,2023,3,495.89,560.6516666666666,545.4449999999999,2023-05-14 20:16:22
MXP,Kálymnos,Grécia,2023,9,495.94,557.0649999999999,517.6,2023-05-14 20:16:22
MXP,Acra,Gana,2023,5,495.97,577.3667441860465,559.62,2023-05-14 20:16:22
MXP,Baia Mare,Roménia,2023,6,496.02,526.5538461538462,529.23,2023-05-14 20:16:22
MXP,Leknes,Noruega,2023,10,496.09,496.2,496.2,2023-05-14 20:16:22
MXP,Isle of Benbecula,Reino Unido,2023,8,496.39,639.3467857142857,563.33,2023-05-14 20:16:22
MXP,Nairobi,Quénia,2024,3,496.41,497.525,497.525,2023-05-14 20:16:22
MXP,Kittilä,Finlândia,2023,5,496.45,496.49,496.45,2023-05-14 20:16:22
MXP,Rabil,Cabo Verde,2024,2,497.11,498.7728571428571,499.72,2023-05-14 20:16:22
MXP,Gdansk,Polónia,2023,1,497.19,497.3,497.3,2023-05-14 20:16:22
MXP,Nouakchott,Mauritânia,2023,2,497.26,662.1794871794872,695.53,2023-05-14 20:16:22
MXP,Las Vegas,Estados Unidos,2023,3,497.44,669.6008771929825,664.31,2023-05-14 20:16:22
MXP,Ängelholm,Suécia,2023,8,497.48,498.14916666666664,498.27,2023-05-14 20:16:22
MXP,Namsos,Noruega,2023,8,497.71,642.917619047619,675.64,2023-05-14 20:16:22
MXP,Kajaani,Finlândia,2023,3,497.92,497.92,497.92,2023-05-14 20:16:22
MXP,Samarcanda,Uzbequistão,2023,3,497.98,570.194,563.2,2023-05-14 20:16:22
MXP,Paleochori,Grécia,2023,4,498.76,653.8576470588235,667.45,2023-05-14 20:16:22
MXP,Sarasota,Estados Unidos,2023,3,498.76,537.2257142857143,499.99,2023-05-14 20:16:22
MXP,Plovdiv,Bulgária,2023,7,499.02,501.1044444444445,501.19,2023-05-14 20:16:22
MXP,Kinshasa,República Democrática do Congo,2023,4,499.03,727.2614583333334,777.17,2023-05-14 20:16:22
MXP,Assiut,Egito,2023,5,499.17,499.76800000000003,499.735,2023-05-14 20:16:22
MXP,Addis Abeba,Etiópia,2023,11,499.69,507.94736842105266,501.71,2023-05-14 20:16:22
MXP,Dundee,Reino Unido,2023,7,499.75,676.9689999999999,503.25,2023-05-14 20:16:22
MXP,Joanesburgo,África do Sul,2023,10,500.13,597.2081818181819,551.82,2023-05-14 20:16:22
MXP,Gainesville,Estados Unidos,2023,3,500.25,500.8241666666667,500.33,2023-05-14 20:16:22
MXP,Éilat,Israel,2023,7,500.88,501.4875,500.88,2023-05-14 20:16:22
MXP,Raleigh,Estados Unidos,2023,3,500.93,626.7610126582279,521.76,2023-05-14 20:16:22
MXP,Addis Abeba,Etiópia,2023,10,500.99,505.81899999999996,503.09,2023-05-14 20:16:22
MXP,Raleigh,Estados Unidos,2023,2,501.14,504.42333333333335,502.0,2023-05-14 20:16:22
MXP,Nimes,França,2023,2,501.58,502.09799999999996,501.58,2023-05-14 20:16:22
MXP,Ivalo,Finlândia,2024,2,501.81,501.81,501.81,2023-05-14 20:16:22
MXP,Edremit,Turquia,2023,4,501.9,503.342,503.54,2023-05-14 20:16:22
MXP,Nouakchott,Mauritânia,2023,5,501.97,516.3609090909091,523.14,2023-05-14 20:16:22
MXP,Kinshasa,República Democrática do Congo,2023,5,502.01,703.4435365853659,741.24,2023-05-14 20:16:22
MXP,Sogndal,Noruega,2023,4,502.06,502.7311111111111,502.71,2023-05-14 20:16:22
MXP,Banguecoque,Tailândia,2023,5,502.37,559.013717948718,529.7249999999999,2023-05-14 20:16:22
MXP,Assuão,Egito,2024,1,502.43,503.20199999999994,503.46,2023-05-14 20:16:22
MXP,El Aiune,Sara Ocidental,2023,3,502.54,502.54,502.54,2023-05-14 20:16:22
MXP,Knock,Irlanda,2023,12,503.05,504.004,504.64,2023-05-14 20:16:22
MXP,Colombo,Sri Lanka,2023,5,503.37,613.7613274336283,605.9,2023-05-14 20:16:22
MXP,Nova Orleães,Estados Unidos,2023,3,503.71,846.6886,573.695,2023-05-14 20:16:22
MXP,Zanzibar,Tanzânia,2023,9,503.92,677.5976470588236,607.26,2023-05-14 20:16:22
MXP,Burbank,Estados Unidos,2023,10,503.96,835.7984210526316,773.88,2023-05-14 20:16:22
MXP,León,Espanha,2023,4,504.15,536.1852,537.22,2023-05-14 20:16:22
MXP,Santo Domingo,República Dominicana,2023,2,504.6,636.5277777777778,662.7,2023-05-14 20:16:22
MXP,Lima,Perú,2023,11,504.74,653.0954901960785,657.02,2023-05-14 20:16:22
MXP,Leknes,Noruega,2023,7,504.77,605.9092156862745,620.94,2023-05-14 20:16:22
MXP,Ajácio,França,2023,2,505.41,505.41,505.41,2023-05-14 20:16:22
MXP,Joanesburgo,África do Sul,2023,1,505.47,509.71500000000003,509.71500000000003,2023-05-14 20:16:22
MXP,São Francisco,Estados Unidos,2023,6,505.52,616.909375,571.0799999999999,2023-05-14 20:16:22
MXP,Cartum,Sudão,2023,2,505.52,524.8068421052632,524.46,2023-05-14 20:16:22
MXP,Medina,Arábia Saudita,2023,8,505.65,669.9150000000001,720.73,2023-05-14 20:16:22
MXP,Zanzibar,Tanzânia,2023,10,505.77,554.1550000000001,537.985,2023-05-14 20:16:22
MXP,Houston,Estados Unidos,2023,4,506.21,706.3896694214876,670.05,2023-05-14 20:16:22
MXP,Siālkot,Paquistão,2023,6,506.35,839.938,959.9,2023-05-14 20:16:22
MXP,Luanda,Angola,2023,6,506.61,908.6245454545455,723.89,2023-05-14 20:16:22
MXP,Manila,Filipinas,2023,10,506.65,840.5852380952381,749.93,2023-05-14 20:16:22
MXP,Fort Lauderdale,Estados Unidos,2024,3,506.69,506.85,506.85,2023-05-14 20:16:22
MXP,Nova Orleães,Estados Unidos,2023,2,506.71,543.3848,517.26,2023-05-14 20:16:22
MXP,Baltimore,Estados Unidos,2023,6,507.17,734.7900000000001,808.05,2023-05-14 20:16:22
MXP,Dakhla,Sara Ocidental,2023,9,507.55,507.8666666666666,507.61,2023-05-14 20:16:22
MXP,Colombo,Sri Lanka,2023,3,507.56,756.9589189189189,718.525,2023-05-14 20:16:22
MXP,Hong Kong,Hong Kong,2024,3,507.91,511.60636363636365,511.06,2023-05-14 20:16:22
MXP,Alta,Noruega,2023,7,508.24,510.03999999999996,510.03999999999996,2023-05-14 20:16:22
MXP,Colombo,Sri Lanka,2023,2,508.27,680.318,675.03,2023-05-14 20:16:22
MXP,San Jose,Estados Unidos,2023,10,508.69,582.735,515.77,2023-05-14 20:16:22
MXP,Banguecoque,Tailândia,2023,6,508.7,601.3269696969697,599.23,2023-05-14 20:16:22
MXP,San Jose,Estados Unidos,2023,9,509.23,620.6556140350878,566.76,2023-05-14 20:16:22
MXP,Namsos,Noruega,2023,6,509.3,511.0954545454546,511.02,2023-05-14 20:16:22
MXP,Orlando,Estados Unidos,2023,5,509.32,602.0692708333333,595.69,2023-05-14 20:16:22
MXP,Rijeka,Croácia,2023,4,509.34,574.9466666666666,509.82,2023-05-14 20:16:22
MXP,Nova Orleães,Estados Unidos,2023,11,509.43,524.6176923076923,528.0,2023-05-14 20:16:22
MXP,Annaba,Argélia,2023,9,509.67,511.11800000000005,511.0,2023-05-14 20:16:22
MXP,Punta Cana,República Dominicana,2023,3,510.06,687.1002298850575,629.75,2023-05-14 20:16:22
MXP,Amritsar,Índia,2023,1,510.11,983.0760000000002,1296.9,2023-05-14 20:16:22
MXP,Asmara,Eritreia,2023,10,510.14,619.7707142857143,630.7049999999999,2023-05-14 20:16:22
MXP,Leknes,Noruega,2023,3,510.16,510.16,510.16,2023-05-14 20:16:22
MXP,Iaundé,Camarões,2023,3,510.23,857.5781318681319,649.89,2023-05-14 20:16:22
MXP,Skellefteå,Suécia,2023,4,510.26,510.2675,510.26,2023-05-14 20:16:22
MXP,Ouarzazate,Marrocos,2023,8,510.28,511.36899999999997,511.145,2023-05-14 20:16:22
MXP,Manila,Filipinas,2023,6,510.31,605.0296774193549,582.58,2023-05-14 20:16:22
MXP,Cidade da Praia,Cabo Verde,2024,2,510.45,510.45,510.45,2023-05-14 20:16:22
MXP,Nova Orleães,Estados Unidos,2023,6,510.53,613.27,583.625,2023-05-14 20:16:22
MXP,Svolvær,Noruega,2023,8,511.05,894.6126666666667,735.0,2023-05-14 20:16:22
MXP,Chattanooga,Estados Unidos,2023,3,511.24,516.155,512.01,2023-05-14 20:16:22
MXP,Burbank,Estados Unidos,2023,5,511.29,1090.8224528301887,1049.72,2023-05-14 20:16:22
MXP,Santa Ana,Estados Unidos,2023,5,511.29,835.4138461538461,707.36,2023-05-14 20:16:22
MXP,Suceava,Roménia,2023,9,511.47,517.6899999999999,520.8,2023-05-14 20:16:22
MXP,Acra,Gana,2023,6,511.6,574.8358333333334,574.22,2023-05-14 20:16:22
MXP,Velas,Portugal,2023,8,511.62,572.2425,512.86,2023-05-14 20:16:22
MXP,Luanda,Angola,2023,3,511.79,992.6421212121212,614.38,2023-05-14 20:16:22
MXP,Lerwick,Reino Unido,2023,8,512.09,713.8180392156863,747.02,2023-05-14 20:16:22
MXP,Charlotte,Estados Unidos,2023,4,512.21,543.3178260869565,536.815,2023-05-14 20:16:22
MXP,Nova Orleães,Estados Unidos,2023,9,512.35,549.5451724137931,529.22,2023-05-14 20:16:22
MXP,Fort Myers,Estados Unidos,2023,9,512.49,512.49,512.49,2023-05-14 20:16:22
MXP,Mombaça,Quénia,2023,7,512.57,714.8281818181819,515.77,2023-05-14 20:16:22
MXP,Svolvær,Noruega,2023,3,512.95,1656.342142857143,1667.7,2023-05-14 20:16:22
MXP,Al Hoceima,Marrocos,2023,8,513.03,1062.992638888889,1048.06,2023-05-14 20:16:22
MXP,Eskişehir,Turquia,2023,6,513.17,513.6954545454545,514.02,2023-05-14 20:16:22
MXP,Rorvik,Noruega,2023,8,513.18,645.6576190476192,672.88,2023-05-14 20:16:22
MXP,Addis Abeba,Etiópia,2023,7,513.42,620.2755,653.075,2023-05-14 20:16:22
MXP,Bangalore,Índia,2023,6,513.81,600.8855555555556,609.25,2023-05-14 20:16:22
MXP,Ontário,Estados Unidos,2024,1,513.87,608.4060000000001,576.22,2023-05-14 20:16:22
MXP,Manila,Filipinas,2023,5,513.91,710.3052136752137,691.24,2023-05-14 20:16:22
MXP,Luxor,Egito,2024,2,513.93,514.566,514.99,2023-05-14 20:16:22
MXP,Las Vegas,Estados Unidos,2023,2,513.94,598.9426315789474,624.71,2023-05-14 20:16:22
MXP,Savannah,Estados Unidos,2023,2,513.94,604.3843333333333,602.57,2023-05-14 20:16:22
MXP,Entebbe,Uganda,2023,9,514.07,514.202,514.29,2023-05-14 20:16:22
MXP,Tashkent,Uzbequistão,2023,3,514.13,608.6608108108109,594.96,2023-05-14 20:16:22
MXP,Bangalore,Índia,2023,3,514.14,713.5998387096774,629.38,2023-05-14 20:16:22
MXP,Savannah,Estados Unidos,2023,3,514.18,538.9036842105263,518.94,2023-05-14 20:16:22
MXP,Carachi,Paquistão,2023,7,514.2,688.7,786.12,2023-05-14 20:16:22
MXP,Nairobi,Quénia,2023,2,514.66,684.2841176470588,648.67,2023-05-14 20:16:22
MXP,Greenville,Estados Unidos,2023,3,515.03,803.3457142857143,749.8,2023-05-14 20:16:22
MXP,Mombaça,Quénia,2024,1,515.29,647.3516129032258,576.23,2023-05-14 20:16:22
MXP,Lakselv,Noruega,2023,6,515.66,519.4333333333333,521.33,2023-05-14 20:16:22
MXP,Detroit,Estados Unidos,2023,2,515.73,635.6750000000001,633.89,2023-05-14 20:16:22
MXP,Dakhla,Sara Ocidental,2023,8,515.73,624.334090909091,640.03,2023-05-14 20:16:22
MXP,Victoria,Seicheles,2023,6,515.81,577.1058227848101,561.33,2023-05-14 20:16:22
MXP,Rorvik,Noruega,2023,6,515.82,517.6336363636364,517.56,2023-05-14 20:16:22
MXP,Hong Kong,Hong Kong,2023,2,515.83,771.7363636363636,766.005,2023-05-14 20:16:22
MXP,Charleston,Estados Unidos,2023,3,515.96,621.2581666666666,562.98,2023-05-14 20:16:22
MXP,Nur-Sultan,Cazaquistão,2023,3,516.0,762.20375,684.87,2023-05-14 20:16:22
MXP,Longyearbyen,Noruega,2023,5,516.13,576.5344,544.49,2023-05-14 20:16:22
MXP,Tampa,Estados Unidos,2023,5,516.25,638.9082835820894,623.4100000000001,2023-05-14 20:16:22
MXP,Burbank,Estados Unidos,2023,11,516.45,957.4923076923078,1046.45,2023-05-14 20:16:22
MXP,Kigali,Ruanda,2023,3,516.49,685.5354901960784,574.48,2023-05-14 20:16:22
MXP,Chattanooga,Estados Unidos,2023,1,516.49,520.1700000000001,520.1700000000001,2023-05-14 20:16:22
MXP,Gizé,Egito,2023,4,516.51,631.60525,655.405,2023-05-14 20:16:22
MXP,Boston,Estados Unidos,2023,1,516.71,599.19,599.19,2023-05-14 20:16:22
MXP,Singapura,Singapura,2024,2,516.76,565.978888888889,591.75,2023-05-14 20:16:22
MXP,Burbank,Estados Unidos,2023,3,516.91,809.1745945945946,811.89,2023-05-14 20:16:22
MXP,Singapura,Singapura,2024,1,517.13,620.6279999999999,518.38,2023-05-14 20:16:22
MXP,Charlotte,Estados Unidos,2023,6,517.17,558.7571428571429,575.52,2023-05-14 20:16:22
MXP,Filadélfia,Estados Unidos,2023,9,517.29,543.1058823529411,538.7,2023-05-14 20:16:22
MXP,Fort Myers,Estados Unidos,2023,4,517.5,578.724,569.4,2023-05-14 20:16:22
MXP,Victoria,Seicheles,2023,5,517.54,615.7242982456141,576.8199999999999,2023-05-14 20:16:22
MXP,Memphis,Estados Unidos,2023,9,517.56,693.1816666666667,539.32,2023-05-14 20:16:22
MXP,Raleigh,Estados Unidos,2023,4,517.57,545.4136521739131,543.47,2023-05-14 20:16:22
MXP,Myrtle Beach,Estados Unidos,2023,2,517.59,519.025,519.01,2023-05-14 20:16:22
MXP,Lahore,Paquistão,2023,9,517.6,669.543,641.94,2023-05-14 20:16:22
MXP,Incheon,Coreia do Sul,2024,1,517.62,605.3199999999999,622.15,2023-05-14 20:16:22
MXP,Seul,Coreia do Sul,2024,1,517.62,605.3199999999999,622.15,2023-05-14 20:16:22
MXP,Mombaça,Quénia,2023,5,517.75,621.8964864864864,590.1,2023-05-14 20:16:22
MXP,Tampa,Estados Unidos,2023,9,517.82,569.5111111111112,532.94,2023-05-14 20:16:22
MXP,San Sebastián de la Gomera,Espanha,2023,9,518.09,519.9333333333333,519.81,2023-05-14 20:16:22
MXP,Filadélfia,Estados Unidos,2024,4,518.15,524.328,518.15,2023-05-14 20:16:22
MXP,Charleston,Estados Unidos,2023,5,518.29,631.54578125,550.83,2023-05-14 20:16:22
MXP,Victoria,Seicheles,2023,8,518.42,782.0233333333332,769.495,2023-05-14 20:16:22
MXP,Maceió,Brasil,2023,11,518.42,1175.934375,1680.1100000000001,2023-05-14 20:16:22
MXP,Victoria,Seicheles,2023,7,518.42,605.797,566.81,2023-05-14 20:16:22
MXP,Lahore,Paquistão,2023,3,518.53,806.5963636363635,715.57,2023-05-14 20:16:22
MXP,Samarcanda,Uzbequistão,2023,4,518.53,929.5995689655173,818.8,2023-05-14 20:16:22
MXP,Baltimore,Estados Unidos,2023,9,518.73,635.9233333333333,602.19,2023-05-14 20:16:22
MXP,Columbia,Estados Unidos,2023,3,518.74,521.9245454545454,518.75,2023-05-14 20:16:22
MXP,Melbourne,Estados Unidos,2023,4,518.74,685.9676785714286,577.47,2023-05-14 20:16:22
MXP,Patras,Grécia,2023,5,518.75,739.9978125,710.605,2023-05-14 20:16:22
MXP,Dallas,Estados Unidos,2023,3,518.79,782.6197345132744,685.49,2023-05-14 20:16:22
MXP,Kuusamo,Finlândia,2023,6,518.84,520.47625,520.14,2023-05-14 20:16:22
MXP,Nashville,Estados Unidos,2024,1,518.9,519.1266666666667,519.24,2023-05-14 20:16:22
MXP,Doha,Catar,2023,12,519.26,585.6528571428571,522.13,2023-05-14 20:16:22
MXP,Filadélfia,Estados Unidos,2023,6,519.42,563.2370588235294,547.33,2023-05-14 20:16:22
MXP,Annaba,Argélia,2023,4,519.73,519.73,519.73,2023-05-14 20:16:22
MXP,Fayetteville,Estados Unidos,2023,3,519.86,579.1096428571428,577.615,2023-05-14 20:16:22
MXP,Fayetteville,Estados Unidos,2023,4,519.91,638.1625423728813,663.69,2023-05-14 20:16:22
MXP,Satu Mare,Roménia,2023,6,520.1,603.1274999999999,523.19,2023-05-14 20:16:22
MXP,Nashville,Estados Unidos,2023,5,520.13,561.5827272727273,547.83,2023-05-14 20:16:22
MXP,Nouakchott,Mauritânia,2023,11,520.14,520.6940000000001,520.79,2023-05-14 20:16:22
MXP,Knoxville,Estados Unidos,2023,3,520.17,853.4864285714285,522.87,2023-05-14 20:16:22
MXP,Tashkent,Uzbequistão,2023,2,520.2,572.0678260869565,588.69,2023-05-14 20:16:22
MXP,Doha,Catar,2023,10,520.31,538.6408333333334,530.38,2023-05-14 20:16:22
MXP,Kirkenes,Noruega,2023,3,520.4,521.4110000000001,521.6,2023-05-14 20:16:22
MXP,Cartum,Sudão,2023,9,520.47,522.894,523.125,2023-05-14 20:16:22
MXP,Katmandu,Nepal,2023,3,520.68,850.6552238805971,803.74,2023-05-14 20:16:22
MXP,Patna,Índia,2023,5,520.73,521.023,521.04,2023-05-14 20:16:22
MXP,Errachidia,Marrocos,2023,8,520.78,522.3690909090909,521.89,2023-05-14 20:16:22
MXP,Banguecoque,Tailândia,2023,9,520.83,587.6949090909092,589.75,2023-05-14 20:16:22
MXP,Satu Mare,Roménia,2023,7,521.14,522.2875,522.925,2023-05-14 20:16:22
MXP,Vasco da Gama,Índia,2023,5,521.18,706.9088888888889,708.83,2023-05-14 20:16:22
MXP,Bishkek,Quirguizistão,2024,1,521.23,522.1600000000001,522.47,2023-05-14 20:16:22
MXP,Carachi,Paquistão,2023,2,521.49,712.0027586206897,635.73,2023-05-14 20:16:22
MXP,Long Beach,Estados Unidos,2023,2,521.49,728.43,761.145,2023-05-14 20:16:22
MXP,Long Beach,Estados Unidos,2023,5,521.49,1040.9057746478873,883.62,2023-05-14 20:16:22
MXP,Asmara,Eritreia,2023,5,521.53,578.8031578947368,556.4000000000001,2023-05-14 20:16:22
MXP,Tokat,Turquia,2023,5,521.6,521.7,521.78,2023-05-14 20:16:22
MXP,Kuala Lumpur,Malásia,2023,5,521.67,647.1357534246575,638.95,2023-05-14 20:16:22
MXP,Ahmedabad,Índia,2023,5,521.95,608.3988461538462,612.56,2023-05-14 20:16:22
MXP,Singapura,Singapura,2023,6,522.01,597.9041176470588,555.83,2023-05-14 20:16:22
MXP,Houston,Estados Unidos,2023,5,522.04,767.9861333333333,698.12,2023-05-14 20:16:22
MXP,Vasco da Gama,Índia,2023,9,522.12,522.12,522.12,2023-05-14 20:16:22
MXP,Atlanta,Estados Unidos,2023,9,522.32,594.522,532.98,2023-05-14 20:16:22
MXP,Victoria,Seicheles,2023,11,522.67,572.5918181818182,572.785,2023-05-14 20:16:22
MXP,Abu Simbel,Egito,2023,5,522.95,523.5925,523.62,2023-05-14 20:16:22
MXP,Salvador,Brasil,2024,1,523.46,682.5223076923077,659.34,2023-05-14 20:16:22
MXP,Banguecoque,Tailândia,2023,4,523.55,669.8865957446809,663.58,2023-05-14 20:16:22
MXP,Seul,Coreia do Sul,2023,11,523.75,616.2753846153846,610.59,2023-05-14 20:16:22
MXP,Incheon,Coreia do Sul,2023,11,523.75,618.1542499999999,613.135,2023-05-14 20:16:22
MXP,Conacri,Guiné,2023,11,523.76,524.0528571428571,523.76,2023-05-14 20:16:22
MXP,Addis Abeba,Etiópia,2023,1,523.85,1326.356,1861.36,2023-05-14 20:16:22
MXP,Nova Orleães,Estados Unidos,2024,1,523.87,575.005,545.905,2023-05-14 20:16:22
MXP,Punta Cana,República Dominicana,2023,1,523.87,586.7133333333333,525.1,2023-05-14 20:16:22
MXP,Kuusamo,Finlândia,2023,4,523.89,718.4686666666668,526.0,2023-05-14 20:16:22
MXP,Ørland,Noruega,2023,7,524.09,524.094,524.09,2023-05-14 20:16:22
MXP,Lagos,Nigéria,2024,1,524.11,524.11,524.11,2023-05-14 20:16:22
MXP,Singapura,Singapura,2023,3,524.41,704.4103636363636,623.17,2023-05-14 20:16:22
MXP,Nur-Sultan,Cazaquistão,2023,8,524.41,776.6233333333333,989.02,2023-05-14 20:16:22
MXP,Jacksonville,Estados Unidos,2023,6,525.04,622.73,525.41,2023-05-14 20:16:22
MXP,Atlanta,Estados Unidos,2023,12,525.16,527.17,527.9449999999999,2023-05-14 20:16:22
MXP,Sharm El Sheikh,Egito,2023,8,525.49,525.49,525.49,2023-05-14 20:16:22
MXP,Rabil,Cabo Verde,2023,5,525.58,811.9580281690141,762.92,2023-05-14 20:16:22
MXP,Amritsar,Índia,2023,3,525.91,815.140625,779.95,2023-05-14 20:16:22
MXP,Addis Abeba,Etiópia,2023,2,526.03,3643.89,4679.19,2023-05-14 20:16:22
MXP,Bol,Croácia,2023,4,526.29,527.0471428571428,527.57,2023-05-14 20:16:22
MXP,Nassau,Bahamas,2023,3,526.34,807.1295238095239,897.11,2023-05-14 20:16:22
MXP,Abidjã,Costa do Marfim,2023,12,526.43,595.4749999999999,529.52,2023-05-14 20:16:22
MXP,Atlanta,Estados Unidos,2024,1,526.66,526.75,526.66,2023-05-14 20:16:22
MXP,Sarasota,Estados Unidos,2023,5,526.7,533.759375,533.0799999999999,2023-05-14 20:16:22
MXP,Nova Orleães,Estados Unidos,2023,5,526.78,592.731914893617,560.6099999999999,2023-05-14 20:16:22
MXP,Nova Orleães,Estados Unidos,2023,10,527.23,542.34125,532.98,2023-05-14 20:16:22
MXP,Aktau,Cazaquistão,2023,10,527.38,527.8991666666667,527.88,2023-05-14 20:16:22
MXP,Santo Domingo,República Dominicana,2023,10,527.54,619.4613043478261,631.68,2023-05-14 20:16:22
MXP,Kajaani,Finlândia,2024,1,527.63,528.3122222222222,528.73,2023-05-14 20:16:22
MXP,Nashville,Estados Unidos,2023,10,527.63,550.550625,532.595,2023-05-14 20:16:22
MXP,Antuérpia,Bélgica,2023,7,527.75,851.5848484848484,697.77,2023-05-14 20:16:22
MXP,Singapura,Singapura,2023,5,527.81,597.6702173913044,572.52,2023-05-14 20:16:22
MXP,Indianápolis,Estados Unidos,2023,3,528.01,773.8460273972603,780.16,2023-05-14 20:16:22
MXP,Kinshasa,República Democrática do Congo,2023,2,528.17,718.954347826087,743.37,2023-05-14 20:16:22
MXP,Raleigh,Estados Unidos,2023,11,528.22,528.8050000000001,528.8050000000001,2023-05-14 20:16:22
MXP,Fortaleza,Brasil,2023,11,528.22,626.9126153846154,609.05,2023-05-14 20:16:22
MXP,Orlando,Estados Unidos,2023,6,528.22,640.7644444444445,634.0799999999999,2023-05-14 20:16:22
MXP,Orlando,Estados Unidos,2024,1,528.29,574.5853846153846,583.41,2023-05-14 20:16:22
MXP,Knoxville,Estados Unidos,2023,4,528.43,554.0646153846154,532.37,2023-05-14 20:16:22
MXP,Mombaça,Quénia,2023,4,528.44,677.785925925926,661.79,2023-05-14 20:16:22
MXP,Victoria,Seicheles,2023,9,528.44,576.5329411764706,556.54,2023-05-14 20:16:22
MXP,Nashville,Estados Unidos,2023,11,528.48,528.48,528.48,2023-05-14 20:16:22
MXP,Niamey,Níger,2023,3,528.54,576.5533333333333,531.9,2023-05-14 20:16:22
MXP,Zanzibar,Tanzânia,2024,1,528.72,580.041052631579,544.19,2023-05-14 20:16:22
MXP,Jacarta,Indonésia,2023,5,528.77,721.0096,709.45,2023-05-14 20:16:22
MXP,Malé,Maldivas,2023,7,528.84,639.9433333333333,655.935,2023-05-14 20:16:22
MXP,Chennai,Índia,2023,3,528.85,1010.8858,1047.33,2023-05-14 20:16:22
MXP,Luanda,Angola,2023,9,528.94,579.0388888888889,553.4,2023-05-14 20:16:22
MXP,Montgomery,Estados Unidos,2023,3,528.94,531.396,531.3299999999999,2023-05-14 20:16:22
MXP,Raleigh,Estados Unidos,2023,6,529.21,842.38,898.57,2023-05-14 20:16:22
MXP,Salvador,Brasil,2023,11,529.23,606.652962962963,578.37,2023-05-14 20:16:22
MXP,Oakland,Estados Unidos,2023,4,529.35,869.8053225806451,784.53,2023-05-14 20:16:22
MXP,Halifax,Canadá,2023,1,529.36,719.7333333333332,743.49,2023-05-14 20:16:22
MXP,Nassau,Bahamas,2023,10,529.37,695.5690476190476,682.34,2023-05-14 20:16:22
MXP,Zanzibar,Tanzânia,2023,12,529.39,613.32625,577.075,2023-05-14 20:16:22
MXP,Maputo,Moçambique,2023,3,529.67,721.8551282051282,695.86,2023-05-14 20:16:22
MXP,Wilmington,Estados Unidos,2023,6,529.76,926.9671052631579,1104.01,2023-05-14 20:16:22
MXP,Columbus,Estados Unidos,2023,3,529.85,643.9545,696.51,2023-05-14 20:16:22
MXP,Fort Myers,Estados Unidos,2023,5,530.51,746.5996666666667,591.25,2023-05-14 20:16:22
MXP,Winnipeg,Canadá,2023,3,530.59,906.5548,663.0,2023-05-14 20:16:22
MXP,Nur-Sultan,Cazaquistão,2023,11,530.6,540.6191666666667,545.11,2023-05-14 20:16:22
MXP,Little Rock,Estados Unidos,2023,3,530.71,533.185,533.42,2023-05-14 20:16:22
MXP,Little Rock,Estados Unidos,2023,2,530.79,533.0345454545454,532.46,2023-05-14 20:16:22
MXP,Deauville,França,2023,5,530.95,532.5744444444445,532.97,2023-05-14 20:16:22
MXP,Victoria,Seicheles,2023,4,531.11,748.4563235294117,639.65,2023-05-14 20:16:22
MXP,San Juan,Porto Rico,2023,2,531.2,651.5022580645161,640.33,2023-05-14 20:16:22
MXP,Jacksonville,Estados Unidos,2023,5,531.29,574.6928301886793,557.47,2023-05-14 20:16:22
MXP,Kuala Lumpur,Malásia,2024,2,531.3,578.608,558.08,2023-05-14 20:16:22
MXP,Daytona Beach,Estados Unidos,2023,5,531.32,781.4816666666667,940.23,2023-05-14 20:16:22
MXP,Melbourne,Estados Unidos,2023,5,531.32,820.02,780.38,2023-05-14 20:16:22
MXP,Atlanta,Estados Unidos,2024,2,531.39,531.39,531.39,2023-05-14 20:16:22
MXP,Nur-Sultan,Cazaquistão,2023,12,531.39,532.7239999999999,532.865,2023-05-14 20:16:22
MXP,Victoria,Seicheles,2023,10,531.8,605.7053846153847,557.9,2023-05-14 20:16:22
MXP,Charleston,Estados Unidos,2023,9,531.85,532.4190909090909,531.85,2023-05-14 20:16:22
MXP,Radom,Polónia,2023,7,531.92,532.3711111111111,532.41,2023-05-14 20:16:22
MXP,Svolvær,Noruega,2023,7,532.06,639.7453333333334,653.19,2023-05-14 20:16:22
MXP,Vólos,Grécia,2023,6,532.3,571.5307142857143,534.95,2023-05-14 20:16:22
MXP,Xangai,China,2023,11,532.41,662.8378947368421,583.24,2023-05-14 20:16:22
MXP,Filadélfia,Estados Unidos,2023,4,532.46,562.5721698113208,553.56,2023-05-14 20:16:22
MXP,Bridgetown,Barbados,2023,4,532.46,961.0132051282051,906.51,2023-05-14 20:16:22
MXP,Zanzibar,Tanzânia,2024,2,532.66,602.708,623.7850000000001,2023-05-14 20:16:22
MXP,Winnipeg,Canadá,2023,6,533.04,721.02125,711.88,2023-05-14 20:16:22
MXP,Quebec,Canadá,2023,12,533.13,554.0366666666666,537.2,2023-05-14 20:16:22
MXP,Savannah,Estados Unidos,2024,3,533.21,534.1872727272727,534.3,2023-05-14 20:16:22
MXP,Memphis,Estados Unidos,2023,10,533.27,533.8625,534.06,2023-05-14 20:16:22
MXP,Rio de Janeiro,Brasil,2024,3,533.32,533.5066666666667,533.32,2023-05-14 20:16:22
MXP,Nova Orleães,Estados Unidos,2023,8,533.41,749.6447058823529,806.15,2023-05-14 20:16:22
MXP,Savannah,Estados Unidos,2023,12,533.73,534.145,534.23,2023-05-14 20:16:22
MXP,São Paulo,Brasil,2023,11,533.84,668.2458974358974,687.66,2023-05-14 20:16:22
MXP,Ontário,Estados Unidos,2023,5,533.97,876.1846153846154,727.88,2023-05-14 20:16:22
MXP,Ontário,Estados Unidos,2023,9,534.03,619.5846666666667,564.24,2023-05-14 20:16:22
MXP,Éilat,Israel,2023,6,534.11,534.4433333333333,534.48,2023-05-14 20:16:22
MXP,Salalah,Omã,2023,2,534.2,647.9121052631579,671.81,2023-05-14 20:16:22
MXP,Fortaleza,Brasil,2023,9,534.23,675.3591304347826,664.64,2023-05-14 20:16:22
MXP,Kuala Lumpur,Malásia,2024,1,534.45,598.96,591.5,2023-05-14 20:16:22
MXP,Santa Ana,Estados Unidos,2023,9,534.53,703.9845,680.345,2023-05-14 20:16:22
MXP,Panama City,Estados Unidos,2023,5,534.55,557.4194736842105,535.84,2023-05-14 20:16:22
MXP,Kuusamo,Finlândia,2024,2,534.57,536.4854545454546,537.74,2023-05-14 20:16:22
MXP,Greensboro,Estados Unidos,2023,4,534.59,656.0106666666667,695.9,2023-05-14 20:16:22
MXP,Xangai,China,2023,10,534.63,774.5190740740741,830.99,2023-05-14 20:16:22
MXP,Filadélfia,Estados Unidos,2023,5,534.86,559.9615573770492,550.09,2023-05-14 20:16:22
MXP,Rio de Janeiro,Brasil,2023,11,534.87,694.6147619047618,705.105,2023-05-14 20:16:22
MXP,Halifax,Canadá,2023,2,534.88,691.7863333333333,584.95,2023-05-14 20:16:22
MXP,Pittsburgh,Estados Unidos,2023,10,534.95,567.0985,585.8,2023-05-14 20:16:22
MXP,Nur-Sultan,Cazaquistão,2024,2,534.96,535.2850000000001,535.2850000000001,2023-05-14 20:16:22
MXP,Longyearbyen,Noruega,2023,6,535.02,636.5578846153846,646.675,2023-05-14 20:16:22
MXP,Banguecoque,Tailândia,2024,1,535.14,595.421923076923,587.45,2023-05-14 20:16:22
MXP,Memphis,Estados Unidos,2023,5,535.41,826.7952499999999,909.58,2023-05-14 20:16:22
MXP,Charleston,Estados Unidos,2023,4,535.53,680.1587719298246,625.34,2023-05-14 20:16:22
MXP,Cancún,México,2023,11,535.61,637.2988636363636,641.305,2023-05-14 20:16:22
MXP,Raleigh,Estados Unidos,2023,9,535.76,535.88,535.76,2023-05-14 20:16:22
MXP,Malé,Maldivas,2023,8,535.79,551.7275,551.355,2023-05-14 20:16:22
MXP,Filadélfia,Estados Unidos,2024,1,535.87,537.8725,538.54,2023-05-14 20:16:22
MXP,Antuérpia,Bélgica,2023,5,535.89,992.96765625,864.08,2023-05-14 20:16:22
MXP,Filadélfia,Estados Unidos,2023,10,535.92,540.8309090909091,538.08,2023-05-14 20:16:22
MXP,Kars,Turquia,2023,5,536.16,538.1216666666667,538.49,2023-05-14 20:16:22
MXP,Salvador,Brasil,2024,2,536.38,568.9285714285714,536.63,2023-05-14 20:16:22
MXP,Santa Ana,Estados Unidos,2023,11,536.38,583.328,581.67,2023-05-14 20:16:22
MXP,Houston,Estados Unidos,2023,3,536.59,747.5993333333333,610.68,2023-05-14 20:16:22
MXP,Melbourne,Estados Unidos,2023,9,536.81,536.81,536.81,2023-05-14 20:16:22
MXP,Filadélfia,Estados Unidos,2024,2,536.99,536.99,536.99,2023-05-14 20:16:22
MXP,Cochin,Índia,2023,6,537.03,820.0037837837838,804.13,2023-05-14 20:16:22
MXP,Bolzano,Itália,2023,4,537.14,642.7514285714286,719.8599999999999,2023-05-14 20:16:22
MXP,Birmingham,Estados Unidos,2023,9,537.16,537.16,537.16,2023-05-14 20:16:22
MXP,Ivalo,Finlândia,2023,9,537.29,551.04,537.3,2023-05-14 20:16:22
MXP,Tashkent,Uzbequistão,2023,4,537.34,697.7236666666666,633.615,2023-05-14 20:16:22
MXP,Victoria,Seicheles,2023,3,537.4,677.724347826087,621.61,2023-05-14 20:16:22
MXP,Little Rock,Estados Unidos,2023,5,537.75,595.8151724137931,573.52,2023-05-14 20:16:22
MXP,Atlanta,Estados Unidos,2023,6,537.93,610.3527272727273,538.8,2023-05-14 20:16:22
MXP,Gainesville,Estados Unidos,2023,1,537.98,538.164,538.21,2023-05-14 20:16:22
MXP,Pointe-à-Pitre,Guadalupe,2023,6,538.16,703.2948235294117,688.01,2023-05-14 20:16:22
MXP,Namsos,Noruega,2023,5,538.19,556.1842105263158,541.38,2023-05-14 20:16:22
MXP,New Windsor,Estados Unidos,2023,8,538.21,841.7766666666666,912.01,2023-05-14 20:16:22
MXP,Kuala Lumpur,Malásia,2023,6,538.26,652.2863095238096,604.41,2023-05-14 20:16:22
MXP,Aktobe,Cazaquistão,2023,5,538.41,541.3733333333333,542.16,2023-05-14 20:16:22
MXP,Filadélfia,Estados Unidos,2023,11,538.53,541.395,538.8199999999999,2023-05-14 20:16:22
MXP,Sarasota,Estados Unidos,2023,2,538.55,765.0174193548387,741.53,2023-05-14 20:16:22
MXP,Mombaça,Quénia,2023,11,538.55,604.2353284671533,579.59,2023-05-14 20:16:22
MXP,Taif,Arábia Saudita,2024,3,538.64,539.8325,539.02,2023-05-14 20:16:22
MXP,Antananarivo,Madagáscar,2023,3,539.6,752.8964102564103,743.35,2023-05-14 20:16:22
MXP,Long Beach,Estados Unidos,2023,1,539.77,707.7533333333334,735.22,2023-05-14 20:16:22
MXP,Sharjah,Emirados Árabes Unidos,2023,7,540.22,540.22,540.22,2023-05-14 20:16:22
MXP,Jacksonville,Estados Unidos,2023,8,540.26,676.8485714285714,667.65,2023-05-14 20:16:22
MXP,Longyearbyen,Noruega,2023,2,540.38,626.760625,638.49,2023-05-14 20:16:22
MXP,Ahmedabad,Índia,2023,3,540.38,655.8607142857143,669.44,2023-05-14 20:16:22
MXP,Djanet,Argélia,2023,2,540.39,541.38,541.57,2023-05-14 20:16:22
MXP,Denver,Estados Unidos,2023,2,540.65,706.604,740.165,2023-05-14 20:16:22
MXP,Winnipeg,Canadá,2023,10,540.91,541.4122222222222,541.47,2023-05-14 20:16:22
MXP,Carachi,Paquistão,2023,6,540.98,562.1033333333332,542.68,2023-05-14 20:16:22
MXP,Maputo,Moçambique,2023,6,541.3,646.6083018867924,657.07,2023-05-14 20:16:22
MXP,Alta,Noruega,2023,2,541.31,630.5611111111111,542.51,2023-05-14 20:16:22
MXP,Errachidia,Marrocos,2023,7,541.36,541.688,541.74,2023-05-14 20:16:22
MXP,Hamilton,Canadá,2023,12,541.48,541.765,541.765,2023-05-14 20:16:22
MXP,Punta Cana,República Dominicana,2023,4,541.57,783.6161403508772,656.61,2023-05-14 20:16:22
MXP,Osijek,Croácia,2023,3,541.6,547.1475,542.05,2023-05-14 20:16:22
MXP,Wausau,Estados Unidos,2023,4,541.62,545.1844444444445,545.72,2023-05-14 20:16:22
MXP,Punta Cana,República Dominicana,2023,5,541.66,748.1667857142857,711.3499999999999,2023-05-14 20:16:22
MXP,Colombo,Sri Lanka,2023,6,541.8,628.5385454545456,646.51,2023-05-14 20:16:22
MXP,Asmara,Eritreia,2023,3,542.2,655.6023076923077,570.72,2023-05-14 20:16:22
MXP,Mombaça,Quénia,2023,6,542.32,634.0196,657.81,2023-05-14 20:16:22
MXP,Bangalore,Índia,2023,4,542.37,624.1330769230769,548.19,2023-05-14 20:16:22
MXP,Abu Simbel,Egito,2023,1,542.44,542.44,542.44,2023-05-14 20:16:22
MXP,Phuket,Tailândia,2023,7,542.44,882.88,934.03,2023-05-14 20:16:22
MXP,Oakland,Estados Unidos,2023,5,542.54,964.209090909091,1009.49,2023-05-14 20:16:22
MXP,São Pedro,Cabo Verde,2023,5,542.68,814.2286885245901,898.26,2023-05-14 20:16:22
MXP,Mombaça,Quénia,2023,12,542.74,613.9602857142858,544.17,2023-05-14 20:16:22
MXP,Pequim,China,2023,11,543.3,644.6447058823529,560.96,2023-05-14 20:16:22
MXP,Rabil,Cabo Verde,2023,6,543.3,1060.2448571428572,753.72,2023-05-14 20:16:22
MXP,Mumbai,Índia,2023,10,543.65,713.256,567.655,2023-05-14 20:16:22
MXP,Banjul,Gâmbia,2023,9,543.69,581.5975,544.92,2023-05-14 20:16:22
MXP,Toronto,Canadá,2023,1,544.06,551.4933333333333,545.9,2023-05-14 20:16:22
MXP,Ontário,Estados Unidos,2023,4,544.24,725.0476666666667,720.72,2023-05-14 20:16:22
MXP,Bucara,Uzbequistão,2023,4,544.24,767.685945945946,797.87,2023-05-14 20:16:22
MXP,Dallas,Estados Unidos,2023,4,544.28,681.4838095238094,669.37,2023-05-14 20:16:22
MXP,Columbus,Estados Unidos,2023,2,544.33,544.355,544.355,2023-05-14 20:16:22
MXP,Memphis,Estados Unidos,2023,3,544.68,701.3925,564.71,2023-05-14 20:16:22
MXP,Pointe-à-Pitre,Guadalupe,2023,10,544.68,635.3114285714286,547.49,2023-05-14 20:16:22
MXP,Cancún,México,2023,3,544.68,693.857027027027,618.06,2023-05-14 20:16:22
MXP,Chattanooga,Estados Unidos,2023,4,544.97,545.49125,545.2,2023-05-14 20:16:22
MXP,Winnipeg,Canadá,2023,12,545.2,546.04,546.04,2023-05-14 20:16:22
MXP,Phuket,Tailândia,2023,5,545.4,703.6864285714286,706.63,2023-05-14 20:16:22
MXP,Niamey,Níger,2023,11,545.46,594.5372727272727,594.08,2023-05-14 20:16:22
MXP,Sydney,Canadá,2023,3,545.47,555.2688235294117,547.56,2023-05-14 20:16:22
MXP,Myrtle Beach,Estados Unidos,2023,3,545.6,545.7966666666666,545.61,2023-05-14 20:16:22
MXP,Dar Es Salaam,Tanzânia,2023,11,545.88,618.6894117647058,584.16,2023-05-14 20:16:22
MXP,Myrtle Beach,Estados Unidos,2023,11,545.89,548.36,547.6,2023-05-14 20:16:22
MXP,Nassau,Bahamas,2023,11,545.95,723.9089473684211,692.78,2023-05-14 20:16:22
MXP,Tlemcen,Argélia,2023,4,546.01,550.2722222222222,549.46,2023-05-14 20:16:22
MXP,Jacksonville,Estados Unidos,2023,3,546.06,568.0600000000001,560.19,2023-05-14 20:16:22
MXP,Mombaça,Quénia,2023,9,546.19,676.224375,607.525,2023-05-14 20:16:22
MXP,Cancún,México,2023,2,546.25,620.641052631579,595.91,2023-05-14 20:16:22
MXP,Abu Simbel,Egito,2023,2,546.32,546.4711111111111,546.49,2023-05-14 20:16:22
MXP,St John's,Canadá,2023,3,546.53,546.7266666666667,546.54,2023-05-14 20:16:22
MXP,Ørland,Noruega,2023,8,546.85,607.0257142857143,607.75,2023-05-14 20:16:22
MXP,Assuão,Egito,2024,2,547.03,548.0575,547.77,2023-05-14 20:16:22
MXP,Tóquio,Japão,2023,6,547.03,705.9688181818182,594.5550000000001,2023-05-14 20:16:22
MXP,Katmandu,Nepal,2023,6,547.06,730.2356,788.2,2023-05-14 20:16:22
MXP,Lima,Perú,2023,3,547.08,676.55703125,606.235,2023-05-14 20:16:22
MXP,Ras Al Khaimah,Emirados Árabes Unidos,2023,10,547.47,554.8469230769231,549.19,2023-05-14 20:16:22
MXP,Punta Cana,República Dominicana,2023,12,547.47,846.7392105263158,775.955,2023-05-14 20:16:22
MXP,Niamey,Níger,2023,10,547.82,549.8018181818182,549.45,2023-05-14 20:16:22
MXP,Tashkent,Uzbequistão,2023,8,547.84,926.2576923076923,833.39,2023-05-14 20:16:22
MXP,Bangalore,Índia,2023,2,548.33,726.9266176470588,665.72,2023-05-14 20:16:22
MXP,Victoria,Seicheles,2023,12,548.41,1050.4264285714285,654.915,2023-05-14 20:16:22
MXP,Halifax,Canadá,2023,6,548.52,953.4861111111111,966.87,2023-05-14 20:16:22
MXP,Cotonou,Benin,2024,1,548.52,548.52,548.52,2023-05-14 20:16:22
MXP,Jacarta,Indonésia,2023,6,548.62,733.4635294117647,710.99,2023-05-14 20:16:22
MXP,Patna,Índia,2023,1,548.87,549.6033333333334,549.58,2023-05-14 20:16:22
MXP,Montego Bay,Jamaica,2023,1,548.94,548.94,548.94,2023-05-14 20:16:22
MXP,Chennai,Índia,2023,2,548.96,670.5458620689656,640.09,2023-05-14 20:16:22
MXP,Cochin,Índia,2023,10,549.04,550.3233333333333,550.55,2023-05-14 20:16:22
MXP,Colombo,Sri Lanka,2023,4,549.2,768.5309230769232,734.89,2023-05-14 20:16:22
MXP,Bogotá,Colômbia,2023,10,549.56,683.9581578947368,682.395,2023-05-14 20:16:22
MXP,Cidade do Cabo,África do Sul,2023,6,549.73,622.6163333333334,617.095,2023-05-14 20:16:22
MXP,Tampa,Estados Unidos,2023,10,549.86,572.318,577.99,2023-05-14 20:16:22
MXP,Las Vegas,Estados Unidos,2023,5,550.38,700.3248235294118,679.19,2023-05-14 20:16:22
MXP,Rorvik,Noruega,2023,9,550.49,570.2284210526316,586.6,2023-05-14 20:16:22
MXP,Wilmington,Estados Unidos,2023,5,550.55,948.9572857142856,784.47,2023-05-14 20:16:22
MXP,Singapura,Singapura,2023,4,550.62,706.5756862745098,630.93,2023-05-14 20:16:22
MXP,Santo Domingo,República Dominicana,2023,6,550.79,716.3471875,644.44,2023-05-14 20:16:22
MXP,Cidade do Panamá,Panamá,2023,10,550.82,625.4435714285714,615.31,2023-05-14 20:16:22
MXP,Arusha,Tanzânia,2023,5,550.84,658.8652500000001,617.09,2023-05-14 20:16:22
MXP,Kastelorizo,Grécia,2023,4,551.31,551.31,551.31,2023-05-14 20:16:22
MXP,Cap Skirring,Senegal,2023,5,551.39,551.995,551.54,2023-05-14 20:16:22
MXP,Memphis,Estados Unidos,2023,2,551.39,551.7725,551.505,2023-05-14 20:16:22
MXP,Daytona Beach,Estados Unidos,2023,4,551.41,714.3427777777778,755.9200000000001,2023-05-14 20:16:22
MXP,Longyearbyen,Noruega,2024,1,551.62,551.62,551.62,2023-05-14 20:16:22
MXP,Tampa,Estados Unidos,2023,4,551.62,651.8193495934959,612.88,2023-05-14 20:16:22
MXP,Jacksonville,Estados Unidos,2023,4,551.98,727.0,665.93,2023-05-14 20:16:22
MXP,Seul,Coreia do Sul,2024,2,552.04,574.817,575.13,2023-05-14 20:16:22
MXP,Incheon,Coreia do Sul,2024,2,552.04,574.817,575.13,2023-05-14 20:16:22
MXP,Maputo,Moçambique,2023,11,552.13,598.8430000000001,588.25,2023-05-14 20:16:22
MXP,Luanda,Angola,2023,4,552.23,612.1644444444444,558.23,2023-05-14 20:16:22
MXP,Colombo,Sri Lanka,2023,9,552.25,677.8105882352942,632.66,2023-05-14 20:16:22
MXP,Medellín,Colômbia,2024,2,552.46,661.8390909090909,644.83,2023-05-14 20:16:22
MXP,Thiruvananthapuram,Índia,2023,3,552.52,1477.341851851852,1101.1,2023-05-14 20:16:22
MXP,Cleveland,Estados Unidos,2023,4,552.62,765.894,745.28,2023-05-14 20:16:22
MXP,Filadélfia,Estados Unidos,2023,12,552.69,728.5314285714286,722.57,2023-05-14 20:16:22
MXP,Santa Cruz da Graciosa,Portugal,2023,8,552.93,716.9705,722.3900000000001,2023-05-14 20:16:22
MXP,Memphis,Estados Unidos,2023,4,552.97,692.1992592592593,765.08,2023-05-14 20:16:22
MXP,Lucknow,Índia,2023,7,553.16,586.5683333333333,602.29,2023-05-14 20:16:22
MXP,Taif,Arábia Saudita,2023,10,553.38,774.9705263157895,745.94,2023-05-14 20:16:22
MXP,Norfolk,Estados Unidos,2023,3,553.49,603.3822222222223,566.73,2023-05-14 20:16:22
MXP,Punta Cana,República Dominicana,2024,1,553.49,701.995,697.185,2023-05-14 20:16:22
MXP,Ras Al Khaimah,Emirados Árabes Unidos,2023,11,553.65,555.1422222222222,553.65,2023-05-14 20:16:22
MXP,Cotonou,Benin,2023,2,553.68,659.8765625,657.3,2023-05-14 20:16:22
MXP,Santo Domingo,República Dominicana,2023,4,553.85,683.3688000000001,653.9,2023-05-14 20:16:22
MXP,Sorkjosen,Noruega,2023,6,554.0,562.234,555.5699999999999,2023-05-14 20:16:22
MXP,Asheville,Estados Unidos,2023,4,554.11,577.0137500000001,556.74,2023-05-14 20:16:22
MXP,Tóquio,Japão,2023,5,554.13,670.1817322834646,583.41,2023-05-14 20:16:22
MXP,Banjul,Gâmbia,2023,7,554.26,564.3175,554.31,2023-05-14 20:16:22
MXP,Burbank,Estados Unidos,2023,9,554.38,944.6472916666667,1022.25,2023-05-14 20:16:22
MXP,New Bern,Estados Unidos,2023,3,554.42,555.4933333333333,556.06,2023-05-14 20:16:22
MXP,Greenville,Estados Unidos,2023,6,554.56,555.5911111111111,555.7,2023-05-14 20:16:22
MXP,Lima,Perú,2023,12,554.6,834.59125,770.1500000000001,2023-05-14 20:16:22
MXP,Halifax,Canadá,2023,3,554.76,555.825,555.825,2023-05-14 20:16:22
MXP,Duala,Camarões,2023,9,554.77,679.2309523809524,655.34,2023-05-14 20:16:22
MXP,Punta Cana,República Dominicana,2023,11,554.77,698.7788888888889,688.29,2023-05-14 20:16:22
MXP,Pequim,China,2023,12,554.94,871.319090909091,694.32,2023-05-14 20:16:22
MXP,Santa Cruz da Graciosa,Portugal,2023,5,554.94,556.3888888888889,555.17,2023-05-14 20:16:22
MXP,Cidade do Cabo,África do Sul,2023,5,555.29,600.8788679245283,590.095,2023-05-14 20:16:22
MXP,Manila,Filipinas,2023,4,555.34,862.6578260869566,824.67,2023-05-14 20:16:22
MXP,Rorvik,Noruega,2023,5,555.37,569.1573684210526,558.67,2023-05-14 20:16:22
MXP,Katmandu,Nepal,2023,5,555.41,769.047142857143,800.49,2023-05-14 20:16:22
MXP,Salalah,Omã,2023,9,555.47,566.2777777777778,556.0,2023-05-14 20:16:22
MXP,Santiago,Chile,2023,9,555.86,853.0634210526316,832.035,2023-05-14 20:16:22
MXP,Isle of Islay,Reino Unido,2023,3,556.01,557.0333333333333,557.23,2023-05-14 20:16:22
MXP,Svolvær,Noruega,2023,10,556.35,556.39,556.35,2023-05-14 20:16:22
MXP,Cap Skirring,Senegal,2023,4,556.48,775.933076923077,814.55,2023-05-14 20:16:22
MXP,Mascate,Omã,2024,4,556.49,726.6600000000001,726.6600000000001,2023-05-14 20:16:22
MXP,Fortaleza,Brasil,2023,10,556.64,1560.2333333333336,835.69,2023-05-14 20:16:22
MXP,Savannah,Estados Unidos,2023,9,556.73,584.57875,593.68,2023-05-14 20:16:22
MXP,Mombaça,Quénia,2023,10,556.78,631.3393333333333,591.54,2023-05-14 20:16:22
MXP,Tampa,Estados Unidos,2023,6,556.82,983.6412195121951,1090.57,2023-05-14 20:16:22
MXP,São Diego,Estados Unidos,2023,3,556.84,788.1279166666667,708.38,2023-05-14 20:16:22
MXP,Buenos Aires,Argentina,2023,11,556.89,801.5595348837209,782.4,2023-05-14 20:16:22
MXP,Ottawa,Canadá,2024,2,557.03,559.0749999999999,557.03,2023-05-14 20:16:22
MXP,Santa Ana,Estados Unidos,2023,8,557.03,917.7869999999999,852.715,2023-05-14 20:16:22
MXP,Duala,Camarões,2023,4,557.81,701.5234375,723.765,2023-05-14 20:16:22
MXP,Islamabad,Paquistão,2023,3,558.05,770.0377419354838,645.28,2023-05-14 20:16:22
MXP,Kirkenes,Noruega,2023,2,558.15,660.1936363636364,682.44,2023-05-14 20:16:22
MXP,Baton Rouge,Estados Unidos,2023,4,558.15,840.994,817.98,2023-05-14 20:16:22
MXP,Kruunupyy de Kokkola / Pietarsaari,Finlândia,2023,5,558.2,558.2,558.2,2023-05-14 20:16:22
MXP,Buenos Aires,Argentina,2023,6,558.31,1054.00625,1127.0,2023-05-14 20:16:22
MXP,Columbia,Estados Unidos,2023,4,558.35,739.1365217391304,748.08,2023-05-14 20:16:22
MXP,Augusta,Estados Unidos,2023,5,558.7,680.3585,680.535,2023-05-14 20:16:22
MXP,Arusha,Tanzânia,2023,3,558.73,611.0970588235294,564.86,2023-05-14 20:16:22
MXP,Greensboro,Estados Unidos,2023,3,559.2,725.5286666666667,769.76,2023-05-14 20:16:22
MXP,Nouakchott,Mauritânia,2023,3,559.25,559.5033333333333,559.25,2023-05-14 20:16:22
MXP,Punta Cana,República Dominicana,2023,10,559.25,793.36,767.69,2023-05-14 20:16:22
MXP,Dar Es Salaam,Tanzânia,2023,12,559.5,1105.8833333333334,1113.51,2023-05-14 20:16:22
MXP,Duala,Camarões,2023,5,559.51,635.8017647058823,622.31,2023-05-14 20:16:22
MXP,Ottawa,Canadá,2023,3,559.58,1020.9352,707.13,2023-05-14 20:16:22
MXP,Orlando,Estados Unidos,2023,12,559.69,586.4711111111111,573.4,2023-05-14 20:16:22
MXP,Bogotá,Colômbia,2023,5,559.76,748.3803157894737,748.7,2023-05-14 20:16:22
MXP,Los Angeles,Estados Unidos,2024,4,560.4,560.4,560.4,2023-05-14 20:16:22
MXP,Ottawa,Canadá,2023,6,560.51,826.4044186046511,786.0,2023-05-14 20:16:22
MXP,Cancún,México,2023,1,560.61,561.42,561.76,2023-05-14 20:16:22
MXP,Nassau,Bahamas,2023,2,560.97,763.9425806451613,757.09,2023-05-14 20:16:22
MXP,Mobile,Estados Unidos,2023,9,561.07,562.9780000000001,562.965,2023-05-14 20:16:22
MXP,Bolzano,Itália,2023,3,561.12,631.2122857142857,582.59,2023-05-14 20:16:22
MXP,Cidade do Cabo,África do Sul,2023,3,561.29,660.6307843137255,660.14,2023-05-14 20:16:22
MXP,Zanzibar,Tanzânia,2023,7,561.48,768.705,659.35,2023-05-14 20:16:22
MXP,Dammam,Arábia Saudita,2023,8,561.94,649.2314285714285,674.03,2023-05-14 20:16:22
MXP,Charleston,Estados Unidos,2023,11,561.98,618.9786666666666,563.86,2023-05-14 20:16:22
MXP,Ottawa,Canadá,2023,10,562.0,637.6518181818182,581.56,2023-05-14 20:16:22
MXP,Iaundé,Camarões,2023,4,562.4,797.7230555555556,842.565,2023-05-14 20:16:22
MXP,Arusha,Tanzânia,2023,2,562.4,841.5208333333334,715.65,2023-05-14 20:16:22
MXP,Quebec,Canadá,2023,6,562.89,686.3614285714285,624.69,2023-05-14 20:16:22
MXP,Joanesburgo,África do Sul,2023,12,562.91,727.475,659.415,2023-05-14 20:16:22
MXP,Seul,Coreia do Sul,2023,12,563.05,625.4041176470588,617.22,2023-05-14 20:16:22
MXP,Riade,Arábia Saudita,2023,8,563.05,602.054,621.49,2023-05-14 20:16:22
MXP,Incheon,Coreia do Sul,2023,12,563.05,629.031111111111,618.2,2023-05-14 20:16:22
MXP,Atlanta,Estados Unidos,2024,4,563.2,563.2,563.2,2023-05-14 20:16:22
MXP,Riade,Arábia Saudita,2023,12,563.2,563.2,563.2,2023-05-14 20:16:22
MXP,Phuket,Tailândia,2023,6,563.32,700.7202702702704,689.39,2023-05-14 20:16:22
MXP,Ust-Kamenogorsk,Cazaquistão,2023,10,563.51,564.9527272727272,565.07,2023-05-14 20:16:22
MXP,Nairobi,Quénia,2023,8,563.66,987.72,991.63,2023-05-14 20:16:22
MXP,West Palm Beach,Estados Unidos,2023,8,563.73,938.1545454545454,1018.81,2023-05-14 20:16:22
MXP,Acra,Gana,2023,9,563.82,620.7526666666668,659.61,2023-05-14 20:16:22
MXP,Charleston,Estados Unidos,2023,6,563.82,653.72,699.99,2023-05-14 20:16:22
MXP,Nouakchott,Mauritânia,2023,4,563.83,900.9826666666667,966.61,2023-05-14 20:16:22
MXP,Enugu,Nigéria,2023,5,563.99,564.6555555555556,565.15,2023-05-14 20:16:22
MXP,Seul,Coreia do Sul,2023,5,564.08,621.0103947368422,574.5999999999999,2023-05-14 20:16:22
MXP,Incheon,Coreia do Sul,2023,5,564.08,622.9180519480519,574.67,2023-05-14 20:16:22
MXP,"Washington, D.C.",Estados Unidos,2023,7,564.11,786.6233333333333,824.8399999999999,2023-05-14 20:16:22
MXP,Svolvær,Noruega,2023,4,564.14,755.5122857142857,743.25,2023-05-14 20:16:22
MXP,Pointe-à-Pitre,Guadalupe,2023,11,564.24,745.4952941176471,727.62,2023-05-14 20:16:22
MXP,Hambantota,Sri Lanka,2023,8,564.32,570.944,571.4649999999999,2023-05-14 20:16:22
MXP,Seul,Coreia do Sul,2023,4,564.47,696.0655555555555,635.67,2023-05-14 20:16:22
MXP,Incheon,Coreia do Sul,2023,4,564.47,700.8984745762713,635.67,2023-05-14 20:16:22
MXP,Entebbe,Uganda,2024,1,564.5,775.2605882352941,813.01,2023-05-14 20:16:22
MXP,Salvador,Brasil,2023,2,564.6,1184.868484848485,1120.36,2023-05-14 20:16:22
MXP,Jacarta,Indonésia,2023,11,564.76,686.4127027027027,717.54,2023-05-14 20:16:22
MXP,Taif,Arábia Saudita,2023,11,564.77,729.77,564.77,2023-05-14 20:16:22
MXP,Örnsköldsvik,Suécia,2023,2,565.15,565.72375,565.39,2023-05-14 20:16:22
MXP,Hamilton,Canadá,2023,9,565.43,735.8307142857143,728.925,2023-05-14 20:16:22
MXP,Incheon,Coreia do Sul,2023,2,565.44,659.3379166666667,625.3900000000001,2023-05-14 20:16:22
MXP,Seul,Coreia do Sul,2023,2,565.44,659.3379166666667,625.3900000000001,2023-05-14 20:16:22
MXP,Seul,Coreia do Sul,2023,6,565.51,688.5045283018868,659.44,2023-05-14 20:16:22
MXP,Incheon,Coreia do Sul,2023,6,565.51,687.0159649122808,640.93,2023-05-14 20:16:22
MXP,Banguecoque,Tailândia,2023,3,565.6,674.7502631578947,677.91,2023-05-14 20:16:22
MXP,Singapura,Singapura,2023,11,565.81,613.3142857142857,602.4100000000001,2023-05-14 20:16:22
MXP,Baton Rouge,Estados Unidos,2023,6,565.88,566.75,566.75,2023-05-14 20:16:22
MXP,Daca,Bangladexe,2023,5,566.04,716.5240566037736,708.39,2023-05-14 20:16:22
MXP,Calecute,Índia,2023,3,566.1,703.1853333333333,599.77,2023-05-14 20:16:22
MXP,Jacarta,Indonésia,2024,1,566.55,1019.92,1060.53,2023-05-14 20:16:22
MXP,Indore,Índia,2023,6,566.64,567.1581818181818,566.66,2023-05-14 20:16:22
MXP,Tampa,Estados Unidos,2023,12,566.88,594.772,611.91,2023-05-14 20:16:22
MXP,Banguecoque,Tailândia,2023,11,566.99,637.8213333333333,625.29,2023-05-14 20:16:22
MXP,Nashville,Estados Unidos,2023,8,566.99,665.3846875,633.04,2023-05-14 20:16:22
MXP,Greensboro,Estados Unidos,2023,2,567.03,840.1177777777777,569.54,2023-05-14 20:16:22
MXP,Incheon,Coreia do Sul,2024,3,567.61,577.9528571428572,580.22,2023-05-14 20:16:22
MXP,Seul,Coreia do Sul,2024,3,567.61,577.9528571428572,580.22,2023-05-14 20:16:22
MXP,Mumbai,Índia,2024,1,567.62,579.3144444444445,569.3,2023-05-14 20:16:22
MXP,Multan,Paquistão,2023,5,567.66,669.2688235294117,713.92,2023-05-14 20:16:22
MXP,Kuala Lumpur,Malásia,2024,3,567.69,632.4159999999999,567.69,2023-05-14 20:16:22
MXP,Lahore,Paquistão,2023,4,567.98,787.1719999999999,773.765,2023-05-14 20:16:22
MXP,Thiruvananthapuram,Índia,2023,6,568.04,620.0161538461539,568.97,2023-05-14 20:16:22
MXP,Manila,Filipinas,2023,11,568.09,834.1013636363637,802.32,2023-05-14 20:16:22
MXP,Winnipeg,Canadá,2023,11,568.09,568.9699999999999,568.16,2023-05-14 20:16:22
MXP,Mobile,Estados Unidos,2023,5,568.16,628.4845,569.32,2023-05-14 20:16:22
MXP,Kuwait,Koweit,2023,8,568.32,615.47875,603.8299999999999,2023-05-14 20:16:22
MXP,Hong Kong,Hong Kong,2024,2,568.46,654.716,675.43,2023-05-14 20:16:22
MXP,Assuão,Egito,2023,6,568.63,568.66,568.63,2023-05-14 20:16:22
MXP,Kuala Lumpur,Malásia,2023,9,568.64,649.3169696969696,615.7,2023-05-14 20:16:22
MXP,Charlotte,Estados Unidos,2023,9,568.64,569.4018181818182,569.81,2023-05-14 20:16:22
MXP,Ivalo,Finlândia,2023,5,568.76,596.84,610.81,2023-05-14 20:16:22
MXP,Greenville,Estados Unidos,2023,4,568.83,636.3053846153847,665.95,2023-05-14 20:16:22
MXP,Arusha,Tanzânia,2023,9,568.88,689.114705882353,660.57,2023-05-14 20:16:22
MXP,Incheon,Coreia do Sul,2023,10,569.01,706.3967796610169,718.27,2023-05-14 20:16:22
MXP,Seul,Coreia do Sul,2023,10,569.01,703.0632258064516,710.3,2023-05-14 20:16:22
MXP,Ivalo,Finlândia,2023,7,569.04,569.04,569.04,2023-05-14 20:16:22
MXP,Houston,Estados Unidos,2023,2,569.24,674.6324137931034,626.62,2023-05-14 20:16:22
MXP,Incheon,Coreia do Sul,2023,3,569.44,695.671375,666.98,2023-05-14 20:16:22
MXP,Seul,Coreia do Sul,2023,3,569.44,695.671375,666.98,2023-05-14 20:16:22
MXP,Memphis,Estados Unidos,2023,8,569.49,730.1333333333333,789.76,2023-05-14 20:16:22
MXP,Columbia,Estados Unidos,2023,5,569.57,698.4164864864865,689.7,2023-05-14 20:16:22
MXP,Grenoble,França,2024,2,569.59,574.0344444444445,573.19,2023-05-14 20:16:22
MXP,Baltimore,Estados Unidos,2023,8,569.62,721.281875,631.37,2023-05-14 20:16:22
MXP,Houston,Estados Unidos,2023,6,569.87,1046.4439285714286,873.01,2023-05-14 20:16:22
MXP,Hammerfest,Noruega,2023,8,570.26,594.0086666666666,601.36,2023-05-14 20:16:22
MXP,Samarcanda,Uzbequistão,2023,8,570.41,1005.0899999999999,947.78,2023-05-14 20:16:22
MXP,Springfield,Estados Unidos,2023,10,570.66,571.3916666666667,571.64,2023-05-14 20:16:22
MXP,Hartford,Estados Unidos,2023,10,570.66,571.3916666666667,571.64,2023-05-14 20:16:22
MXP,West Palm Beach,Estados Unidos,2023,9,570.72,733.6982352941177,708.26,2023-05-14 20:16:22
MXP,Arusha,Tanzânia,2023,11,570.87,692.4082352941177,675.11,2023-05-14 20:16:22
MXP,São Pedro,Cabo Verde,2023,3,570.9,722.2576190476191,680.81,2023-05-14 20:16:22
MXP,Cartum,Sudão,2023,4,571.08,770.9733333333334,794.9,2023-05-14 20:16:22
MXP,Mombaça,Quénia,2023,3,571.27,687.6184210526316,606.4300000000001,2023-05-14 20:16:22
MXP,St John's,Canadá,2023,2,571.38,571.38,571.38,2023-05-14 20:16:22
MXP,Hyderabad,Índia,2023,11,571.61,577.2033333333333,576.9,2023-05-14 20:16:22
MXP,Ontário,Estados Unidos,2023,1,571.64,571.7520000000001,571.64,2023-05-14 20:16:22
MXP,Santa Ana,Estados Unidos,2023,12,571.95,775.6175,816.7,2023-05-14 20:16:22
MXP,Tóquio,Japão,2023,10,572.1,769.1570833333334,802.975,2023-05-14 20:16:22
MXP,Santa Cruz da Graciosa,Portugal,2023,4,572.36,574.6755555555555,573.54,2023-05-14 20:16:22
MXP,Rodez,França,2023,4,572.4,573.2133333333334,573.27,2023-05-14 20:16:22
MXP,Orlando,Estados Unidos,2023,10,572.41,615.743,617.9,2023-05-14 20:16:22
MXP,Duala,Camarões,2023,3,572.85,619.0734246575342,606.04,2023-05-14 20:16:22
MXP,Norfolk,Estados Unidos,2023,4,573.08,703.1691666666667,647.86,2023-05-14 20:16:22
MXP,Port Louis,Maurícia,2023,9,573.22,815.5935555555556,852.11,2023-05-14 20:16:22
MXP,Leknes,Noruega,2023,8,573.35,687.7923913043478,664.33,2023-05-14 20:16:22
MXP,Ottawa,Canadá,2023,5,573.6,671.4286486486486,642.39,2023-05-14 20:16:22
MXP,Tindouf,Argélia,2023,3,573.61,597.8199999999999,576.02,2023-05-14 20:16:22
MXP,Kingston,Jamaica,2023,10,573.91,771.7165625,765.15,2023-05-14 20:16:22
MXP,Tóquio,Japão,2023,4,574.27,654.8153333333333,582.38,2023-05-14 20:16:22
MXP,Peshawar,Paquistão,2023,4,574.51,841.798205128205,822.08,2023-05-14 20:16:22
MXP,Jyväskylä,Finlândia,2023,4,574.52,672.2077272727273,750.99,2023-05-14 20:16:22
MXP,Bishkek,Quirguizistão,2023,9,574.55,659.5596551724137,688.53,2023-05-14 20:16:22
MXP,Ahmedabad,Índia,2023,4,574.67,822.5951282051282,872.87,2023-05-14 20:16:22
MXP,Maputo,Moçambique,2023,5,574.74,684.533,659.735,2023-05-14 20:16:22
MXP,Jacarta,Indonésia,2023,9,574.8,806.2437647058823,832.22,2023-05-14 20:16:22
MXP,Osaka,Japão,2023,6,575.05,813.7530188679244,844.65,2023-05-14 20:16:22
MXP,Panama City,Estados Unidos,2023,3,575.26,683.4465,669.98,2023-05-14 20:16:22
MXP,Kirkenes,Noruega,2023,5,575.41,609.4866666666667,638.59,2023-05-14 20:16:22
MXP,Osaka,Japão,2023,5,575.41,721.6386330935252,595.35,2023-05-14 20:16:22
MXP,Jacarta,Indonésia,2023,10,575.45,935.8677272727273,709.85,2023-05-14 20:16:22
MXP,Assuão,Egito,2023,12,575.54,577.3399999999999,576.24,2023-05-14 20:16:22
MXP,Tóquio,Japão,2023,12,575.65,689.4889473684211,652.09,2023-05-14 20:16:22
MXP,Lomé,Togo,2023,2,575.93,663.2488888888888,627.04,2023-05-14 20:16:22
MXP,Riade,Arábia Saudita,2023,7,576.15,576.15,576.15,2023-05-14 20:16:22
MXP,Medellín,Colômbia,2023,5,576.17,988.527125,971.4,2023-05-14 20:16:22
MXP,Nassau,Bahamas,2023,4,576.17,845.6109174311927,866.09,2023-05-14 20:16:22
MXP,Seul,Coreia do Sul,2024,4,576.32,576.32,576.32,2023-05-14 20:16:22
MXP,Incheon,Coreia do Sul,2024,4,576.32,576.32,576.32,2023-05-14 20:16:22
MXP,Osaka,Japão,2023,4,576.36,990.0803278688525,932.35,2023-05-14 20:16:22
MXP,Cidade de Ho Chi Minh,Vietname,2023,5,576.39,734.6691525423728,732.76,2023-05-14 20:16:22
MXP,Phuket,Tailândia,2023,12,576.86,925.0042857142857,977.89,2023-05-14 20:16:22
MXP,Fortaleza,Brasil,2024,1,577.27,1065.2610526315789,972.08,2023-05-14 20:16:22
MXP,Urgench,Uzbequistão,2023,5,577.28,726.4123913043478,734.12,2023-05-14 20:16:22
MXP,New Windsor,Estados Unidos,2023,12,577.38,590.196,580.52,2023-05-14 20:16:22
MXP,Lima,Perú,2023,1,577.53,577.53,577.53,2023-05-14 20:16:22
MXP,Daca,Bangladexe,2023,6,577.64,772.588115942029,838.77,2023-05-14 20:16:22
MXP,Doha,Catar,2023,7,577.85,610.0773333333333,583.89,2023-05-14 20:16:22
MXP,Denver,Estados Unidos,2023,4,578.02,737.0994915254238,701.395,2023-05-14 20:16:22
MXP,Key West,Estados Unidos,2023,2,578.07,578.4642857142857,578.07,2023-05-14 20:16:22
MXP,Bishkek,Quirguizistão,2023,8,578.13,816.284375,816.83,2023-05-14 20:16:22
MXP,Phnom Penh,Cambodja,2023,5,578.44,899.7406896551724,808.88,2023-05-14 20:16:22
MXP,Punta Cana,República Dominicana,2023,6,578.46,793.9211627906977,759.53,2023-05-14 20:16:22
MXP,Victoria,Seicheles,2024,1,578.69,586.8175,579.985,2023-05-14 20:16:22
MXP,White Plains,Estados Unidos,2023,11,578.79,685.0374712643678,660.34,2023-05-14 20:16:22
MXP,Urgench,Uzbequistão,2023,3,578.92,767.582962962963,702.33,2023-05-14 20:16:22
MXP,Antuérpia,Bélgica,2023,2,578.92,785.681111111111,579.16,2023-05-14 20:16:22
MXP,Buenos Aires,Argentina,2024,4,578.95,578.95,578.95,2023-05-14 20:16:22
MXP,Cidade do Cabo,África do Sul,2023,9,579.2,633.5233333333334,641.62,2023-05-14 20:16:22
MXP,Hanói,Vietname,2023,10,579.28,794.0822641509434,677.17,2023-05-14 20:16:22
MXP,Zanzibar,Tanzânia,2023,2,579.58,579.58,579.58,2023-05-14 20:16:22
MXP,Cochin,Índia,2023,4,579.59,679.2197560975609,644.96,2023-05-14 20:16:22
MXP,Rio de Janeiro,Brasil,2023,10,579.61,731.3985714285715,750.49,2023-05-14 20:16:22
MXP,Victoria,Seicheles,2024,3,579.85,579.85,579.85,2023-05-14 20:16:22
MXP,Dallas,Estados Unidos,2023,2,579.85,659.6025000000001,618.96,2023-05-14 20:16:22
MXP,Leknes,Noruega,2023,11,579.86,579.86,579.86,2023-05-14 20:16:22
MXP,Oran,Argélia,2023,8,579.94,580.5666666666667,580.86,2023-05-14 20:16:22
MXP,Cleveland,Estados Unidos,2023,11,580.04,580.096,580.11,2023-05-14 20:16:22
MXP,Richmond,Estados Unidos,2023,4,580.23,620.8955555555556,599.29,2023-05-14 20:16:22
MXP,Pointe-à-Pitre,Guadalupe,2023,3,580.23,888.5363636363636,911.81,2023-05-14 20:16:22
MXP,Taif,Arábia Saudita,2023,2,580.35,584.2732,585.42,2023-05-14 20:16:22
MXP,Corvo Island,Portugal,2023,5,580.7,582.088,582.605,2023-05-14 20:16:22
MXP,Aktau,Cazaquistão,2023,5,580.86,641.4210714285715,590.54,2023-05-14 20:16:22
MXP,Halifax,Canadá,2023,4,581.25,688.2872972972972,707.62,2023-05-14 20:16:22
MXP,Osaka,Japão,2023,10,581.42,853.8366666666666,806.4749999999999,2023-05-14 20:16:22
MXP,Hanói,Vietname,2023,9,581.64,730.3349152542373,703.06,2023-05-14 20:16:22
MXP,Djanet,Argélia,2023,3,581.73,582.878,582.655,2023-05-14 20:16:22
MXP,Almaty,Cazaquistão,2023,12,581.81,584.915,585.64,2023-05-14 20:16:22
MXP,Rio de Janeiro,Brasil,2023,9,582.02,848.6942424242425,832.15,2023-05-14 20:16:22
MXP,Conacri,Guiné,2023,2,582.06,625.778947368421,587.26,2023-05-14 20:16:22
MXP,Knock,Irlanda,2023,10,582.15,582.1800000000001,582.1800000000001,2023-05-14 20:16:22
MXP,Charlotte,Estados Unidos,2023,10,582.34,584.3016666666666,584.17,2023-05-14 20:16:22
MXP,Victoria,Seicheles,2024,2,582.42,631.4833333333333,655.83,2023-05-14 20:16:22
MXP,Madison,Estados Unidos,2023,5,582.5,879.5496153846154,801.9100000000001,2023-05-14 20:16:22
MXP,Fort Myers,Estados Unidos,2023,8,582.51,723.7955555555556,798.87,2023-05-14 20:16:22
MXP,Amritsar,Índia,2023,2,582.59,892.661320754717,863.33,2023-05-14 20:16:22
MXP,Oakland,Estados Unidos,2024,1,582.83,796.0833333333334,902.71,2023-05-14 20:16:22
MXP,Windhoek,Namíbia,2024,1,582.85,644.362,602.9100000000001,2023-05-14 20:16:22
MXP,Dammam,Arábia Saudita,2023,6,583.08,584.542,584.6949999999999,2023-05-14 20:16:22
MXP,Hamilton,Canadá,2023,10,583.28,799.7367741935484,867.8,2023-05-14 20:16:22
MXP,Daca,Bangladexe,2023,11,583.33,698.86,663.04,2023-05-14 20:16:22
MXP,Omaha,Estados Unidos,2023,5,583.41,722.0758000000001,654.315,2023-05-14 20:16:22
MXP,Béziers,França,2023,2,583.46,589.6890909090909,588.86,2023-05-14 20:16:22
MXP,Ronneby,Suécia,2023,3,583.5,586.005,585.0,2023-05-14 20:16:22
MXP,Las Vegas,Estados Unidos,2023,11,583.79,677.3721333333334,691.23,2023-05-14 20:16:22
MXP,Cotonou,Benin,2023,10,583.79,699.25375,715.63,2023-05-14 20:16:22
MXP,Halifax,Canadá,2023,5,583.93,856.0104347826086,874.56,2023-05-14 20:16:22
MXP,Louisville,Estados Unidos,2023,5,584.1,824.5409302325581,867.13,2023-05-14 20:16:22
MXP,Buffalo,Estados Unidos,2023,3,584.11,1099.5534375,858.19,2023-05-14 20:16:22
MXP,Chandigarh,Índia,2023,5,584.23,630.0126666666667,617.66,2023-05-14 20:16:22
MXP,Harare,Zimbábue,2023,5,584.32,778.4841071428572,782.13,2023-05-14 20:16:22
MXP,Kingston,Jamaica,2023,11,584.37,742.1503448275862,725.45,2023-05-14 20:16:22
MXP,Milwaukee,Estados Unidos,2023,11,584.37,596.8504545454545,605.36,2023-05-14 20:16:22
MXP,Svolvær,Noruega,2023,6,584.49,719.611212121212,745.22,2023-05-14 20:16:22
MXP,Cancún,México,2023,9,584.51,646.9951724137932,633.57,2023-05-14 20:16:22
MXP,White Plains,Estados Unidos,2023,3,584.52,1547.2303333333334,747.5,2023-05-14 20:16:22
MXP,Iaundé,Camarões,2023,11,584.64,585.414,584.71,2023-05-14 20:16:22
MXP,Linkoping,Suécia,2023,4,584.82,585.9827272727272,585.43,2023-05-14 20:16:22
MXP,Manama,Bahrain,2023,8,585.24,601.7033333333334,586.64,2023-05-14 20:16:22
MXP,Siālkot,Paquistão,2023,3,585.43,726.2603896103897,672.98,2023-05-14 20:16:22
MXP,Baia Mare,Roménia,2023,8,585.51,585.51,585.51,2023-05-14 20:16:22
MXP,Salvador,Brasil,2023,9,585.55,793.4748387096774,739.21,2023-05-14 20:16:22
MXP,Banguecoque,Tailândia,2024,2,585.57,589.0514285714287,586.58,2023-05-14 20:16:22
MXP,Cidade da Praia,Cabo Verde,2023,8,585.63,760.9159999999999,770.18,2023-05-14 20:16:22
MXP,Arusha,Tanzânia,2023,12,585.71,896.326,1102.77,2023-05-14 20:16:22
MXP,Buffalo,Estados Unidos,2023,9,586.1,592.9100000000001,590.0699999999999,2023-05-14 20:16:22
MXP,Leknes,Noruega,2023,5,586.28,738.9505882352942,871.28,2023-05-14 20:16:22
MXP,Rochester,Estados Unidos,2023,3,586.29,645.185806451613,646.36,2023-05-14 20:16:22
MXP,Winnipeg,Canadá,2023,5,586.63,588.3416666666667,588.72,2023-05-14 20:16:22
MXP,São Paulo,Brasil,2023,5,586.83,798.44202247191,769.16,2023-05-14 20:16:22
MXP,Calcutá,Índia,2023,5,586.88,641.425,621.08,2023-05-14 20:16:22
MXP,Singapura,Singapura,2023,7,586.91,800.265,800.265,2023-05-14 20:16:22
MXP,Banguecoque,Tailândia,2023,10,587.02,620.7883333333333,614.2,2023-05-14 20:16:22
MXP,Sogndal,Noruega,2023,7,587.03,589.1327272727273,590.51,2023-05-14 20:16:22
MXP,Carachi,Paquistão,2023,1,587.26,600.3883333333333,606.56,2023-05-14 20:16:22
MXP,Providence,Estados Unidos,2023,3,587.3,642.6276923076923,634.38,2023-05-14 20:16:22
MXP,White Plains,Estados Unidos,2023,8,587.51,1249.8874193548388,1214.73,2023-05-14 20:16:22
MXP,Hanói,Vietname,2023,11,587.78,722.7984210526316,683.405,2023-05-14 20:16:22
MXP,Oostende,Bélgica,2023,7,587.98,588.6488888888889,588.54,2023-05-14 20:16:22
MXP,Mumbai,Índia,2023,7,588.09,678.9481818181819,684.37,2023-05-14 20:16:22
MXP,Kuala Lumpur,Malásia,2023,4,588.28,702.7243333333333,678.245,2023-05-14 20:16:22
MXP,Bangor,Estados Unidos,2023,4,588.28,627.3272222222222,651.04,2023-05-14 20:16:22
MXP,Nova Deli,Índia,2023,7,588.42,627.91,588.42,2023-05-14 20:16:22
MXP,Hartford,Estados Unidos,2023,3,588.44,697.4795,701.79,2023-05-14 20:16:22
MXP,Bridgetown,Barbados,2023,3,588.44,1065.7306557377049,811.89,2023-05-14 20:16:22
MXP,Springfield,Estados Unidos,2023,3,588.44,697.4795,701.79,2023-05-14 20:16:22
MXP,Fort-de-France,Martinica,2023,6,588.44,768.59875,712.355,2023-05-14 20:16:22
MXP,Cidade do Panamá,Panamá,2023,9,588.52,671.4323529411765,651.85,2023-05-14 20:16:22
MXP,White Plains,Estados Unidos,2023,4,588.6,796.721797752809,716.98,2023-05-14 20:16:22
MXP,Siālkot,Paquistão,2023,5,588.64,734.7307017543859,652.91,2023-05-14 20:16:22
MXP,Bogotá,Colômbia,2023,11,588.9,629.83,623.78,2023-05-14 20:16:22
MXP,São Paulo,Brasil,2023,1,589.46,589.46,589.46,2023-05-14 20:16:22
MXP,Cancún,México,2024,1,589.54,691.0214285714285,622.26,2023-05-14 20:16:22
MXP,Phuket,Tailândia,2024,1,589.55,691.1457894736842,669.2,2023-05-14 20:16:22
MXP,Recife,Brasil,2023,10,589.55,679.3607142857143,665.74,2023-05-14 20:16:22
MXP,White Plains,Estados Unidos,2023,9,590.08,724.4928571428571,670.21,2023-05-14 20:16:22
MXP,Columbia,Estados Unidos,2024,1,590.1,592.80875,592.81,2023-05-14 20:16:22
MXP,Nassau,Bahamas,2023,9,590.11,818.9263414634147,704.57,2023-05-14 20:16:22
MXP,Norfolk,Estados Unidos,2023,5,590.26,691.0710256410257,658.27,2023-05-14 20:16:22
MXP,Zanzibar,Tanzânia,2024,3,590.36,590.36,590.36,2023-05-14 20:16:22
MXP,Addis Abeba,Etiópia,2023,8,590.55,846.165,637.72,2023-05-14 20:16:22
MXP,White Plains,Estados Unidos,2023,2,590.93,610.7655555555556,604.28,2023-05-14 20:16:22
MXP,Port Louis,Maurícia,2023,3,590.93,908.2269642857143,804.41,2023-05-14 20:16:22
MXP,Singapura,Singapura,2023,10,590.93,791.9480000000001,635.51,2023-05-14 20:16:22
MXP,Denver,Estados Unidos,2023,3,591.38,880.7884745762711,682.295,2023-05-14 20:16:22
MXP,Colombo,Sri Lanka,2023,11,591.41,615.3727777777777,595.11,2023-05-14 20:16:22
MXP,Pittsburgh,Estados Unidos,2023,4,591.51,787.9242857142857,832.5,2023-05-14 20:16:22
MXP,Burlington,Estados Unidos,2023,6,591.76,592.4549999999999,592.4549999999999,2023-05-14 20:16:22
MXP,Conacri,Guiné,2023,6,591.99,663.4865517241379,617.62,2023-05-14 20:16:22
MXP,Manama,Bahrain,2023,12,592.08,593.2366666666667,594.01,2023-05-14 20:16:22
MXP,Doha,Catar,2023,8,592.15,592.15,592.15,2023-05-14 20:16:22
MXP,Calcutá,Índia,2023,4,592.36,753.6663461538462,781.22,2023-05-14 20:16:22
MXP,Cidade do Cabo,África do Sul,2023,10,592.56,667.256,690.6,2023-05-14 20:16:22
MXP,Vishakhapatnam,Índia,2023,5,592.63,593.1527272727272,593.18,2023-05-14 20:16:22
MXP,Montego Bay,Jamaica,2023,12,592.77,1146.9450819672131,1379.44,2023-05-14 20:16:22
MXP,Harare,Zimbábue,2023,10,592.81,593.47,593.71,2023-05-14 20:16:22
MXP,Appleton,Estados Unidos,2023,3,592.84,693.0870588235293,594.72,2023-05-14 20:16:22
MXP,San José,Costa Rica,2023,6,592.92,918.7428301886792,875.78,2023-05-14 20:16:22
MXP,Bishkek,Quirguizistão,2023,7,593.09,679.9284,664.7,2023-05-14 20:16:22
MXP,Tashkent,Uzbequistão,2024,2,593.18,593.18,593.18,2023-05-14 20:16:22
MXP,Tashkent,Uzbequistão,2023,11,593.47,610.2277777777778,595.79,2023-05-14 20:16:22
MXP,Punta Cana,República Dominicana,2023,2,593.69,838.9975000000001,699.21,2023-05-14 20:16:22
MXP,Charlotte,Estados Unidos,2023,7,593.69,851.60625,1003.7,2023-05-14 20:16:22
MXP,Des Moines,Estados Unidos,2023,3,593.8,822.4786666666666,1016.49,2023-05-14 20:16:22
MXP,Providence,Estados Unidos,2023,4,594.03,740.4730136986301,733.94,2023-05-14 20:16:22
MXP,Hartford,Estados Unidos,2023,4,594.23,736.5163636363636,594.32,2023-05-14 20:16:22
MXP,Springfield,Estados Unidos,2023,4,594.23,736.5163636363636,594.32,2023-05-14 20:16:22
MXP,Dodoma,Tanzânia,2023,5,594.49,703.1946153846154,711.99,2023-05-14 20:16:22
MXP,Tashkent,Uzbequistão,2023,10,594.61,636.4928571428571,596.17,2023-05-14 20:16:22
MXP,Hong Kong,Hong Kong,2023,6,594.61,642.4056097560975,630.56,2023-05-14 20:16:22
MXP,Blountville,Estados Unidos,2023,4,594.75,595.6700000000001,594.82,2023-05-14 20:16:22
MXP,Pointe-à-Pitre,Guadalupe,2023,5,595.14,728.2903773584906,711.88,2023-05-14 20:16:22
MXP,Pensacola,Estados Unidos,2023,4,595.16,597.6028571428571,597.98,2023-05-14 20:16:22
MXP,Dakar,Senegal,2023,8,595.25,643.97,624.1600000000001,2023-05-14 20:16:22
MXP,Taipé,Taiwan,2023,6,595.28,671.8935416666667,616.77,2023-05-14 20:16:22
MXP,Cidade do Cabo,África do Sul,2023,11,595.43,768.5454838709677,621.67,2023-05-14 20:16:22
MXP,Savannah,Estados Unidos,2023,4,595.43,888.8668749999999,596.83,2023-05-14 20:16:22
MXP,Niamey,Níger,2023,4,595.86,601.6825925925926,600.87,2023-05-14 20:16:22
MXP,Kingston,Jamaica,2023,12,595.91,1161.23875,1151.355,2023-05-14 20:16:22
MXP,Mumbai,Índia,2023,12,595.91,2367.1009523809525,723.61,2023-05-14 20:16:22
MXP,Cidade do Panamá,Panamá,2023,1,595.91,595.91,595.91,2023-05-14 20:16:22
MXP,Portland,Estados Unidos,2023,5,595.97,740.2127631578948,724.68,2023-05-14 20:16:22
MXP,Long Beach,Estados Unidos,2023,3,596.22,822.0396825396825,768.21,2023-05-14 20:16:22
MXP,Lusaka,Zâmbia,2023,3,596.22,686.0057692307693,687.015,2023-05-14 20:16:22
MXP,Taipé,Taiwan,2023,4,596.24,847.8086301369863,688.27,2023-05-14 20:16:22
MXP,Singapura,Singapura,2023,12,596.34,1169.3759999999997,1444.09,2023-05-14 20:16:22
MXP,Lima,Perú,2023,2,596.34,619.5677777777778,620.15,2023-05-14 20:16:22
MXP,White Plains,Estados Unidos,2023,10,596.5,714.4252083333334,709.95,2023-05-14 20:16:22
MXP,Milwaukee,Estados Unidos,2023,3,596.55,673.2508,613.58,2023-05-14 20:16:22
MXP,Green Bay,Estados Unidos,2023,3,596.55,626.2376470588234,598.44,2023-05-14 20:16:22
MXP,Singapura,Singapura,2023,9,596.56,665.5664285714286,681.265,2023-05-14 20:16:22
MXP,Montego Bay,Jamaica,2023,3,596.59,968.5426373626374,871.21,2023-05-14 20:16:22
MXP,Santiago,Chile,2023,11,596.75,830.2796875,815.425,2023-05-14 20:16:22
MXP,Multan,Paquistão,2023,2,597.14,759.1418421052631,638.39,2023-05-14 20:16:22
MXP,Port Elizabeth,África do Sul,2023,6,597.33,661.7366666666668,692.13,2023-05-14 20:16:22
MXP,Medellín,Colômbia,2023,4,597.37,958.3117582417582,880.63,2023-05-14 20:16:22
MXP,Montevidéu,Uruguai,2023,6,597.59,1008.4971794871794,1061.89,2023-05-14 20:16:22
MXP,Almaty,Cazaquistão,2023,7,597.6,1114.8952631578948,655.35,2023-05-14 20:16:22
MXP,Windhoek,Namíbia,2023,6,597.74,702.1950909090909,654.92,2023-05-14 20:16:22
MXP,Charleston,Estados Unidos,2023,1,598.29,599.3883333333333,599.6,2023-05-14 20:16:22
MXP,Banguecoque,Tailândia,2023,12,598.53,652.27125,657.33,2023-05-14 20:16:22
MXP,Manila,Filipinas,2024,1,598.55,731.61,767.45,2023-05-14 20:16:22
MXP,Cleveland,Estados Unidos,2023,5,598.55,719.6875806451612,702.48,2023-05-14 20:16:22
MXP,Cancún,México,2024,3,598.65,610.6644444444444,601.66,2023-05-14 20:16:22
MXP,Charlottetown,Canadá,2023,9,598.74,598.74,598.74,2023-05-14 20:16:22
MXP,Atyrau,Cazaquistão,2023,4,598.78,653.2395454545455,653.085,2023-05-14 20:16:22
MXP,Cidade do México,México,2023,3,598.96,748.8540350877194,705.82,2023-05-14 20:16:22
MXP,Shreveport,Estados Unidos,2023,3,598.96,602.4922222222223,604.5,2023-05-14 20:16:22
MXP,Fort-de-France,Martinica,2023,5,599.01,884.0856862745098,855.92,2023-05-14 20:16:22
MXP,Wausau,Estados Unidos,2023,3,599.33,634.5260000000001,599.34,2023-05-14 20:16:22
MXP,Dayton,Estados Unidos,2023,3,599.33,599.5444444444445,599.34,2023-05-14 20:16:22
MXP,Madison,Estados Unidos,2023,3,599.33,599.5444444444445,599.34,2023-05-14 20:16:22
MXP,Cidade do México,México,2023,1,599.35,600.74,600.38,2023-05-14 20:16:22
MXP,Leknes,Noruega,2023,6,599.62,658.6752380952381,669.04,2023-05-14 20:16:22
MXP,Long Beach,Estados Unidos,2023,4,599.66,761.3355696202532,763.52,2023-05-14 20:16:22
MXP,Namsos,Noruega,2023,7,599.66,601.788125,599.85,2023-05-14 20:16:22
MXP,Columbus,Estados Unidos,2023,11,599.7,601.1320000000001,601.665,2023-05-14 20:16:22
MXP,Addis Abeba,Etiópia,2023,12,599.88,606.6266666666667,600.7550000000001,2023-05-14 20:16:22
MXP,Lerwick,Reino Unido,2023,5,599.92,600.626,600.585,2023-05-14 20:16:22
MXP,Kristiansund,Noruega,2023,3,599.96,625.7911111111111,601.47,2023-05-14 20:16:22
MXP,San José,Costa Rica,2023,10,600.03,905.1011428571429,692.05,2023-05-14 20:16:22
MXP,Sarasota,Estados Unidos,2023,4,600.13,678.9981481481482,688.27,2023-05-14 20:16:22
MXP,Lexington,Estados Unidos,2023,4,600.26,601.3885714285715,601.18,2023-05-14 20:16:22
MXP,Tantan,Marrocos,2023,2,600.27,601.0699999999999,601.04,2023-05-14 20:16:22
MXP,Hammerfest,Noruega,2023,4,600.35,690.7238461538461,685.66,2023-05-14 20:16:22
MXP,Taipé,Taiwan,2023,5,600.5,746.7606666666667,688.69,2023-05-14 20:16:22
MXP,Louisville,Estados Unidos,2023,3,600.63,886.5771739130436,664.41,2023-05-14 20:16:22
MXP,Niamey,Níger,2024,1,600.79,601.0699999999999,601.0699999999999,2023-05-14 20:16:22
MXP,Melbourne,Estados Unidos,2023,3,600.93,601.3475,601.055,2023-05-14 20:16:22
MXP,Banguecoque,Tailândia,2023,7,601.04,603.5366666666667,604.72,2023-05-14 20:16:22
MXP,Norfolk,Estados Unidos,2023,2,601.12,601.325,601.12,2023-05-14 20:16:22
MXP,Buenos Aires,Argentina,2023,3,601.18,924.2421568627451,740.13,2023-05-14 20:16:22
MXP,Iaundé,Camarões,2023,5,601.48,648.2045833333333,650.62,2023-05-14 20:16:22
MXP,Hyderabad,Índia,2023,9,601.48,602.3971428571429,601.48,2023-05-14 20:16:22
MXP,Cidade do México,México,2023,2,601.53,653.0635135135135,623.77,2023-05-14 20:16:22
MXP,Islamabad,Paquistão,2023,9,601.69,683.8219999999999,682.17,2023-05-14 20:16:22
MXP,Chattanooga,Estados Unidos,2023,10,601.7,604.6408333333333,606.03,2023-05-14 20:16:22
MXP,Winnipeg,Canadá,2023,4,601.77,1156.5282142857143,1335.9299999999998,2023-05-14 20:16:22
MXP,Fort-de-France,Martinica,2023,11,601.85,745.3157692307692,759.395,2023-05-14 20:16:22
MXP,Alta,Noruega,2023,3,602.08,602.6022222222223,603.0,2023-05-14 20:16:22
MXP,Seattle,Estados Unidos,2023,3,602.11,663.5215000000001,653.8299999999999,2023-05-14 20:16:22
MXP,Lake Charles,Estados Unidos,2023,4,602.29,604.6336363636364,605.79,2023-05-14 20:16:22
MXP,Taipé,Taiwan,2023,11,602.31,674.8176923076923,608.58,2023-05-14 20:16:22
MXP,Samarcanda,Uzbequistão,2023,11,602.4,605.7566666666667,604.54,2023-05-14 20:16:22
MXP,Salalah,Omã,2023,12,602.41,756.0057142857144,674.12,2023-05-14 20:16:22
MXP,Fortaleza,Brasil,2023,4,602.42,990.9023880597016,886.22,2023-05-14 20:16:22
MXP,Hammerfest,Noruega,2023,5,602.66,839.7886666666667,899.68,2023-05-14 20:16:22
MXP,Punta Cana,República Dominicana,2024,2,602.72,672.3909090909091,652.08,2023-05-14 20:16:22
MXP,Metz,França,2023,3,602.77,639.9769230769232,603.02,2023-05-14 20:16:22
MXP,Kuala Lumpur,Malásia,2023,3,602.87,738.14,692.29,2023-05-14 20:16:22
MXP,State College,Estados Unidos,2023,5,602.91,758.3326666666667,618.58,2023-05-14 20:16:22
MXP,Phoenix,Estados Unidos,2023,6,603.03,705.1527272727272,621.65,2023-05-14 20:16:22
MXP,Cancún,México,2023,6,603.28,672.3035,669.44,2023-05-14 20:16:22
MXP,Fort-de-France,Martinica,2023,10,603.28,700.3133333333333,752.48,2023-05-14 20:16:22
MXP,San Juan,Porto Rico,2023,3,603.52,914.5416129032259,806.93,2023-05-14 20:16:22
MXP,Montego Bay,Jamaica,2023,11,603.52,756.9172093023255,730.25,2023-05-14 20:16:22
MXP,Espargos,Cabo Verde,2023,7,603.78,691.6957142857143,690.32,2023-05-14 20:16:22
MXP,São Paulo,Brasil,2023,2,603.8,676.1008333333333,631.96,2023-05-14 20:16:22
MXP,Providenciales,Ilhas Turcas e Caicos,2023,6,604.01,1094.3586046511628,1213.56,2023-05-14 20:16:22
MXP,Fort-de-France,Martinica,2023,4,604.16,835.9714492753623,783.81,2023-05-14 20:16:22
MXP,Islamabad,Paquistão,2023,2,604.2,948.3637142857144,837.83,2023-05-14 20:16:22
MXP,Samarcanda,Uzbequistão,2024,3,604.24,604.24,604.24,2023-05-14 20:16:22
MXP,São Salvador,El Salvador,2023,10,604.45,769.5521428571428,858.92,2023-05-14 20:16:22
MXP,Windhoek,Namíbia,2023,5,604.83,747.0468085106382,712.44,2023-05-14 20:16:22
MXP,Buffalo,Estados Unidos,2023,4,604.86,622.657619047619,632.81,2023-05-14 20:16:22
MXP,Recife,Brasil,2023,9,604.94,648.1284210526316,616.6,2023-05-14 20:16:22
MXP,Asmara,Eritreia,2023,1,605.12,605.12,605.12,2023-05-14 20:16:22
MXP,Vancouver,Canadá,2023,3,605.2,980.4763636363635,722.14,2023-05-14 20:16:22
MXP,Cancún,México,2023,12,606.01,664.0655172413793,642.14,2023-05-14 20:16:22
MXP,Roanoke,Estados Unidos,2023,3,606.13,616.1342857142856,609.63,2023-05-14 20:16:22
MXP,Siālkot,Paquistão,2023,7,606.45,887.8366666666666,985.2,2023-05-14 20:16:22
MXP,Arusha,Tanzânia,2023,4,606.57,801.6291228070176,775.71,2023-05-14 20:16:22
MXP,Kumasi,Gana,2023,4,606.78,609.199,609.115,2023-05-14 20:16:22
MXP,Arusha,Tanzânia,2023,10,606.84,783.6040425531914,669.55,2023-05-14 20:16:22
MXP,White Plains,Estados Unidos,2023,12,606.93,892.4853571428572,922.4000000000001,2023-05-14 20:16:22
MXP,Jackson,Estados Unidos,2023,4,607.06,608.417,609.11,2023-05-14 20:16:22
MXP,Syracuse,Estados Unidos,2023,2,607.16,613.1049999999999,612.78,2023-05-14 20:16:22
MXP,Duala,Camarões,2023,2,607.36,657.4233333333334,630.72,2023-05-14 20:16:22
MXP,Burlington,Estados Unidos,2023,3,607.58,645.0533333333334,614.275,2023-05-14 20:16:22
MXP,Cancún,México,2023,10,607.61,691.2496153846155,697.315,2023-05-14 20:16:22
MXP,Saint John's,Antígua e Barbuda,2023,10,607.7,683.9860000000001,609.72,2023-05-14 20:16:22
MXP,Windhoek,Namíbia,2023,10,608.08,698.62,613.71,2023-05-14 20:16:22
MXP,Syracuse,Estados Unidos,2023,5,608.1,700.4287096774194,642.87,2023-05-14 20:16:22
MXP,Springfield,Estados Unidos,2023,5,608.1,897.1629032258064,610.51,2023-05-14 20:16:22
MXP,Hartford,Estados Unidos,2023,5,608.1,621.4184210526316,609.37,2023-05-14 20:16:22
MXP,Nagpur,Índia,2023,3,608.53,673.021875,672.3,2023-05-14 20:16:22
MXP,Cidade do Cabo,África do Sul,2024,2,608.53,630.79,641.8199999999999,2023-05-14 20:16:22
MXP,Santo Domingo,República Dominicana,2023,5,608.59,667.2722627737227,646.56,2023-05-14 20:16:22
MXP,Katmandu,Nepal,2023,10,608.61,873.0185714285715,873.53,2023-05-14 20:16:22
MXP,Brasília,Brasil,2024,1,608.69,608.738,608.77,2023-05-14 20:16:22
MXP,Kingston,Jamaica,2023,3,608.79,758.3662962962962,788.0,2023-05-14 20:16:22
MXP,Bogotá,Colômbia,2023,4,608.81,889.4298630136987,814.66,2023-05-14 20:16:22
MXP,Cancún,México,2023,5,609.4,676.6247500000001,668.135,2023-05-14 20:16:22
MXP,São Paulo,Brasil,2023,10,609.45,685.9430434782608,642.55,2023-05-14 20:16:22
MXP,Luanda,Angola,2023,5,609.55,677.202,669.67,2023-05-14 20:16:22
MXP,Singapura,Singapura,2023,1,609.73,648.478,640.56,2023-05-14 20:16:22
MXP,Port Louis,Maurícia,2023,10,609.8,815.5092,818.09,2023-05-14 20:16:22
MXP,Rio de Janeiro,Brasil,2023,5,610.11,888.1542857142857,885.74,2023-05-14 20:16:22
MXP,Rio de Janeiro,Brasil,2023,4,610.65,925.8737837837838,920.1,2023-05-14 20:16:22
MXP,Sorkjosen,Noruega,2023,7,611.03,611.4525,611.155,2023-05-14 20:16:22
MXP,Santo Domingo,República Dominicana,2024,1,611.06,623.3663333333333,613.9,2023-05-14 20:16:22
MXP,Maputo,Moçambique,2024,1,611.26,883.58,1116.45,2023-05-14 20:16:22
MXP,Hong Kong,Hong Kong,2023,12,611.26,658.0230769230768,651.2,2023-05-14 20:16:22
MXP,Foz do Iguaçu,Brasil,2023,5,611.36,1058.7033720930233,1104.4,2023-05-14 20:16:22
MXP,Calgary,Canadá,2023,3,611.37,734.0642622950819,678.44,2023-05-14 20:16:22
MXP,Kigali,Ruanda,2023,6,611.41,702.5414545454545,643.4,2023-05-14 20:16:22
MXP,Quito,Equador,2023,3,611.62,1451.751216216216,1213.08,2023-05-14 20:16:22
MXP,Charlottesville,Estados Unidos,2023,5,611.76,895.6021739130434,616.16,2023-05-14 20:16:22
MXP,Arequipa,Perú,2023,4,612.03,1105.6571428571428,1078.25,2023-05-14 20:16:22
MXP,Hyderabad,Índia,2023,3,612.07,1095.6872916666666,737.36,2023-05-14 20:16:22
MXP,Cidade da Guatemala,Guatemala,2023,9,612.34,695.2858333333334,668.45,2023-05-14 20:16:22
MXP,Fort Myers,Estados Unidos,2023,6,612.34,893.1992857142858,968.55,2023-05-14 20:16:22
MXP,Providenciales,Ilhas Turcas e Caicos,2023,11,612.49,830.544090909091,874.0550000000001,2023-05-14 20:16:22
MXP,Santo Domingo,República Dominicana,2024,3,612.51,631.3642857142858,644.31,2023-05-14 20:16:22
MXP,Medellín,Colômbia,2023,11,612.86,643.4753846153847,628.4,2023-05-14 20:16:22
MXP,Detroit,Estados Unidos,2023,4,613.21,737.8642857142856,693.45,2023-05-14 20:16:22
MXP,Rorvik,Noruega,2023,7,613.26,617.980625,619.9,2023-05-14 20:16:22
MXP,São Paulo,Brasil,2023,4,613.55,790.4155882352942,741.31,2023-05-14 20:16:22
MXP,Recife,Brasil,2023,3,613.58,1241.8180303030304,968.47,2023-05-14 20:16:22
MXP,Svolvær,Noruega,2023,11,613.59,614.26,614.16,2023-05-14 20:16:22
MXP,Vasco da Gama,Índia,2023,7,613.59,698.5400000000001,705.11,2023-05-14 20:16:22
MXP,Cidade do México,México,2023,9,613.65,711.1539285714287,713.78,2023-05-14 20:16:22
MXP,Sohag,Egito,2023,6,613.78,614.5981818181818,614.04,2023-05-14 20:16:22
MXP,Tóquio,Japão,2024,2,613.91,675.2866666666667,672.62,2023-05-14 20:16:22
MXP,Cidade do Panamá,Panamá,2023,11,614.13,684.9191666666667,685.64,2023-05-14 20:16:22
MXP,Hong Kong,Hong Kong,2023,5,614.17,666.9936111111111,651.45,2023-05-14 20:16:22
MXP,Belém,Brasil,2024,1,614.17,615.8327272727273,616.5,2023-05-14 20:16:22
MXP,Punta Cana,República Dominicana,2023,9,614.17,687.5452173913044,683.33,2023-05-14 20:16:22
MXP,Cidade do Cabo,África do Sul,2023,12,614.27,857.0949999999999,848.375,2023-05-14 20:16:22
MXP,Carachi,Paquistão,2023,4,614.31,702.3214035087719,689.43,2023-05-14 20:16:22
MXP,Fort-de-France,Martinica,2023,9,614.76,745.6645000000001,760.845,2023-05-14 20:16:22
MXP,Port Louis,Maurícia,2023,5,614.97,739.5756,705.11,2023-05-14 20:16:22
MXP,Bangalore,Índia,2023,9,615.18,746.2663636363636,674.91,2023-05-14 20:16:22
MXP,Buffalo,Estados Unidos,2023,5,615.42,813.2466666666667,829.26,2023-05-14 20:16:22
MXP,Pequim,China,2023,3,615.92,884.0891379310344,831.9449999999999,2023-05-14 20:16:22
MXP,Incheon,Coreia do Sul,2023,7,615.98,754.255,754.255,2023-05-14 20:16:22
MXP,Seul,Coreia do Sul,2023,7,615.98,754.255,754.255,2023-05-14 20:16:22
MXP,Harrisburg,Estados Unidos,2023,10,616.33,617.1266666666667,617.62,2023-05-14 20:16:22
MXP,Phuket,Tailândia,2023,3,616.47,1078.836896551724,917.28,2023-05-14 20:16:22
MXP,Salalah,Omã,2023,1,616.67,645.7433333333333,660.28,2023-05-14 20:16:22
MXP,Santiago,Chile,2023,10,617.06,935.665294117647,902.22,2023-05-14 20:16:22
MXP,Minneapolis,Estados Unidos,2023,5,617.19,846.9414084507042,704.19,2023-05-14 20:16:22
MXP,Wilmington,Estados Unidos,2023,3,617.52,632.1768421052632,637.7,2023-05-14 20:16:22
MXP,Maputo,Moçambique,2023,10,617.57,617.57,617.57,2023-05-14 20:16:22
MXP,Montevidéu,Uruguai,2023,5,617.59,957.0739240506329,1023.61,2023-05-14 20:16:22
MXP,Enfidha,Tunísia,2023,8,617.79,663.9736363636364,621.45,2023-05-14 20:16:22
MXP,São Paulo,Brasil,2023,6,617.85,1243.0076785714284,899.44,2023-05-14 20:16:22
MXP,Cidade do Cabo,África do Sul,2023,4,617.85,769.8042168674699,709.45,2023-05-14 20:16:22
MXP,Burlington,Estados Unidos,2023,5,618.0,1539.3825806451614,768.29,2023-05-14 20:16:22
MXP,Cidade de Ho Chi Minh,Vietname,2023,4,618.28,955.1548958333333,902.59,2023-05-14 20:16:22
MXP,Vancouver,Canadá,2023,5,618.31,808.5288148148148,710.02,2023-05-14 20:16:22
MXP,Nouakchott,Mauritânia,2023,7,618.45,664.5453333333334,621.05,2023-05-14 20:16:22
MXP,Lexington,Estados Unidos,2023,3,618.78,681.3689999999999,618.79,2023-05-14 20:16:22
MXP,Aqaba,Jordânia,2023,8,618.9,654.78,633.59,2023-05-14 20:16:22
MXP,Acra,Gana,2024,1,618.92,746.10875,787.58,2023-05-14 20:16:22
MXP,Lerwick,Reino Unido,2023,3,619.02,622.667,623.685,2023-05-14 20:16:22
MXP,Windhoek,Namíbia,2023,3,619.02,1116.9152173913044,820.88,2023-05-14 20:16:22
MXP,Seattle,Estados Unidos,2023,5,619.17,714.8714141414142,699.17,2023-05-14 20:16:22
MXP,Seattle,Estados Unidos,2023,10,619.17,670.3227272727273,687.48,2023-05-14 20:16:22
MXP,Charlotte,Estados Unidos,2023,8,619.41,670.2166666666666,621.66,2023-05-14 20:16:22
MXP,Milwaukee,Estados Unidos,2023,2,619.42,653.5355555555556,620.78,2023-05-14 20:16:22
MXP,Lima,Perú,2023,9,619.59,754.9133333333334,777.59,2023-05-14 20:16:22
MXP,Columbus,Estados Unidos,2023,5,619.73,740.2467346938774,770.11,2023-05-14 20:16:22
MXP,Santiago,República Dominicana,2023,2,619.82,708.7027777777778,620.09,2023-05-14 20:16:22
MXP,Calcutá,Índia,2023,3,619.9,801.3046153846154,730.61,2023-05-14 20:16:22
MXP,Durban,África do Sul,2023,4,620.2,789.8536363636363,831.59,2023-05-14 20:16:22
MXP,Milwaukee,Estados Unidos,2023,4,620.43,862.0983333333334,783.96,2023-05-14 20:16:22
MXP,Nador,Marrocos,2023,7,620.61,822.9225,711.965,2023-05-14 20:16:22
MXP,Santo Domingo,República Dominicana,2024,2,620.66,645.4085714285713,634.95,2023-05-14 20:16:22
MXP,Richmond,Estados Unidos,2023,2,620.66,620.8725,620.66,2023-05-14 20:16:22
MXP,Doha,Catar,2024,1,620.78,628.3299999999999,628.3299999999999,2023-05-14 20:16:22
MXP,Austin,Estados Unidos,2023,2,620.82,677.4836363636364,636.38,2023-05-14 20:16:22
MXP,Kuala Lumpur,Malásia,2023,10,620.86,671.3490909090909,652.09,2023-05-14 20:16:22
MXP,Ontário,Estados Unidos,2023,6,620.9,1387.305833333333,881.56,2023-05-14 20:16:22
MXP,Austin,Estados Unidos,2023,4,621.12,696.6786619718309,692.72,2023-05-14 20:16:22
MXP,Hong Kong,Hong Kong,2023,10,621.3,676.3455813953489,676.56,2023-05-14 20:16:22
MXP,São Pedro,Cabo Verde,2023,10,621.36,624.7281818181818,621.7,2023-05-14 20:16:22
MXP,Andenes,Noruega,2023,4,621.56,804.5431578947369,966.91,2023-05-14 20:16:22
MXP,Phoenix,Estados Unidos,2023,11,621.66,682.3772222222221,689.885,2023-05-14 20:16:22
MXP,Hong Kong,Hong Kong,2023,4,621.69,924.6708695652175,749.875,2023-05-14 20:16:22
MXP,Cincinnati,Estados Unidos,2023,2,621.91,635.1315000000001,644.05,2023-05-14 20:16:22
MXP,Duala,Camarões,2023,6,622.07,637.6024390243903,634.36,2023-05-14 20:16:22
MXP,Cali,Colômbia,2023,10,622.5,622.5733333333334,622.61,2023-05-14 20:16:22
MXP,Portland,Estados Unidos,2023,2,622.58,698.5664285714286,684.97,2023-05-14 20:16:22
MXP,Cincinnati,Estados Unidos,2023,3,622.6,1154.3208219178082,652.58,2023-05-14 20:16:22
MXP,Victoria,Seicheles,2024,4,622.61,622.61,622.61,2023-05-14 20:16:22
MXP,Volda,Noruega,2023,1,622.62,622.62,622.62,2023-05-14 20:16:22
MXP,Portland,Estados Unidos,2023,3,622.66,1625.9281818181817,937.48,2023-05-14 20:16:22
MXP,Harrisburg,Estados Unidos,2023,5,622.83,624.6,624.4549999999999,2023-05-14 20:16:22
MXP,Burbank,Estados Unidos,2024,3,622.87,677.8633333333333,623.27,2023-05-14 20:16:22
MXP,Tóquio,Japão,2024,1,622.98,716.9915384615384,684.56,2023-05-14 20:16:22
MXP,Syracuse,Estados Unidos,2023,3,623.26,1265.4364285714287,1316.52,2023-05-14 20:16:22
MXP,Salalah,Omã,2023,11,623.34,750.1833333333334,783.7,2023-05-14 20:16:22
MXP,Dayton,Estados Unidos,2023,4,623.42,664.0305000000001,661.905,2023-05-14 20:16:22
MXP,Bangalore,Índia,2023,7,623.51,916.5572222222222,1002.705,2023-05-14 20:16:22
MXP,Bridgetown,Barbados,2023,9,623.54,884.6228571428571,757.33,2023-05-14 20:16:22
MXP,Xangai,China,2023,6,623.65,813.77,768.9300000000001,2023-05-14 20:16:22
MXP,Vancouver,Canadá,2023,9,624.0,667.2303846153845,652.9749999999999,2023-05-14 20:16:22
MXP,Calcutá,Índia,2023,9,624.12,647.4176923076923,651.14,2023-05-14 20:16:22
MXP,São Diego,Estados Unidos,2023,5,624.12,708.9240540540541,705.915,2023-05-14 20:16:22
MXP,Thiruvananthapuram,Índia,2023,5,624.26,739.4846428571428,773.215,2023-05-14 20:16:22
MXP,Buffalo,Estados Unidos,2023,6,624.49,890.7894339622641,832.61,2023-05-14 20:16:22
MXP,Xangai,China,2024,2,624.79,625.55,624.79,2023-05-14 20:16:22
MXP,Pereira,Colômbia,2023,5,624.79,871.7771428571428,969.0,2023-05-14 20:16:22
MXP,Roanoke,Estados Unidos,2024,2,625.19,625.764,625.19,2023-05-14 20:16:22
MXP,Cidade do México,México,2023,12,625.31,704.2728571428571,678.79,2023-05-14 20:16:22
MXP,Niamey,Níger,2023,6,625.31,790.2816,867.1,2023-05-14 20:16:22
MXP,Fortaleza,Brasil,2023,3,625.61,1008.0196153846153,815.25,2023-05-14 20:16:22
MXP,Vancouver,Canadá,2023,6,625.7,718.7353333333334,688.88,2023-05-14 20:16:22
MXP,Punta Cana,República Dominicana,2023,8,625.84,903.155,838.085,2023-05-14 20:16:22
MXP,Cincinnati,Estados Unidos,2023,5,625.86,793.07625,705.4,2023-05-14 20:16:22
MXP,Salvador,Brasil,2023,6,625.86,1766.4693150684932,948.69,2023-05-14 20:16:22
MXP,Maputo,Moçambique,2023,4,625.92,712.9287804878048,664.8,2023-05-14 20:16:22
MXP,Dar Es Salaam,Tanzânia,2023,7,625.93,915.0383333333334,875.93,2023-05-14 20:16:22
MXP,Charlottesville,Estados Unidos,2023,4,625.93,772.8272727272728,891.24,2023-05-14 20:16:22
MXP,Abu Simbel,Egito,2023,3,626.24,687.8192857142857,693.81,2023-05-14 20:16:22
MXP,Indianápolis,Estados Unidos,2023,4,626.27,729.2336170212767,699.63,2023-05-14 20:16:22
MXP,Nassau,Bahamas,2023,12,626.48,1406.1695454545454,1252.8,2023-05-14 20:16:22
MXP,Béchar,Argélia,2023,4,626.78,626.78,626.78,2023-05-14 20:16:22
MXP,Manila,Filipinas,2023,3,626.79,905.3478125,811.7449999999999,2023-05-14 20:16:22
MXP,Urgench,Uzbequistão,2023,4,627.18,1065.092894736842,841.74,2023-05-14 20:16:22
MXP,Saint John's,Antígua e Barbuda,2024,1,627.22,858.5366666666667,714.93,2023-05-14 20:16:22
MXP,Luanda,Angola,2023,11,627.3,628.138,627.89,2023-05-14 20:16:22
MXP,Denpasar,Indonésia,2024,4,627.51,712.1088888888888,723.63,2023-05-14 20:16:22
MXP,Dallas,Estados Unidos,2023,5,627.63,725.8006930693069,708.21,2023-05-14 20:16:22
MXP,Astypálaia,Grécia,2023,4,627.64,738.52,793.93,2023-05-14 20:16:22
MXP,Calgary,Canadá,2023,2,627.7,939.7655000000001,848.77,2023-05-14 20:16:22
MXP,Vancouver,Canadá,2023,10,627.8,660.309,668.47,2023-05-14 20:16:22
MXP,Seattle,Estados Unidos,2023,11,627.8,672.5133333333333,694.87,2023-05-14 20:16:22
MXP,Cochin,Índia,2023,3,627.84,710.06,684.54,2023-05-14 20:16:22
MXP,Worcester,Estados Unidos,2023,3,628.12,630.3690909090909,630.21,2023-05-14 20:16:22
MXP,Lagos,Nigéria,2023,8,628.12,826.1802272727273,758.6600000000001,2023-05-14 20:16:22
MXP,Pointe-à-Pitre,Guadalupe,2024,1,628.36,851.5348648648649,844.54,2023-05-14 20:16:22
MXP,Seattle,Estados Unidos,2023,4,628.36,699.8979611650486,688.345,2023-05-14 20:16:22
MXP,Lahore,Paquistão,2023,2,628.46,854.4478571428572,814.965,2023-05-14 20:16:22
MXP,Andenes,Noruega,2023,5,628.82,631.93,630.8,2023-05-14 20:16:22
MXP,Haugesund,Noruega,2023,5,629.05,630.7379999999999,631.16,2023-05-14 20:16:22
MXP,Las Vegas,Estados Unidos,2023,10,629.09,706.272380952381,702.44,2023-05-14 20:16:22
MXP,Las Vegas,Estados Unidos,2023,9,629.68,694.495625,692.26,2023-05-14 20:16:22
MXP,Asheville,Estados Unidos,2023,3,629.76,631.8,630.1,2023-05-14 20:16:22
MXP,Rochester,Estados Unidos,2023,4,629.83,739.6733333333334,765.38,2023-05-14 20:16:22
MXP,Durban,África do Sul,2023,3,629.9,1080.1291176470588,841.22,2023-05-14 20:16:22
MXP,Oostende,Bélgica,2023,2,629.94,629.94,629.94,2023-05-14 20:16:22
MXP,Quito,Equador,2023,5,629.96,1082.4817204301075,968.58,2023-05-14 20:16:22
MXP,Minneapolis,Estados Unidos,2023,2,629.99,634.2046153846154,632.7,2023-05-14 20:16:22
MXP,Ras Al Khaimah,Emirados Árabes Unidos,2023,5,630.23,630.5841666666666,630.67,2023-05-14 20:16:22
MXP,Kuala Lumpur,Malásia,2023,12,630.27,776.74,751.86,2023-05-14 20:16:22
MXP,Nottingham,Reino Unido,2023,12,630.34,630.995,630.995,2023-05-14 20:16:22
MXP,Gassim,Arábia Saudita,2023,10,630.35,630.35,630.35,2023-05-14 20:16:22
MXP,Dar Es Salaam,Tanzânia,2024,1,630.68,632.51,632.72,2023-05-14 20:16:22
MXP,Fortaleza,Brasil,2023,5,630.96,798.6872151898734,756.23,2023-05-14 20:16:22
MXP,Hangzhou,China,2023,5,631.07,881.5732,807.38,2023-05-14 20:16:22
MXP,Las Vegas,Estados Unidos,2023,4,631.17,693.1904225352113,689.28,2023-05-14 20:16:22
MXP,Colombo,Sri Lanka,2023,10,631.27,697.04125,698.33,2023-05-14 20:16:22
MXP,Taipé,Taiwan,2023,12,631.47,907.1737499999999,796.025,2023-05-14 20:16:22
MXP,Phoenix,Estados Unidos,2023,2,631.47,795.976301369863,698.83,2023-05-14 20:16:22
MXP,Little Rock,Estados Unidos,2023,4,631.65,637.74375,637.755,2023-05-14 20:16:22
MXP,Arusha,Tanzânia,2023,7,631.94,1008.4740000000002,959.27,2023-05-14 20:16:22
MXP,Minneapolis,Estados Unidos,2023,4,632.13,766.3822388059701,749.75,2023-05-14 20:16:22
MXP,Rio de Janeiro,Brasil,2023,3,632.13,805.1431343283582,746.65,2023-05-14 20:16:22
MXP,Pune,Índia,2023,6,632.17,898.9081538461538,879.46,2023-05-14 20:16:22
MXP,Pune,Índia,2023,5,632.26,656.7760869565218,653.76,2023-05-14 20:16:22
MXP,Phuket,Tailândia,2023,4,632.38,792.3408571428572,796.26,2023-05-14 20:16:22
MXP,Arusha,Tanzânia,2024,1,632.4,632.4,632.4,2023-05-14 20:16:22
MXP,Nur-Sultan,Cazaquistão,2023,7,632.51,1013.8775,1224.615,2023-05-14 20:16:22
MXP,Jacarta,Indonésia,2023,4,632.59,1023.7404878048781,902.71,2023-05-14 20:16:22
MXP,Cidade do Cabo,África do Sul,2023,8,632.7,890.4610714285715,837.21,2023-05-14 20:16:22
MXP,Rio de Janeiro,Brasil,2024,2,632.74,730.0133333333333,719.08,2023-05-14 20:16:22
MXP,Stokmarknes,Noruega,2023,5,632.76,635.7940000000001,636.05,2023-05-14 20:16:22
MXP,Santa Ana,Estados Unidos,2024,2,633.01,647.102,650.78,2023-05-14 20:16:22
MXP,Ontário,Estados Unidos,2024,2,633.01,633.01,633.01,2023-05-14 20:16:22
MXP,Luanda,Angola,2023,2,633.05,733.3766666666667,737.0699999999999,2023-05-14 20:16:22
MXP,Oakland,Estados Unidos,2023,6,633.05,961.6250793650793,1071.05,2023-05-14 20:16:22
MXP,Pamplona,Espanha,2024,1,633.2,633.6116666666667,633.57,2023-05-14 20:16:22
MXP,Arusha,Tanzânia,2024,2,633.27,633.7791666666666,633.29,2023-05-14 20:16:22
MXP,Salvador,Brasil,2023,5,633.35,994.2097777777778,914.4749999999999,2023-05-14 20:16:22
MXP,Taipé,Taiwan,2023,10,633.39,857.0948275862069,788.88,2023-05-14 20:16:22
MXP,Portland,Estados Unidos,2023,6,633.49,776.5950746268658,786.44,2023-05-14 20:16:22
MXP,Phuket,Tailândia,2023,9,633.69,773.5490697674419,750.24,2023-05-14 20:16:22
MXP,Anchorage,Estados Unidos,2023,9,633.86,847.4437931034482,841.17,2023-05-14 20:16:22
MXP,Asmara,Eritreia,2024,1,634.03,634.03,634.03,2023-05-14 20:16:22
MXP,Bangalore,Índia,2023,11,634.07,641.5345454545454,637.82,2023-05-14 20:16:22
MXP,Salvador,Brasil,2023,4,634.23,1115.4849230769232,976.82,2023-05-14 20:16:22
MXP,Cedar Rapids,Estados Unidos,2023,4,634.34,636.9399999999999,637.34,2023-05-14 20:16:22
MXP,Stokmarknes,Noruega,2023,6,634.35,637.5825,637.45,2023-05-14 20:16:22
MXP,Bogotá,Colômbia,2023,9,634.55,733.1697777777778,738.68,2023-05-14 20:16:22
MXP,Port Louis,Maurícia,2023,7,635.11,1427.536511627907,887.33,2023-05-14 20:16:22
MXP,Denpasar,Indonésia,2023,9,635.14,781.2251562499999,761.025,2023-05-14 20:16:22
MXP,Roanoke,Estados Unidos,2023,4,635.16,662.2273913043479,680.11,2023-05-14 20:16:22
MXP,Thiruvananthapuram,Índia,2023,4,635.22,1839.091666666667,2607.32,2023-05-14 20:16:22
MXP,Ivalo,Finlândia,2023,2,635.27,635.27,635.27,2023-05-14 20:16:22
MXP,Edmonton,Canadá,2023,2,635.53,635.7077777777778,635.73,2023-05-14 20:16:22
MXP,Bridgetown,Barbados,2023,11,635.63,725.2512727272727,726.68,2023-05-14 20:16:22
MXP,Salvador,Brasil,2023,3,635.85,912.816129032258,956.36,2023-05-14 20:16:22
MXP,Cochin,Índia,2023,11,635.87,635.87,635.87,2023-05-14 20:16:22
MXP,Antananarivo,Madagáscar,2023,4,635.89,871.6389552238805,865.15,2023-05-14 20:16:22
MXP,Bhubaneswar,Índia,2023,5,636.41,637.0416666666666,636.68,2023-05-14 20:16:22
MXP,Saint John's,Antígua e Barbuda,2023,3,636.48,959.1586567164179,847.66,2023-05-14 20:16:22
MXP,Norfolk,Estados Unidos,2023,9,636.48,712.9993548387097,720.46,2023-05-14 20:16:22
MXP,Vancouver,Canadá,2023,2,636.72,725.8195652173912,709.81,2023-05-14 20:16:22
MXP,Guaiaquil,Equador,2023,2,636.89,915.153,948.23,2023-05-14 20:16:22
MXP,Cotonou,Benin,2023,1,636.89,637.617,637.72,2023-05-14 20:16:22
MXP,Hanói,Vietname,2024,4,637.32,638.1866666666666,638.62,2023-05-14 20:16:22
MXP,Saint John's,Antígua e Barbuda,2023,6,637.34,1055.0907142857143,1045.05,2023-05-14 20:16:22
MXP,Denpasar,Indonésia,2023,10,637.57,816.7516,833.97,2023-05-14 20:16:22
MXP,Minneapolis,Estados Unidos,2023,3,637.79,725.68765625,667.87,2023-05-14 20:16:22
MXP,Lima,Perú,2023,10,637.85,742.4238888888889,766.76,2023-05-14 20:16:22
MXP,Columbus,Estados Unidos,2023,9,637.92,641.2672727272727,642.18,2023-05-14 20:16:22
MXP,Al ‘Ulá,Arábia Saudita,2023,11,638.01,638.01,638.01,2023-05-14 20:16:22
MXP,Richmond,Estados Unidos,2023,9,638.12,642.1233333333333,638.12,2023-05-14 20:16:22
MXP,Dallas,Estados Unidos,2023,9,638.21,739.0328571428571,691.14,2023-05-14 20:16:22
MXP,Mumbai,Índia,2024,2,638.22,638.332,638.22,2023-05-14 20:16:22
MXP,Gaziantep,Turquia,2023,6,638.22,663.0884615384615,672.85,2023-05-14 20:16:22
MXP,Phuket,Tailândia,2023,10,638.59,737.2626666666667,741.87,2023-05-14 20:16:22
MXP,Denpasar,Indonésia,2024,3,638.69,727.99,749.54,2023-05-14 20:16:22
MXP,Roanoke,Estados Unidos,2023,2,638.72,662.444,640.145,2023-05-14 20:16:22
MXP,Phoenix,Estados Unidos,2023,3,638.74,1206.9572340425532,720.3,2023-05-14 20:16:22
MXP,Malabo,Guiné Equatorial,2023,6,638.84,682.5583333333333,690.56,2023-05-14 20:16:22
MXP,Augusta,Estados Unidos,2023,2,639.2,890.2554545454545,943.56,2023-05-14 20:16:22
MXP,Langkawi,Malásia,2023,12,639.47,941.11625,905.4300000000001,2023-05-14 20:16:22
MXP,Urgench,Uzbequistão,2023,6,639.53,713.6468493150685,714.25,2023-05-14 20:16:22
MXP,Gizé,Egito,2023,3,639.75,640.7866666666667,639.75,2023-05-14 20:16:22
MXP,Cidade do México,México,2023,11,639.85,675.195625,667.765,2023-05-14 20:16:22
MXP,Guaiaquil,Equador,2023,3,640.13,1003.796095890411,946.25,2023-05-14 20:16:22
MXP,Seattle,Estados Unidos,2023,9,640.2,699.3377272727273,692.77,2023-05-14 20:16:22
MXP,Svolvær,Noruega,2023,5,640.21,701.5551515151515,692.98,2023-05-14 20:16:22
MXP,Fayetteville,Estados Unidos,2023,2,640.39,640.6722222222222,640.65,2023-05-14 20:16:22
MXP,Rio de Janeiro,Brasil,2023,2,640.89,826.55125,830.3299999999999,2023-05-14 20:16:22
MXP,Phoenix,Estados Unidos,2023,9,641.55,695.7673333333333,692.3,2023-05-14 20:16:22
MXP,Durban,África do Sul,2023,5,641.59,644.7077777777778,646.23,2023-05-14 20:16:22
MXP,Lima,Perú,2024,1,641.67,717.145,699.11,2023-05-14 20:16:22
MXP,São Salvador,El Salvador,2023,3,641.81,864.6942857142857,813.91,2023-05-14 20:16:22
MXP,Pointe-à-Pitre,Guadalupe,2023,9,641.81,778.5286206896551,731.39,2023-05-14 20:16:22
MXP,Lima,Perú,2023,6,641.84,899.034074074074,918.59,2023-05-14 20:16:22
MXP,Daca,Bangladexe,2023,10,641.93,645.2653846153845,646.55,2023-05-14 20:16:22
MXP,Lima,Perú,2023,5,641.95,925.0314634146341,813.26,2023-05-14 20:16:22
MXP,Seattle,Estados Unidos,2023,2,641.96,956.3266666666667,644.29,2023-05-14 20:16:22
MXP,Hammerfest,Noruega,2023,6,642.02,726.179,646.235,2023-05-14 20:16:22
MXP,Durban,África do Sul,2023,9,642.03,642.0966666666667,642.13,2023-05-14 20:16:22
MXP,Indore,Índia,2023,4,642.37,643.1008333333333,643.44,2023-05-14 20:16:22
MXP,Lomé,Togo,2023,6,642.51,647.2044444444444,649.56,2023-05-14 20:16:22
MXP,Stornoway,Reino Unido,2023,7,642.54,727.1947619047619,799.58,2023-05-14 20:16:22
MXP,Akureyri,Islândia,2023,8,642.87,818.5257894736842,723.34,2023-05-14 20:16:22
MXP,Detroit,Estados Unidos,2023,5,642.88,783.8725000000001,685.055,2023-05-14 20:16:22
MXP,São Diego,Estados Unidos,2023,9,642.89,672.1276923076923,678.03,2023-05-14 20:16:22
MXP,Erie,Estados Unidos,2023,4,642.9,643.9683333333334,644.02,2023-05-14 20:16:22
MXP,Fort-de-France,Martinica,2024,3,642.93,643.04,642.93,2023-05-14 20:16:22
MXP,Lima,Perú,2023,8,642.96,874.1788235294118,828.39,2023-05-14 20:16:22
MXP,San José,Costa Rica,2024,1,643.05,832.4015384615384,763.15,2023-05-14 20:16:22
MXP,Lucknow,Índia,2023,11,643.14,661.1016666666666,643.4,2023-05-14 20:16:22
MXP,Cidade do Cabo,África do Sul,2024,1,643.15,653.8425,643.19,2023-05-14 20:16:22
MXP,Cancún,México,2024,4,643.16,643.2333333333332,643.16,2023-05-14 20:16:22
MXP,Port Louis,Maurícia,2023,12,643.22,834.6321052631579,865.87,2023-05-14 20:16:22
MXP,Freetown,Serra Leoa,2023,3,643.37,1059.6163636363635,646.22,2023-05-14 20:16:22
MXP,Austin,Estados Unidos,2023,11,643.63,670.0333333333333,649.59,2023-05-14 20:16:22
MXP,Sohag,Egito,2023,2,643.73,870.0146153846155,970.62,2023-05-14 20:16:22
MXP,Cidade do México,México,2023,10,643.8,741.6283333333333,687.605,2023-05-14 20:16:22
MXP,Mumbai,Índia,2023,8,643.81,762.1075,748.94,2023-05-14 20:16:22
MXP,San Pedro,Honduras,2024,1,644.19,644.1940000000001,644.19,2023-05-14 20:16:22
MXP,Maceió,Brasil,2023,9,644.26,651.0985714285715,644.75,2023-05-14 20:16:22
MXP,Niamey,Níger,2024,3,644.28,644.5799999999999,644.5799999999999,2023-05-14 20:16:22
MXP,Lima,Perú,2023,4,644.3,794.3006122448978,728.92,2023-05-14 20:16:22
MXP,São Diego,Estados Unidos,2023,4,644.54,714.4137974683545,708.57,2023-05-14 20:16:22
MXP,Denpasar,Indonésia,2024,2,644.56,769.7277272727272,776.8050000000001,2023-05-14 20:16:22
MXP,Harare,Zimbábue,2023,11,644.58,658.485,664.24,2023-05-14 20:16:22
MXP,Harare,Zimbábue,2024,1,644.71,645.184,645.5,2023-05-14 20:16:22
MXP,São Paulo,Brasil,2023,8,644.81,644.8166666666666,644.81,2023-05-14 20:16:22
MXP,Cidade da Guatemala,Guatemala,2023,5,644.86,831.090985915493,829.03,2023-05-14 20:16:22
MXP,São Paulo,Brasil,2023,9,645.19,748.4333333333334,754.38,2023-05-14 20:16:22
MXP,Louisville,Estados Unidos,2023,9,645.27,667.9375,649.94,2023-05-14 20:16:22
MXP,Isle of Islay,Reino Unido,2023,8,645.49,658.42,645.605,2023-05-14 20:16:22
MXP,Bismarck,Estados Unidos,2023,4,645.5,648.7581818181818,649.46,2023-05-14 20:16:22
MXP,San Pedro,Honduras,2023,10,645.65,645.65,645.65,2023-05-14 20:16:22
MXP,Xangai,China,2023,5,645.9,855.2151724137931,866.78,2023-05-14 20:16:22
MXP,Bolzano,Itália,2023,2,646.08,646.6425,646.215,2023-05-14 20:16:22
MXP,San Juan,Porto Rico,2023,4,646.17,810.9754255319149,760.21,2023-05-14 20:16:22
MXP,San José,Costa Rica,2023,11,646.21,738.4834782608696,730.03,2023-05-14 20:16:22
MXP,Cleveland,Estados Unidos,2023,9,646.22,704.120487804878,712.89,2023-05-14 20:16:22
MXP,Charleston,Estados Unidos,2023,8,646.22,664.7083333333334,648.365,2023-05-14 20:16:22
MXP,Lusaka,Zâmbia,2023,5,646.23,735.3378378378378,680.77,2023-05-14 20:16:22
MXP,Santa Ana,Estados Unidos,2024,1,646.37,654.26,654.59,2023-05-14 20:16:22
MXP,Malé,Maldivas,2024,1,646.48,664.5250000000001,664.5250000000001,2023-05-14 20:16:22
MXP,Recife,Brasil,2023,11,646.51,718.85,711.39,2023-05-14 20:16:22
MXP,San Juan,Porto Rico,2023,10,646.52,725.7725,714.385,2023-05-14 20:16:22
MXP,Conacri,Guiné,2023,9,646.58,648.8610000000001,648.33,2023-05-14 20:16:22
MXP,Oakland,Estados Unidos,2023,3,646.83,849.4139393939394,807.52,2023-05-14 20:16:22
MXP,San Juan,Porto Rico,2023,11,647.0,684.8399999999999,698.8,2023-05-14 20:16:22
MXP,Durban,África do Sul,2023,6,647.12,680.238,690.15,2023-05-14 20:16:22
MXP,Guaiaquil,Equador,2023,4,647.38,979.0567567567567,971.79,2023-05-14 20:16:22
MXP,Siālkot,Paquistão,2023,4,647.6,727.0328571428572,698.13,2023-05-14 20:16:22
MXP,San Juan,Porto Rico,2023,9,647.72,685.8507317073171,670.03,2023-05-14 20:16:22
MXP,Lerwick,Reino Unido,2023,2,647.72,927.8653333333333,649.11,2023-05-14 20:16:22
MXP,Cidade do México,México,2023,6,647.84,818.35,713.525,2023-05-14 20:16:22
MXP,Quito,Equador,2023,11,648.09,651.61125,651.23,2023-05-14 20:16:22
MXP,Lusaka,Zâmbia,2023,6,648.18,735.6453333333334,679.32,2023-05-14 20:16:22
MXP,Fortaleza,Brasil,2023,12,648.5,648.5,648.5,2023-05-14 20:16:22
MXP,Portland,Estados Unidos,2023,4,648.72,908.9804347826087,758.515,2023-05-14 20:16:22
MXP,Manila,Filipinas,2024,2,648.76,685.2216666666667,686.3599999999999,2023-05-14 20:16:22
MXP,Tiruchirapalli,Índia,2023,5,648.86,650.5,650.91,2023-05-14 20:16:22
MXP,Recife,Brasil,2023,5,648.92,904.8923684210528,930.75,2023-05-14 20:16:22
MXP,Cleveland,Estados Unidos,2023,10,649.1,680.108909090909,685.375,2023-05-14 20:16:22
MXP,Tóquio,Japão,2023,11,649.25,770.725,756.6800000000001,2023-05-14 20:16:22
MXP,Phoenix,Estados Unidos,2023,4,649.33,744.0746564885496,713.18,2023-05-14 20:16:22
MXP,Nashville,Estados Unidos,2023,6,649.72,791.4300000000001,791.4000000000001,2023-05-14 20:16:22
MXP,Detroit,Estados Unidos,2023,11,649.86,698.8725,698.515,2023-05-14 20:16:22
MXP,Cidade de Belize,Belize,2024,1,649.9,1024.860625,1178.35,2023-05-14 20:16:22
MXP,La Paz,Bolívia,2023,5,650.29,1180.3642857142859,1222.83,2023-05-14 20:16:22
MXP,Vila do Porto,Portugal,2023,5,650.35,651.1733333333333,650.35,2023-05-14 20:16:22
MXP,Providence,Estados Unidos,2023,8,650.67,862.3711764705884,975.45,2023-05-14 20:16:22
MXP,Vadodara,Índia,2023,3,651.15,1008.082,651.83,2023-05-14 20:16:22
MXP,Port Louis,Maurícia,2023,6,651.43,1112.509696969697,846.76,2023-05-14 20:16:22
MXP,Las Vegas,Estados Unidos,2023,12,651.51,657.1566666666666,651.51,2023-05-14 20:16:22
MXP,Urgench,Uzbequistão,2023,8,651.52,1017.3783333333334,837.14,2023-05-14 20:16:22
MXP,Lusaka,Zâmbia,2023,9,651.6,683.5688888888889,690.9,2023-05-14 20:16:22
MXP,Santa Cruz das Flores,Portugal,2023,8,651.99,1269.4477419354837,784.54,2023-05-14 20:16:22
MXP,Cidade do México,México,2023,5,652.04,751.2797087378641,734.97,2023-05-14 20:16:22
MXP,Pointe-à-Pitre,Guadalupe,2023,4,652.09,848.4735365853659,818.74,2023-05-14 20:16:22
MXP,Brasília,Brasil,2023,5,652.61,1018.4263157894737,1058.71,2023-05-14 20:16:22
MXP,Calcutá,Índia,2023,10,652.7,653.3333333333334,653.35,2023-05-14 20:16:22
MXP,West Palm Beach,Estados Unidos,2023,10,652.74,749.3709090909091,699.75,2023-05-14 20:16:22
MXP,Freetown,Serra Leoa,2023,4,652.75,1055.131111111111,1037.69,2023-05-14 20:16:22
MXP,Phuket,Tailândia,2023,8,653.01,919.807,802.82,2023-05-14 20:16:22
MXP,Vancouver,Canadá,2023,11,653.02,653.02,653.02,2023-05-14 20:16:22
MXP,Cidade da Guatemala,Guatemala,2023,3,653.23,804.7708108108109,741.14,2023-05-14 20:16:22
MXP,San Juan,Porto Rico,2024,2,653.28,663.0733333333334,667.0350000000001,2023-05-14 20:16:22
MXP,Detroit,Estados Unidos,2023,10,653.43,673.3086153846153,678.87,2023-05-14 20:16:22
MXP,Cantão,China,2023,5,653.61,902.0564912280702,847.46,2023-05-14 20:16:22
MXP,Phoenix,Estados Unidos,2023,10,653.66,671.7633333333333,669.74,2023-05-14 20:16:22
MXP,Lilongwe,Malaui,2023,3,653.72,819.4761111111111,852.0,2023-05-14 20:16:22
MXP,Cidade do México,México,2023,4,653.74,932.389894736842,735.94,2023-05-14 20:16:22
MXP,Bogotá,Colômbia,2024,2,653.95,741.75,687.81,2023-05-14 20:16:22
MXP,Natal,Brasil,2023,11,654.11,703.0600000000001,735.15,2023-05-14 20:16:22
MXP,San José,Costa Rica,2023,9,654.22,715.2924,673.66,2023-05-14 20:16:22
MXP,Lusaka,Zâmbia,2023,4,654.37,782.6416666666668,783.99,2023-05-14 20:16:22
MXP,Denpasar,Indonésia,2023,11,654.58,839.5389795918368,844.8,2023-05-14 20:16:22
MXP,Santa Cruz da Serra,Bolívia,2023,5,654.58,1126.1209401709402,1123.64,2023-05-14 20:16:22
MXP,Duala,Camarões,2023,10,654.81,656.175,656.175,2023-05-14 20:16:22
MXP,Roanoke,Estados Unidos,2023,9,655.09,657.0775,657.74,2023-05-14 20:16:22
MXP,Vancouver,Canadá,2023,4,655.11,843.9994117647059,731.04,2023-05-14 20:16:22
MXP,Lilongwe,Malaui,2023,5,655.14,828.1716279069767,829.01,2023-05-14 20:16:22
MXP,Cancún,México,2023,4,655.31,720.2517021276597,706.43,2023-05-14 20:16:22
MXP,Norfolk,Estados Unidos,2023,10,655.38,686.4033333333333,689.225,2023-05-14 20:16:22
MXP,Funchal,Portugal,2023,8,655.42,777.7349999999999,777.7349999999999,2023-05-14 20:16:22
MXP,Calgary,Canadá,2023,4,655.48,738.3003305785123,741.82,2023-05-14 20:16:22
MXP,Edmonton,Canadá,2023,3,655.48,976.6791891891892,761.28,2023-05-14 20:16:22
MXP,San Pedro,Honduras,2023,2,655.48,858.5869696969696,820.12,2023-05-14 20:16:22
MXP,Hanói,Vietname,2024,2,655.65,669.5021428571429,667.92,2023-05-14 20:16:22
MXP,Ítaca,Estados Unidos,2023,6,655.72,666.2440740740741,671.65,2023-05-14 20:16:22
MXP,Key West,Estados Unidos,2023,9,655.78,698.3757894736842,734.18,2023-05-14 20:16:22
MXP,Simpson Bay,São Martinho (Sint Maarten),2023,4,655.88,1276.7079611650483,1132.35,2023-05-14 20:16:22
MXP,San Juan,Porto Rico,2023,5,655.97,833.8547368421052,861.7,2023-05-14 20:16:22
MXP,Daca,Bangladexe,2023,9,656.39,656.39,656.39,2023-05-14 20:16:22
MXP,Simpson Bay,São Martinho (Sint Maarten),2024,1,656.42,949.5677777777778,817.28,2023-05-14 20:16:22
MXP,Vasco da Gama,Índia,2023,10,656.66,658.0433333333333,656.66,2023-05-14 20:16:22
MXP,Albuquerque,Estados Unidos,2023,3,656.8,730.959298245614,705.02,2023-05-14 20:16:22
MXP,Urgench,Uzbequistão,2023,2,656.9,751.0588888888889,787.55,2023-05-14 20:16:22
MXP,Isle of Islay,Reino Unido,2023,7,656.96,657.5444444444444,657.58,2023-05-14 20:16:22
MXP,Detroit,Estados Unidos,2023,9,657.07,690.0082608695652,667.69,2023-05-14 20:16:22
MXP,Myrtle Beach,Estados Unidos,2023,4,657.25,836.599375,659.47,2023-05-14 20:16:22
MXP,Panama City,Estados Unidos,2023,11,657.5,729.97875,760.48,2023-05-14 20:16:22
MXP,Phnom Penh,Cambodja,2023,11,657.69,782.3747368421053,791.27,2023-05-14 20:16:22
MXP,Daca,Bangladexe,2023,7,658.0,658.005,658.005,2023-05-14 20:16:22
MXP,Albuquerque,Estados Unidos,2023,5,658.22,886.9230357142858,780.275,2023-05-14 20:16:22
MXP,Coimbatore,Índia,2023,4,658.32,659.12,659.12,2023-05-14 20:16:22
MXP,São Salvador,El Salvador,2024,1,658.34,1982.882222222222,3029.71,2023-05-14 20:16:22
MXP,Fort-de-France,Martinica,2023,3,658.38,817.0732258064517,780.9,2023-05-14 20:16:22
MXP,Harare,Zimbábue,2023,2,658.61,675.24,667.73,2023-05-14 20:16:22
MXP,Tóquio,Japão,2023,8,658.88,952.3900000000001,990.45,2023-05-14 20:16:22
MXP,San José,Costa Rica,2023,3,658.94,834.6618,787.92,2023-05-14 20:16:22
MXP,Allentown,Estados Unidos,2023,10,658.94,692.4431578947368,660.43,2023-05-14 20:16:22
MXP,Calcutá,Índia,2024,1,659.25,704.8905263157894,662.53,2023-05-14 20:16:22
MXP,Wenzhou,China,2023,5,659.36,1075.7275268817205,1103.17,2023-05-14 20:16:22
MXP,Dayton,Estados Unidos,2023,5,659.44,952.969696969697,871.67,2023-05-14 20:16:22
MXP,Port Louis,Maurícia,2023,11,659.47,768.8172093023255,699.49,2023-05-14 20:16:22
MXP,Katmandu,Nepal,2023,9,659.63,790.0987096774194,785.14,2023-05-14 20:16:22
MXP,Cidade de Ho Chi Minh,Vietname,2024,2,659.72,671.8257142857143,659.8,2023-05-14 20:16:22
MXP,Rajkot,Índia,2023,5,659.88,659.88,659.88,2023-05-14 20:16:22
MXP,St Louis,Estados Unidos,2023,11,659.9,661.7457142857144,663.13,2023-05-14 20:16:22
MXP,Daytona Beach,Estados Unidos,2023,8,659.93,830.6684615384615,665.04,2023-05-14 20:16:22
MXP,Harare,Zimbábue,2023,6,659.95,765.5217647058823,678.76,2023-05-14 20:16:22
MXP,Lexington,Estados Unidos,2023,9,660.13,663.1211111111111,663.05,2023-05-14 20:16:22
MXP,Banjul,Gâmbia,2023,8,660.16,787.6078571428571,799.45,2023-05-14 20:16:22
MXP,Jaipur,Índia,2023,3,660.22,703.1216071428571,703.09,2023-05-14 20:16:22
MXP,Louisville,Estados Unidos,2023,10,660.22,662.31125,660.84,2023-05-14 20:16:22
MXP,Bangalore,Índia,2023,8,660.26,1060.443,883.42,2023-05-14 20:16:22
MXP,Harare,Zimbábue,2023,3,660.29,1349.3904761904762,1958.98,2023-05-14 20:16:22
MXP,Detroit,Estados Unidos,2024,1,660.37,660.55,660.37,2023-05-14 20:16:22
MXP,Chiang Mai,Tailândia,2023,9,660.38,804.5718918918919,794.13,2023-05-14 20:16:22
MXP,Ranchi,Índia,2023,5,660.57,678.0113333333334,682.98,2023-05-14 20:16:22
MXP,Samarcanda,Uzbequistão,2023,2,660.57,785.8683333333333,811.55,2023-05-14 20:16:22
MXP,Calcutá,Índia,2023,6,660.63,662.865,662.865,2023-05-14 20:16:22
MXP,Knoxville,Estados Unidos,2023,6,660.72,806.1974666666666,737.26,2023-05-14 20:16:22
MXP,Maputo,Moçambique,2023,9,660.85,662.03,662.21,2023-05-14 20:16:22
MXP,Phnom Penh,Cambodja,2024,2,660.93,693.7842857142857,687.08,2023-05-14 20:16:22
MXP,León,Espanha,2023,5,661.05,661.05,661.05,2023-05-14 20:16:22
MXP,Cúcuta,Colômbia,2024,1,661.14,663.761,664.01,2023-05-14 20:16:22
MXP,Phuket,Tailândia,2024,4,661.52,661.5266666666666,661.53,2023-05-14 20:16:22
MXP,São Salvador,El Salvador,2023,4,661.53,899.2953571428571,864.27,2023-05-14 20:16:22
MXP,Oranjestad,Aruba,2024,3,661.62,662.456,661.62,2023-05-14 20:16:22
MXP,Phuket,Tailândia,2024,2,661.62,721.397,665.19,2023-05-14 20:16:22
MXP,Baltimore,Estados Unidos,2024,4,661.68,661.68,661.68,2023-05-14 20:16:22
MXP,Cartagena,Colômbia,2024,1,661.76,814.0640000000001,665.9,2023-05-14 20:16:22
MXP,Denver,Estados Unidos,2024,2,662.08,662.0875000000001,662.08,2023-05-14 20:16:22
MXP,Albuquerque,Estados Unidos,2023,4,662.93,792.8553333333333,713.41,2023-05-14 20:16:22
MXP,Providenciales,Ilhas Turcas e Caicos,2024,2,663.12,663.23,663.23,2023-05-14 20:16:22
MXP,Salalah,Omã,2023,7,663.29,699.9066666666666,663.29,2023-05-14 20:16:22
MXP,Pensacola,Estados Unidos,2023,6,663.52,663.52,663.52,2023-05-14 20:16:22
MXP,Denver,Estados Unidos,2024,1,663.59,684.2835714285713,688.385,2023-05-14 20:16:22
MXP,Dallas,Estados Unidos,2023,11,663.92,677.8961538461538,667.85,2023-05-14 20:16:22
MXP,Rio de Janeiro,Brasil,2024,1,664.36,727.53,724.22,2023-05-14 20:16:22
MXP,Tânger,Marrocos,2023,12,664.51,664.51,664.51,2023-05-14 20:16:22
MXP,Cidade da Guatemala,Guatemala,2023,11,664.57,709.0317647058823,667.56,2023-05-14 20:16:22
MXP,Grande Caimão,Ilhas Cayman,2023,11,664.79,868.6867857142857,742.54,2023-05-14 20:16:22
MXP,Knoxville,Estados Unidos,2023,10,664.8,668.045,669.58,2023-05-14 20:16:22
MXP,Hanói,Vietname,2023,5,664.82,871.6931999999999,872.3499999999999,2023-05-14 20:16:22
MXP,Ordu,Turquia,2023,8,664.89,668.4455555555555,668.2,2023-05-14 20:16:22
MXP,Colombo,Sri Lanka,2024,3,665.15,705.5625,705.565,2023-05-14 20:16:22
MXP,Denver,Estados Unidos,2023,5,665.33,731.4469354838709,706.76,2023-05-14 20:16:22
MXP,Freetown,Serra Leoa,2023,2,665.33,821.7722727272726,725.135,2023-05-14 20:16:22
MXP,Xangai,China,2023,12,665.43,695.1533333333333,665.43,2023-05-14 20:16:22
MXP,Minneapolis,Estados Unidos,2023,9,665.53,731.6441666666666,684.27,2023-05-14 20:16:22
MXP,Manila,Filipinas,2023,9,665.73,760.7789743589744,767.21,2023-05-14 20:16:22
MXP,San José,Costa Rica,2023,5,665.8,786.1662337662339,765.41,2023-05-14 20:16:22
MXP,Cataratas Vitória,Zimbábue,2023,11,666.03,767.265,803.42,2023-05-14 20:16:22
MXP,Salvador,Brasil,2023,10,666.06,666.0633333333334,666.06,2023-05-14 20:16:22
MXP,San José,Costa Rica,2024,2,666.18,699.39,710.52,2023-05-14 20:16:22
MXP,Manágua,Nicarágua,2024,2,666.22,761.0931578947369,707.1,2023-05-14 20:16:22
MXP,San José,Costa Rica,2023,4,666.63,947.9984444444444,845.1700000000001,2023-05-14 20:16:22
MXP,Port Louis,Maurícia,2023,4,666.8,904.2845,887.375,2023-05-14 20:16:22
MXP,Banja Luka,Bósnia-Herzegóvina,2023,8,666.94,670.6170588235294,668.05,2023-05-14 20:16:22
MXP,St Louis,Estados Unidos,2023,2,666.95,902.5829032258065,816.21,2023-05-14 20:16:22
MXP,Buenos Aires,Argentina,2024,3,666.97,666.97,666.97,2023-05-14 20:16:22
MXP,Indianápolis,Estados Unidos,2023,6,666.99,843.9092857142857,876.71,2023-05-14 20:16:22
MXP,La Romana,República Dominicana,2023,9,667.01,1028.1306666666667,1166.63,2023-05-14 20:16:22
MXP,St Louis,Estados Unidos,2023,4,667.03,708.0391428571429,705.21,2023-05-14 20:16:22
MXP,San Juan,Porto Rico,2024,1,667.08,674.4539130434783,669.47,2023-05-14 20:16:22
MXP,Bangalore,Índia,2024,1,667.16,676.604,668.56,2023-05-14 20:16:22
MXP,Lahore,Paquistão,2023,8,667.21,885.0566666666667,993.98,2023-05-14 20:16:22
MXP,Iaundé,Camarões,2023,2,667.33,769.18,763.2,2023-05-14 20:16:22
MXP,Indianápolis,Estados Unidos,2023,5,667.6,831.6525531914893,815.64,2023-05-14 20:16:22
MXP,Minneapolis,Estados Unidos,2023,10,667.6,685.2792233009708,686.27,2023-05-14 20:16:22
MXP,Hong Kong,Hong Kong,2023,3,667.72,1340.694375,972.62,2023-05-14 20:16:22
MXP,Cantão,China,2023,9,667.84,761.0457142857142,669.2,2023-05-14 20:16:22
MXP,St Louis,Estados Unidos,2023,6,668.02,832.2974285714286,721.47,2023-05-14 20:16:22
MXP,Guaiaquil,Equador,2023,10,668.03,669.15,669.15,2023-05-14 20:16:22
MXP,Tirupati,Índia,2023,5,668.09,669.3227272727273,669.47,2023-05-14 20:16:22
MXP,San José,Costa Rica,2023,2,668.19,842.67,748.155,2023-05-14 20:16:22
MXP,Dallas,Estados Unidos,2023,8,668.24,739.4742857142857,758.68,2023-05-14 20:16:22
MXP,Hurghada,Egito,2023,8,668.97,819.9200000000001,819.9200000000001,2023-05-14 20:16:22
MXP,Vancouver,Canadá,2024,4,669.0,669.685,669.685,2023-05-14 20:16:22
MXP,Mersa Matruh,Egito,2023,10,669.17,671.6085714285715,669.17,2023-05-14 20:16:22
MXP,Banjul,Gâmbia,2023,10,669.56,720.36,675.27,2023-05-14 20:16:22
MXP,Dar Es Salaam,Tanzânia,2023,8,669.59,1111.3675,1023.5600000000001,2023-05-14 20:16:22
MXP,El Paso,Estados Unidos,2023,1,669.59,669.615,669.615,2023-05-14 20:16:22
MXP,Phuket,Tailândia,2024,3,669.7,669.7,669.7,2023-05-14 20:16:22
MXP,Cidade da Praia,Cabo Verde,2023,7,669.81,746.988,763.84,2023-05-14 20:16:22
MXP,Port Louis,Maurícia,2024,1,669.85,759.7417647058824,703.27,2023-05-14 20:16:22
MXP,Denpasar,Indonésia,2023,3,670.07,1318.1333333333332,869.04,2023-05-14 20:16:22
MXP,Kigali,Ruanda,2023,4,670.07,737.6510112359551,688.41,2023-05-14 20:16:22
MXP,Vancouver,Canadá,2024,1,670.24,670.2625,670.27,2023-05-14 20:16:22
MXP,Quito,Equador,2023,9,670.26,918.7833333333333,842.97,2023-05-14 20:16:22
MXP,Omaha,Estados Unidos,2023,4,670.31,1414.0886538461539,1151.025,2023-05-14 20:16:22
MXP,Lima,Perú,2024,2,670.54,707.5575,691.7249999999999,2023-05-14 20:16:22
MXP,Detroit,Estados Unidos,2024,2,670.71,670.9228571428572,670.71,2023-05-14 20:16:22
MXP,Al ‘Ulá,Arábia Saudita,2024,1,670.75,845.9136842105263,1000.33,2023-05-14 20:16:22
MXP,Calcutá,Índia,2023,2,670.94,671.7066666666667,672.09,2023-05-14 20:16:22
MXP,São Salvador,El Salvador,2023,11,671.02,707.4641666666666,724.075,2023-05-14 20:16:22
MXP,Fortaleza,Brasil,2023,2,671.44,847.6744444444444,807.52,2023-05-14 20:16:22
MXP,Cidade do México,México,2024,1,671.46,690.23,690.225,2023-05-14 20:16:22
MXP,Phnom Penh,Cambodja,2023,6,671.46,874.3790196078431,881.25,2023-05-14 20:16:22
MXP,Entebbe,Uganda,2023,8,671.63,2239.568333333333,1054.835,2023-05-14 20:16:22
MXP,São Diego,Estados Unidos,2023,11,671.65,692.8234782608696,697.03,2023-05-14 20:16:22
MXP,Peshawar,Paquistão,2024,1,671.81,671.81,671.81,2023-05-14 20:16:22
MXP,São Diego,Estados Unidos,2023,10,671.81,695.3809375,691.755,2023-05-14 20:16:22
MXP,Quito,Equador,2023,4,671.83,1201.992,1133.2,2023-05-14 20:16:22
MXP,Las Vegas,Estados Unidos,2023,6,671.88,844.7664285714285,740.31,2023-05-14 20:16:22
MXP,Iaundé,Camarões,2023,6,672.19,737.6028571428571,709.6,2023-05-14 20:16:22
MXP,Fortaleza,Brasil,2023,6,672.26,802.4409677419354,807.06,2023-05-14 20:16:22
MXP,Vasco da Gama,Índia,2024,2,672.4,766.1545833333333,778.62,2023-05-14 20:16:22
MXP,Singapura,Singapura,2023,2,672.53,877.009,808.22,2023-05-14 20:16:22
MXP,Kingston,Jamaica,2024,1,672.68,924.95875,812.815,2023-05-14 20:16:22
MXP,Lusaka,Zâmbia,2023,11,672.77,708.4765384615384,689.22,2023-05-14 20:16:22
MXP,Al ‘Ulá,Arábia Saudita,2023,2,672.8,712.8708695652174,745.89,2023-05-14 20:16:22
MXP,Hanói,Vietname,2023,6,672.85,904.6574418604652,781.33,2023-05-14 20:16:22
MXP,Albany,Estados Unidos,2023,4,672.96,717.2338888888889,716.005,2023-05-14 20:16:22
MXP,Barranquilla,Colômbia,2023,4,672.96,1391.6755263157895,938.5999999999999,2023-05-14 20:16:22
MXP,São Salvador,El Salvador,2023,5,672.96,829.4176315789473,859.11,2023-05-14 20:16:22
MXP,Harare,Zimbábue,2023,4,673.08,1245.513888888889,1216.82,2023-05-14 20:16:22
MXP,Nassau,Bahamas,2024,2,673.1,720.28375,723.63,2023-05-14 20:16:22
MXP,Krabi,Tailândia,2024,3,673.1,684.61,691.96,2023-05-14 20:16:22
MXP,Rochester,Estados Unidos,2023,8,673.16,673.16,673.16,2023-05-14 20:16:22
MXP,Hong Kong,Hong Kong,2023,9,673.23,774.2922222222222,778.32,2023-05-14 20:16:22
MXP,Ontário,Estados Unidos,2023,8,673.26,1072.4017647058824,1057.94,2023-05-14 20:16:22
MXP,Krabi,Tailândia,2024,1,673.27,773.3713333333333,674.65,2023-05-14 20:16:22
MXP,Saint John's,Antígua e Barbuda,2023,7,673.41,1643.1413888888887,1740.65,2023-05-14 20:16:22
MXP,Santo Domingo,República Dominicana,2023,12,673.52,890.6433333333333,835.42,2023-05-14 20:16:22
MXP,Jodhpur,Índia,2023,3,673.7,675.1941666666667,674.62,2023-05-14 20:16:22
MXP,Durban,África do Sul,2023,2,673.71,845.4888571428571,892.43,2023-05-14 20:16:22
MXP,Seattle,Estados Unidos,2024,1,674.02,674.02,674.02,2023-05-14 20:16:22
MXP,Seul,Coreia do Sul,2023,9,674.03,804.0485714285714,833.12,2023-05-14 20:16:22
MXP,Incheon,Coreia do Sul,2023,9,674.03,804.0485714285714,833.12,2023-05-14 20:16:22
MXP,Siālkot,Paquistão,2023,2,674.16,1196.6504166666666,918.7,2023-05-14 20:16:22
MXP,West Palm Beach,Estados Unidos,2023,6,674.18,985.2354285714285,965.93,2023-05-14 20:16:22
MXP,Indianápolis,Estados Unidos,2023,9,674.23,746.664,766.765,2023-05-14 20:16:22
MXP,Hanói,Vietname,2024,1,674.34,703.0733333333334,700.9300000000001,2023-05-14 20:16:22
MXP,Banjul,Gâmbia,2023,2,674.37,853.249375,819.52,2023-05-14 20:16:22
MXP,Melbourne,Estados Unidos,2023,12,674.43,674.961,674.84,2023-05-14 20:16:22
MXP,Cidade do Cabo,África do Sul,2023,1,674.57,675.0250000000001,675.0250000000001,2023-05-14 20:16:22
MXP,Amarillo,Estados Unidos,2023,1,674.57,675.15625,674.71,2023-05-14 20:16:22
MXP,Toronto,Canadá,2023,7,674.68,685.125,681.335,2023-05-14 20:16:22
MXP,Guaiaquil,Equador,2023,6,674.72,886.3926250000001,881.675,2023-05-14 20:16:22
MXP,São Salvador,El Salvador,2023,9,674.81,760.2983333333333,678.8,2023-05-14 20:16:22
MXP,Lusaka,Zâmbia,2023,10,674.86,733.2985714285714,679.02,2023-05-14 20:16:22
MXP,Austin,Estados Unidos,2023,8,675.03,725.2642857142857,703.8499999999999,2023-05-14 20:16:22
MXP,São Salvador,El Salvador,2023,2,675.25,2046.034,901.56,2023-05-14 20:16:22
MXP,Cali,Colômbia,2023,5,675.28,985.3983206106869,972.94,2023-05-14 20:16:22
MXP,Denver,Estados Unidos,2023,10,675.42,1143.1122222222223,688.34,2023-05-14 20:16:22
MXP,Oranjestad,Aruba,2023,2,675.55,1015.67425,915.84,2023-05-14 20:16:22
MXP,Jacarta,Indonésia,2024,3,675.64,686.8516666666666,686.59,2023-05-14 20:16:22
MXP,Santiago,República Dominicana,2023,5,675.71,863.3761538461538,862.59,2023-05-14 20:16:22
MXP,Saint John's,Antígua e Barbuda,2023,4,676.11,1079.4572881355932,1015.66,2023-05-14 20:16:22
MXP,Cidade do México,México,2024,2,676.35,677.975,677.975,2023-05-14 20:16:22
MXP,Bangor,Estados Unidos,2023,3,676.45,681.609,681.415,2023-05-14 20:16:22
MXP,Oklahoma City,Estados Unidos,2023,11,676.45,679.398,680.39,2023-05-14 20:16:22
MXP,Daca,Bangladexe,2023,2,676.48,986.7253703703703,912.41,2023-05-14 20:16:22
MXP,Colorado Springs,Estados Unidos,2023,3,676.72,679.1822222222222,678.76,2023-05-14 20:16:22
MXP,Cidade de Ho Chi Minh,Vietname,2024,1,676.79,726.115,726.115,2023-05-14 20:16:22
MXP,Rajkot,Índia,2023,4,677.08,677.88,677.88,2023-05-14 20:16:22
MXP,Montego Bay,Jamaica,2023,10,677.44,790.2093548387096,811.1,2023-05-14 20:16:22
MXP,Cancún,México,2023,8,677.71,1108.9236363636364,1304.34,2023-05-14 20:16:22
MXP,Tóquio,Japão,2023,2,677.76,811.3833333333333,871.4300000000001,2023-05-14 20:16:22
MXP,Pereira,Colômbia,2023,3,677.82,869.2416279069768,871.59,2023-05-14 20:16:22
MXP,Colombo,Sri Lanka,2024,2,677.86,732.825,732.825,2023-05-14 20:16:22
MXP,Cidade do Panamá,Panamá,2023,12,678.0,917.5215384615385,943.94,2023-05-14 20:16:22
MXP,Kota Bharu,Malásia,2023,11,678.27,678.27,678.27,2023-05-14 20:16:22
MXP,Xangai,China,2023,3,678.35,974.5653086419752,882.78,2023-05-14 20:16:22
MXP,Siem Reap,Cambodja,2024,1,678.48,723.1007407407408,702.13,2023-05-14 20:16:22
MXP,Cuiabá,Brasil,2023,3,678.76,724.015238095238,708.87,2023-05-14 20:16:22
MXP,San Antonio,Estados Unidos,2023,6,678.76,680.5277777777778,681.76,2023-05-14 20:16:22
MXP,Santiago,Chile,2023,3,679.0,1280.2778,1100.21,2023-05-14 20:16:22
MXP,Buenos Aires,Argentina,2023,5,679.15,879.0734285714285,897.06,2023-05-14 20:16:22
MXP,Buenos Aires,Argentina,2023,4,679.15,934.8644444444444,952.27,2023-05-14 20:16:22
MXP,Oklahoma City,Estados Unidos,2023,3,679.16,950.6313333333334,687.34,2023-05-14 20:16:22
MXP,Coxen Hole,Honduras,2023,2,679.2,827.2482051282051,759.31,2023-05-14 20:16:22
MXP,Denver,Estados Unidos,2023,9,679.28,697.2635294117647,683.33,2023-05-14 20:16:22
MXP,Indianápolis,Estados Unidos,2023,10,679.29,689.8651724137931,686.14,2023-05-14 20:16:22
MXP,Oranjestad,Aruba,2023,3,679.36,1137.8247916666667,1058.7649999999999,2023-05-14 20:16:22
MXP,Windhoek,Namíbia,2023,4,679.4,873.1259375,817.36,2023-05-14 20:16:22
MXP,Providenciales,Ilhas Turcas e Caicos,2023,3,679.68,1208.9530508474575,941.69,2023-05-14 20:16:22
MXP,Condado de Derry,Reino Unido,2023,8,679.69,682.6600000000001,682.69,2023-05-14 20:16:22
MXP,Calecute,Índia,2023,5,679.81,707.6560000000001,684.54,2023-05-14 20:16:22
MXP,Djanet,Argélia,2023,10,679.86,680.7727272727273,680.16,2023-05-14 20:16:22
MXP,Durban,África do Sul,2023,10,680.08,741.1116666666667,740.465,2023-05-14 20:16:22
MXP,San Antonio,Estados Unidos,2023,4,680.1,905.1496551724138,739.7,2023-05-14 20:16:22
MXP,Tulsa,Estados Unidos,2023,3,680.1,1020.4215,1019.06,2023-05-14 20:16:22
MXP,Port Louis,Maurícia,2024,3,680.11,755.992,774.31,2023-05-14 20:16:22
MXP,Calgary,Canadá,2023,5,680.2,723.7191304347825,716.98,2023-05-14 20:16:22
MXP,Hanói,Vietname,2024,3,680.33,795.685,795.685,2023-05-14 20:16:22
MXP,Lincoln,Estados Unidos,2023,5,680.39,1108.0353846153846,1208.45,2023-05-14 20:16:22
MXP,Rijeka,Croácia,2023,3,680.51,683.7775,684.73,2023-05-14 20:16:22
MXP,Comayagua,Honduras,2023,5,680.62,837.309,902.42,2023-05-14 20:16:22
MXP,Cincinnati,Estados Unidos,2023,4,680.98,688.8800000000001,684.31,2023-05-14 20:16:22
MXP,Nassau,Bahamas,2024,1,681.1,718.1455555555556,722.46,2023-05-14 20:16:22
MXP,Denpasar,Indonésia,2024,1,681.12,799.8640740740741,781.26,2023-05-14 20:16:22
MXP,Cleveland,Estados Unidos,2024,3,681.23,681.4939999999999,681.67,2023-05-14 20:16:22
MXP,St Louis,Estados Unidos,2023,9,681.43,683.69625,682.425,2023-05-14 20:16:22
MXP,Richmond,Estados Unidos,2023,5,681.5,740.7875,724.84,2023-05-14 20:16:22
MXP,Nassau,Bahamas,2024,3,681.63,681.9449999999999,682.05,2023-05-14 20:16:22
MXP,Islamabad,Paquistão,2023,7,681.63,701.9957142857144,683.91,2023-05-14 20:16:22
MXP,Seattle,Estados Unidos,2024,2,681.81,687.5825,685.14,2023-05-14 20:16:22
MXP,Peshawar,Paquistão,2023,5,681.92,738.4736666666666,699.3,2023-05-14 20:16:22
MXP,Edmonton,Canadá,2023,4,681.92,722.3384615384615,703.35,2023-05-14 20:16:22
MXP,Vasco da Gama,Índia,2023,3,681.98,872.5564285714287,682.69,2023-05-14 20:16:22
MXP,Bhubaneswar,Índia,2023,6,681.98,682.335,682.335,2023-05-14 20:16:22
MXP,Bridgetown,Barbados,2024,2,682.01,683.854,684.6,2023-05-14 20:16:22
MXP,Bridgetown,Barbados,2023,10,682.03,806.3525,781.295,2023-05-14 20:16:22
MXP,Providenciales,Ilhas Turcas e Caicos,2023,4,682.17,1063.144,1112.745,2023-05-14 20:16:22
MXP,Phoenix,Estados Unidos,2023,5,682.52,947.1702127659574,729.74,2023-05-14 20:16:22
MXP,Bridgetown,Barbados,2023,5,682.54,1298.121090909091,1257.02,2023-05-14 20:16:22
MXP,Pequim,China,2023,6,682.64,860.2203030303031,863.79,2023-05-14 20:16:22
MXP,Vasco da Gama,Índia,2024,1,682.66,800.4311764705882,801.22,2023-05-14 20:16:22
MXP,Bogotá,Colômbia,2024,1,682.81,705.4257142857142,687.08,2023-05-14 20:16:22
MXP,Lexington,Estados Unidos,2023,10,683.0,692.2761904761904,685.47,2023-05-14 20:16:22
MXP,Cidade de Ho Chi Minh,Vietname,2023,11,683.26,727.2184,721.54,2023-05-14 20:16:22
MXP,Daca,Bangladexe,2023,4,683.37,879.3594117647059,825.12,2023-05-14 20:16:22
MXP,Detroit,Estados Unidos,2023,12,683.72,752.8366666666666,684.77,2023-05-14 20:16:22
MXP,Lakselv,Noruega,2023,7,683.73,687.9788888888888,688.0,2023-05-14 20:16:22
MXP,Jaipur,Índia,2023,7,683.74,776.0705,782.86,2023-05-14 20:16:22
MXP,N'Djamena,Chade,2023,5,683.81,1112.526129032258,720.23,2023-05-14 20:16:22
MXP,Tebessa,Argélia,2023,4,683.81,683.81,683.81,2023-05-14 20:16:22
MXP,Key West,Estados Unidos,2023,4,683.81,689.935,689.935,2023-05-14 20:16:22
MXP,San Juan,Porto Rico,2023,12,683.87,1016.8790196078431,1033.31,2023-05-14 20:16:22
MXP,Berna,Suíça,2023,6,683.87,879.3395238095238,691.38,2023-05-14 20:16:22
MXP,Minneapolis,Estados Unidos,2023,8,683.9,827.3621739130435,899.81,2023-05-14 20:16:22
MXP,Lucknow,Índia,2023,6,683.91,684.8716666666666,684.0,2023-05-14 20:16:22
MXP,Islamabad,Paquistão,2023,8,683.95,993.1066666666667,1081.055,2023-05-14 20:16:22
MXP,Cotonou,Benin,2023,4,684.15,1027.6166666666666,819.96,2023-05-14 20:16:22
MXP,San Pedro,Honduras,2024,2,684.19,885.7014285714286,939.88,2023-05-14 20:16:22
MXP,Columbus,Estados Unidos,2023,4,684.25,753.588108108108,737.41,2023-05-14 20:16:22
MXP,Albany,Estados Unidos,2023,3,684.26,685.3958333333334,685.45,2023-05-14 20:16:22
MXP,Lakselv,Noruega,2023,8,684.29,684.29,684.29,2023-05-14 20:16:22
MXP,Cheyenne,Estados Unidos,2023,5,684.33,684.355,684.355,2023-05-14 20:16:22
MXP,El Paso,Estados Unidos,2023,3,684.34,686.178,687.01,2023-05-14 20:16:22
MXP,Saint George,Estados Unidos,2023,4,684.34,685.9433333333333,686.65,2023-05-14 20:16:22
MXP,Cedar Rapids,Estados Unidos,2023,2,684.42,685.237,685.1500000000001,2023-05-14 20:16:22
MXP,Grande Caimão,Ilhas Cayman,2024,1,684.64,739.2616666666667,755.42,2023-05-14 20:16:22
MXP,Pequim,China,2023,4,684.67,965.3883653846153,930.1500000000001,2023-05-14 20:16:22
MXP,Las Vegas,Estados Unidos,2024,1,684.67,687.5325,687.505,2023-05-14 20:16:22
MXP,Pune,Índia,2023,3,684.71,929.1877777777778,881.51,2023-05-14 20:16:22
MXP,Medellín,Colômbia,2023,6,684.71,1247.8761290322582,1024.455,2023-05-14 20:16:22
MXP,El Paso,Estados Unidos,2023,5,684.78,685.135,685.135,2023-05-14 20:16:22
MXP,Salt Lake City,Estados Unidos,2023,2,684.97,759.6259523809524,696.98,2023-05-14 20:16:22
MXP,Asmara,Eritreia,2023,6,685.05,694.9725,695.5799999999999,2023-05-14 20:16:22
MXP,Al ‘Ulá,Arábia Saudita,2023,3,685.2,1625.29625,2186.11,2023-05-14 20:16:22
MXP,San Antonio,Estados Unidos,2023,3,685.2,946.4033333333333,958.82,2023-05-14 20:16:22
MXP,Kuala Lumpur,Malásia,2023,2,685.25,939.0699999999999,929.89,2023-05-14 20:16:22
MXP,Denver,Estados Unidos,2023,6,685.3,728.5109090909091,686.41,2023-05-14 20:16:22
MXP,Long Beach,Estados Unidos,2023,11,685.49,810.1885714285714,902.24,2023-05-14 20:16:22
MXP,San Juan,Porto Rico,2023,8,685.55,1022.822380952381,890.87,2023-05-14 20:16:22
MXP,Barranquilla,Colômbia,2023,2,685.57,848.2708695652174,814.6,2023-05-14 20:16:22
MXP,Aspen,Estados Unidos,2023,2,685.59,804.2019047619049,901.68,2023-05-14 20:16:22
MXP,Aspen,Estados Unidos,2023,3,685.72,687.216,686.43,2023-05-14 20:16:22
MXP,San Antonio,Estados Unidos,2023,11,685.78,833.4985185185185,732.75,2023-05-14 20:16:22
MXP,Cidade do México,México,2024,3,686.06,687.1324999999999,687.49,2023-05-14 20:16:22
MXP,Austin,Estados Unidos,2023,5,686.16,746.9607777777778,735.405,2023-05-14 20:16:22
MXP,San Antonio,Estados Unidos,2023,2,686.26,793.33,831.5250000000001,2023-05-14 20:16:22
MXP,Saint George,Estados Unidos,2023,2,686.26,687.1054545454546,687.43,2023-05-14 20:16:22
MXP,San Pedro,Honduras,2023,5,686.26,924.892380952381,930.53,2023-05-14 20:16:22
MXP,Taif,Arábia Saudita,2023,7,686.34,768.5946153846154,788.58,2023-05-14 20:16:22
MXP,Krabi,Tailândia,2023,9,686.4,804.7662162162162,833.25,2023-05-14 20:16:22
MXP,Manhattan,Estados Unidos,2023,2,686.51,687.77,688.01,2023-05-14 20:16:22
MXP,São Diego,Estados Unidos,2023,12,686.53,690.972857142857,693.28,2023-05-14 20:16:22
MXP,Joanesburgo,África do Sul,2023,8,686.81,879.77,885.05,2023-05-14 20:16:22
MXP,Buffalo,Estados Unidos,2023,10,686.87,687.7,687.51,2023-05-14 20:16:22
MXP,Salt Lake City,Estados Unidos,2023,3,687.33,766.9450819672131,720.21,2023-05-14 20:16:22
MXP,Punta Cana,República Dominicana,2023,7,687.35,1184.9928571428572,1164.88,2023-05-14 20:16:22
MXP,Quimper,França,2023,4,687.5,690.2922222222222,691.85,2023-05-14 20:16:22
MXP,Cidade da Guatemala,Guatemala,2023,4,687.59,828.4314516129032,784.895,2023-05-14 20:16:22
MXP,Medellín,Colômbia,2023,9,687.66,702.4976923076922,689.3,2023-05-14 20:16:22
MXP,Wichita,Estados Unidos,2023,10,688.01,689.8144444444445,688.31,2023-05-14 20:16:22
MXP,Richmond,Estados Unidos,2023,3,688.07,691.3933333333333,692.03,2023-05-14 20:16:22
MXP,Libreville,Gabão,2023,3,688.27,768.9130434782609,719.4,2023-05-14 20:16:22
MXP,Dayton,Estados Unidos,2023,9,688.31,720.41375,725.34,2023-05-14 20:16:22
MXP,Oostende,Bélgica,2023,8,688.34,815.63,816.065,2023-05-14 20:16:22
MXP,Hamilton,Bermudas,2023,5,688.35,834.17,821.21,2023-05-14 20:16:22
MXP,Port Louis,Maurícia,2023,2,688.79,775.6628571428571,700.19,2023-05-14 20:16:22
MXP,Metz,França,2023,6,688.92,689.6,689.21,2023-05-14 20:16:22
MXP,Abu Simbel,Egito,2023,4,689.21,718.1700000000001,729.33,2023-05-14 20:16:22
MXP,Dallas,Estados Unidos,2024,1,689.48,696.1633333333334,695.78,2023-05-14 20:16:22
MXP,Carachi,Paquistão,2023,12,689.5,707.815,690.3,2023-05-14 20:16:22
MXP,Omaha,Estados Unidos,2023,2,689.71,689.9766666666667,690.01,2023-05-14 20:16:22
MXP,Langkawi,Malásia,2023,11,689.75,717.6866666666666,721.69,2023-05-14 20:16:22
MXP,Pittsburgh,Estados Unidos,2023,6,689.82,797.2538709677419,710.87,2023-05-14 20:16:22
MXP,Manágua,Nicarágua,2023,9,689.93,844.6792,778.85,2023-05-14 20:16:22
MXP,Abuja,Nigéria,2023,5,690.35,721.5817333333333,714.6,2023-05-14 20:16:22
MXP,Pequim,China,2023,5,690.44,775.6464556962026,732.24,2023-05-14 20:16:22
MXP,Hanói,Vietname,2023,12,690.64,1586.2663157894738,1154.29,2023-05-14 20:16:22
MXP,Rio de Janeiro,Brasil,2023,12,690.67,865.224375,787.1800000000001,2023-05-14 20:16:22
MXP,Lincoln,Estados Unidos,2023,2,690.78,690.78,690.78,2023-05-14 20:16:22
MXP,Lincoln,Estados Unidos,2023,3,690.78,770.96,793.85,2023-05-14 20:16:22
MXP,Hyderabad,Índia,2023,2,690.84,901.2890476190476,917.58,2023-05-14 20:16:22
MXP,Santiago,Chile,2023,2,690.84,1206.98625,1119.75,2023-05-14 20:16:22
MXP,Lusaka,Zâmbia,2024,2,690.93,691.0814285714285,690.93,2023-05-14 20:16:22
MXP,Burbank,Estados Unidos,2023,2,691.38,864.7331818181818,878.035,2023-05-14 20:16:22
MXP,Puerto Vallarta,México,2023,3,691.39,1141.9427906976744,773.0,2023-05-14 20:16:22
MXP,Chennai,Índia,2023,9,691.52,691.52,691.52,2023-05-14 20:16:22
MXP,Cartagena,Colômbia,2023,5,691.64,920.7010447761194,863.4,2023-05-14 20:16:22
MXP,São Diego,Estados Unidos,2023,8,691.93,739.125,693.09,2023-05-14 20:16:22
MXP,George Town,Bahamas,2024,1,692.15,692.3033333333333,692.38,2023-05-14 20:16:22
MXP,Pune,Índia,2023,12,692.17,695.0128571428571,695.45,2023-05-14 20:16:22
MXP,Chennai,Índia,2023,7,692.21,814.6366666666667,849.5,2023-05-14 20:16:22
MXP,La Crosse,Estados Unidos,2023,10,692.31,693.966,694.185,2023-05-14 20:16:22
MXP,Houston,Estados Unidos,2023,9,692.76,693.6833333333334,693.19,2023-05-14 20:16:22
MXP,Portland,Estados Unidos,2023,9,692.76,696.14,693.19,2023-05-14 20:16:22
MXP,Las Vegas,Estados Unidos,2024,2,692.96,693.7375000000001,692.96,2023-05-14 20:16:22
MXP,Hermópolis,Grécia,2023,5,692.96,692.96,692.96,2023-05-14 20:16:22
MXP,Denver,Estados Unidos,2023,11,693.11,696.965,696.885,2023-05-14 20:16:22
MXP,Bangor,Estados Unidos,2023,6,693.35,736.9822222222223,695.09,2023-05-14 20:16:22
MXP,Entebbe,Uganda,2023,7,693.54,914.8264285714286,921.33,2023-05-14 20:16:22
MXP,Dallas,Estados Unidos,2023,6,693.59,853.9399999999999,771.995,2023-05-14 20:16:22
MXP,Long Beach,Estados Unidos,2023,10,693.6,1469.0972972972972,1990.33,2023-05-14 20:16:22
MXP,Quito,Equador,2023,8,693.76,1317.35875,1456.355,2023-05-14 20:16:22
MXP,Manágua,Nicarágua,2023,6,693.79,1069.9097727272726,1123.53,2023-05-14 20:16:22
MXP,Las Vegas,Estados Unidos,2024,3,693.96,694.08,694.08,2023-05-14 20:16:22
MXP,Phoenix,Estados Unidos,2024,1,694.13,733.2018181818181,694.54,2023-05-14 20:16:22
MXP,Mersa Matruh,Egito,2023,8,694.19,838.4692500000001,807.08,2023-05-14 20:16:22
MXP,West Palm Beach,Estados Unidos,2024,1,694.45,728.0111111111112,701.31,2023-05-14 20:16:22
MXP,Montevidéu,Uruguai,2023,11,694.58,712.3284210526316,725.75,2023-05-14 20:16:22
MXP,Cidade da Guatemala,Guatemala,2023,2,694.8,874.4611111111111,772.39,2023-05-14 20:16:22
MXP,Kota Bharu,Malásia,2023,10,694.91,747.256,777.64,2023-05-14 20:16:22
MXP,Winnipeg,Canadá,2023,9,695.19,695.19,695.19,2023-05-14 20:16:22
MXP,Southampton,Reino Unido,2023,10,695.26,695.26,695.26,2023-05-14 20:16:22
MXP,Santa Cruz das Flores,Portugal,2023,4,695.36,695.36,695.36,2023-05-14 20:16:22
MXP,Xangai,China,2023,4,695.51,953.8471052631579,872.45,2023-05-14 20:16:22
MXP,Almaty,Cazaquistão,2023,9,695.55,695.55,695.55,2023-05-14 20:16:22
MXP,Maputo,Moçambique,2023,7,695.59,948.5342105263157,932.73,2023-05-14 20:16:22
MXP,Manágua,Nicarágua,2023,1,695.72,696.6628571428571,696.92,2023-05-14 20:16:22
MXP,Hamilton,Canadá,2023,7,695.77,1024.3138888888889,809.015,2023-05-14 20:16:22
MXP,Charlottesville,Estados Unidos,2023,2,696.03,696.22,696.03,2023-05-14 20:16:22
MXP,Mwanza,Tanzânia,2023,4,696.23,698.1055555555555,696.23,2023-05-14 20:16:22
MXP,Kingston,Jamaica,2023,4,696.45,983.5063043478261,852.69,2023-05-14 20:16:22
MXP,Houston,Estados Unidos,2023,10,696.48,813.3614285714285,704.52,2023-05-14 20:16:22
MXP,Kuching,Malásia,2023,9,696.62,729.5142857142857,751.0,2023-05-14 20:16:22
MXP,Vasco da Gama,Índia,2023,12,697.03,758.5876470588236,703.78,2023-05-14 20:16:22
MXP,Columbus,Estados Unidos,2023,8,697.06,921.007142857143,1113.13,2023-05-14 20:16:22
MXP,San José,Costa Rica,2024,3,697.22,697.22,697.22,2023-05-14 20:16:22
MXP,Milwaukee,Estados Unidos,2023,5,697.27,870.4384615384616,931.79,2023-05-14 20:16:22
MXP,Jamnagar,Índia,2023,4,697.27,698.0899999999999,698.0899999999999,2023-05-14 20:16:22
MXP,Houston,Estados Unidos,2023,11,697.33,705.6400000000001,697.82,2023-05-14 20:16:22
MXP,Austin,Estados Unidos,2023,10,697.33,708.926153846154,700.81,2023-05-14 20:16:22
MXP,Montego Bay,Jamaica,2024,1,697.46,785.024375,753.94,2023-05-14 20:16:22
MXP,Manágua,Nicarágua,2023,11,697.66,700.185,700.185,2023-05-14 20:16:22
MXP,Taif,Arábia Saudita,2023,12,697.74,698.4444444444445,698.4,2023-05-14 20:16:22
MXP,Calgary,Canadá,2023,9,697.74,2971.89,817.48,2023-05-14 20:16:22
MXP,Las Vegas,Estados Unidos,2023,8,697.88,740.01875,709.16,2023-05-14 20:16:22
MXP,Phoenix,Estados Unidos,2023,8,697.88,888.8083333333334,983.4,2023-05-14 20:16:22
MXP,São Diego,Estados Unidos,2024,1,697.98,781.0628571428572,708.47,2023-05-14 20:16:22
MXP,Krabi,Tailândia,2024,2,698.24,713.8140000000001,708.645,2023-05-14 20:16:22
MXP,Colorado Springs,Estados Unidos,2023,9,698.33,701.1535,699.92,2023-05-14 20:16:22
MXP,Cleveland,Estados Unidos,2023,8,698.35,698.35,698.35,2023-05-14 20:16:22
MXP,Detroit,Estados Unidos,2023,6,698.67,910.0577083333333,880.4449999999999,2023-05-14 20:16:22
MXP,Salt Lake City,Estados Unidos,2023,10,698.71,714.004,711.77,2023-05-14 20:16:22
MXP,Oranjestad,Aruba,2023,6,699.01,928.2433333333333,927.9449999999999,2023-05-14 20:16:22
MXP,Salt Lake City,Estados Unidos,2023,9,699.15,737.608947368421,766.0,2023-05-14 20:16:22
MXP,Albuquerque,Estados Unidos,2024,1,699.19,701.528,702.59,2023-05-14 20:16:22
MXP,Austin,Estados Unidos,2023,9,699.19,699.855,699.19,2023-05-14 20:16:22
MXP,Phuket,Tailândia,2023,11,699.37,770.2013333333333,760.1,2023-05-14 20:16:22
MXP,Kuala Lumpur,Malásia,2023,1,699.38,713.11,699.38,2023-05-14 20:16:22
MXP,Cidade de Ho Chi Minh,Vietname,2023,10,699.38,770.1595833333332,760.165,2023-05-14 20:16:22
MXP,Houston,Estados Unidos,2023,12,699.4,699.53375,699.49,2023-05-14 20:16:22
MXP,Ahmedabad,Índia,2023,7,699.49,718.8529166666667,710.2,2023-05-14 20:16:22
MXP,São Diego,Estados Unidos,2024,3,699.5,699.5,699.5,2023-05-14 20:16:22
MXP,São Pedro,Cabo Verde,2023,6,699.55,811.8079166666666,832.8050000000001,2023-05-14 20:16:22
MXP,Ulã Bator,Mongólia,2023,4,699.63,1006.8460869565217,1141.43,2023-05-14 20:16:22
MXP,Santiago,Chile,2023,4,699.78,2336.9944,1053.075,2023-05-14 20:16:22
MXP,Nassau,Bahamas,2023,6,699.9,928.6073076923077,999.17,2023-05-14 20:16:22
MXP,Salt Lake City,Estados Unidos,2023,4,699.93,867.0502857142858,844.82,2023-05-14 20:16:22
MXP,Denver,Estados Unidos,2024,4,700.05,702.0325,701.46,2023-05-14 20:16:22
MXP,Krabi,Tailândia,2023,5,700.46,830.0887878787879,750.43,2023-05-14 20:16:22
MXP,Buenos Aires,Argentina,2024,1,700.73,808.0227777777777,740.635,2023-05-14 20:16:22
MXP,Dallas,Estados Unidos,2023,10,700.81,703.0775,701.915,2023-05-14 20:16:22
MXP,Wenzhou,China,2023,4,701.12,1103.8806666666667,1145.0,2023-05-14 20:16:22
MXP,Buenos Aires,Argentina,2023,9,701.24,885.6233333333333,763.26,2023-05-14 20:16:22
MXP,Oranjestad,Aruba,2023,8,701.4,1250.3753623188404,1051.75,2023-05-14 20:16:22
MXP,Kingston,Jamaica,2024,2,701.47,722.344,735.8,2023-05-14 20:16:22
MXP,Long Beach,Estados Unidos,2023,9,701.56,864.3336363636364,798.775,2023-05-14 20:16:22
MXP,Huntsville,Estados Unidos,2023,4,701.57,701.9,702.01,2023-05-14 20:16:22
MXP,Conacri,Guiné,2023,7,701.58,737.5425,745.97,2023-05-14 20:16:22
MXP,Saranac Lake,Estados Unidos,2023,3,702.16,834.8588235294118,949.39,2023-05-14 20:16:22
MXP,São Francisco,Estados Unidos,2023,7,702.27,1038.3433333333332,1056.02,2023-05-14 20:16:22
MXP,Chiang Mai,Tailândia,2023,3,702.43,786.4478571428572,705.87,2023-05-14 20:16:22
MXP,Buenos Aires,Argentina,2023,10,702.47,901.1997297297297,890.36,2023-05-14 20:16:22
MXP,Rio de Janeiro,Brasil,2024,4,702.49,703.215,703.215,2023-05-14 20:16:22
MXP,International Falls,Estados Unidos,2023,2,702.59,702.7566666666667,702.89,2023-05-14 20:16:22
MXP,Dar Es Salaam,Tanzânia,2023,2,702.75,939.8341176470589,987.03,2023-05-14 20:16:22
MXP,Antananarivo,Madagáscar,2023,11,702.76,771.6530434782609,755.56,2023-05-14 20:16:22
MXP,N'Djamena,Chade,2023,6,702.76,720.3661538461539,707.07,2023-05-14 20:16:22
MXP,Portland,Estados Unidos,2024,2,702.78,703.193,703.26,2023-05-14 20:16:22
MXP,Jackson,Estados Unidos,2023,12,702.89,707.0344444444444,709.39,2023-05-14 20:16:22
MXP,Ulã Bator,Mongólia,2023,2,703.06,1666.9026086956524,965.16,2023-05-14 20:16:22
MXP,Providence,Estados Unidos,2023,9,703.18,710.0500000000001,710.78,2023-05-14 20:16:22
MXP,Dallas,Estados Unidos,2024,4,703.26,703.26,703.26,2023-05-14 20:16:22
MXP,Pequim,China,2023,10,703.35,778.8903703703704,760.21,2023-05-14 20:16:22
MXP,Oranjestad,Aruba,2024,1,703.37,944.9771428571429,905.44,2023-05-14 20:16:22
MXP,Montego Bay,Jamaica,2023,5,703.37,903.4,895.23,2023-05-14 20:16:22
MXP,São Diego,Estados Unidos,2023,6,703.51,910.8777586206896,896.6,2023-05-14 20:16:22
MXP,Jackson,Estados Unidos,2023,3,703.52,718.9900000000001,727.5,2023-05-14 20:16:22
MXP,Nouakchott,Mauritânia,2023,1,703.67,703.6899999999999,703.67,2023-05-14 20:16:22
MXP,Salisbury,Estados Unidos,2023,4,703.74,875.2104999999999,1010.09,2023-05-14 20:16:22
MXP,Abbotsford,Canadá,2023,3,703.94,742.3694444444444,709.63,2023-05-14 20:16:22
MXP,Amritsar,Índia,2023,7,704.13,759.4225,724.895,2023-05-14 20:16:22
MXP,San Antonio,Estados Unidos,2024,2,704.14,704.9533333333334,704.23,2023-05-14 20:16:22
MXP,Denpasar,Indonésia,2023,4,704.18,899.0539285714286,759.46,2023-05-14 20:16:22
MXP,Bangalore,Índia,2023,12,704.4,704.6533333333333,704.78,2023-05-14 20:16:22
MXP,Nairobi,Quénia,2023,7,704.44,1030.1222222222223,904.08,2023-05-14 20:16:22
MXP,Calcutá,Índia,2023,12,704.49,872.5857142857143,846.91,2023-05-14 20:16:22
MXP,Barranquilla,Colômbia,2023,5,704.59,908.331,895.59,2023-05-14 20:16:22
MXP,Cidade do Kansas,Estados Unidos,2023,2,704.61,705.5066666666667,705.81,2023-05-14 20:16:22
MXP,Oklahoma City,Estados Unidos,2023,4,704.67,772.2951428571428,723.91,2023-05-14 20:16:22
MXP,Calgary,Canadá,2023,6,704.73,855.9922222222223,775.3199999999999,2023-05-14 20:16:22
MXP,Lagos,Nigéria,2023,7,705.17,712.3677777777779,714.73,2023-05-14 20:16:22
MXP,Katmandu,Nepal,2023,2,705.52,876.3052941176471,895.46,2023-05-14 20:16:22
MXP,Abuja,Nigéria,2023,3,705.62,746.7916666666666,755.5699999999999,2023-05-14 20:16:22
MXP,Portland,Estados Unidos,2023,11,705.94,706.97,707.525,2023-05-14 20:16:22
MXP,São Salvador,El Salvador,2023,12,706.08,814.5925000000001,707.68,2023-05-14 20:16:22
MXP,Salt Lake City,Estados Unidos,2023,5,706.24,786.1111392405063,744.16,2023-05-14 20:16:22
MXP,Patna,Índia,2023,6,706.27,706.635,706.635,2023-05-14 20:16:22
MXP,St Louis,Estados Unidos,2023,3,706.27,743.575,764.41,2023-05-14 20:16:22
MXP,Aracaju,Brasil,2023,3,706.27,707.113,707.23,2023-05-14 20:16:22
MXP,Grand Junction,Estados Unidos,2023,12,706.33,714.0022222222223,709.84,2023-05-14 20:16:22
MXP,Santa Ana,Estados Unidos,2023,6,706.43,1153.5127272727273,958.78,2023-05-14 20:16:22
MXP,Atyrau,Cazaquistão,2023,5,706.43,710.1544444444445,710.61,2023-05-14 20:16:22
MXP,George,África do Sul,2023,4,706.89,707.399,706.99,2023-05-14 20:16:22
MXP,Burbank,Estados Unidos,2023,12,706.92,960.5415384615385,1057.87,2023-05-14 20:16:22
MXP,San Antonio,Estados Unidos,2023,12,707.1,707.3977777777777,707.19,2023-05-14 20:16:22
MXP,Aspen,Estados Unidos,2024,1,707.17,708.5377777777778,709.26,2023-05-14 20:16:22
MXP,Seattle,Estados Unidos,2024,4,707.31,707.31,707.31,2023-05-14 20:16:22
MXP,Chiang Mai,Tailândia,2023,6,707.33,779.5927906976743,778.71,2023-05-14 20:16:22
MXP,Cochin,Índia,2023,7,707.67,1099.3149999999998,1231.53,2023-05-14 20:16:22
MXP,Grand Rapids,Estados Unidos,2023,2,707.9,753.6794736842105,718.25,2023-05-14 20:16:22
MXP,Montego Bay,Jamaica,2023,4,708.26,957.2270212765957,870.34,2023-05-14 20:16:22
MXP,Taipé,Taiwan,2023,3,708.47,1329.1418867924529,958.41,2023-05-14 20:16:22
MXP,Chiang Rai,Tailândia,2023,5,708.82,812.1814285714286,798.75,2023-05-14 20:16:22
MXP,Lampang,Tailândia,2023,5,708.82,793.188125,851.32,2023-05-14 20:16:22
MXP,La Romana,República Dominicana,2023,6,709.01,1013.0841379310344,867.145,2023-05-14 20:16:22
MXP,Madison,Estados Unidos,2023,4,709.06,834.2725,710.64,2023-05-14 20:16:22
MXP,Punta Cana,República Dominicana,2024,3,709.06,709.28,709.28,2023-05-14 20:16:22
MXP,Abha,Arábia Saudita,2023,3,709.12,710.501,710.76,2023-05-14 20:16:22
MXP,Krabi,Tailândia,2023,11,709.41,796.1384782608696,753.935,2023-05-14 20:16:22
MXP,Baton Rouge,Estados Unidos,2023,8,709.67,710.5366666666666,709.9,2023-05-14 20:16:22
MXP,Quebec,Canadá,2023,7,709.73,867.9150000000001,813.7,2023-05-14 20:16:22
MXP,Austin,Estados Unidos,2023,12,709.74,711.4649999999999,712.04,2023-05-14 20:16:22
MXP,Cidade do Kansas,Estados Unidos,2023,3,709.81,1090.5941666666668,789.725,2023-05-14 20:16:22
MXP,Leknes,Noruega,2023,4,709.9,808.6255555555556,795.825,2023-05-14 20:16:22
MXP,Langkawi,Malásia,2024,2,710.03,710.621,710.52,2023-05-14 20:16:22
MXP,Pittsburgh,Estados Unidos,2023,7,710.41,823.8968181818182,822.935,2023-05-14 20:16:22
MXP,Pequim,China,2023,9,710.43,846.3716216216217,802.11,2023-05-14 20:16:22
MXP,Buffalo,Estados Unidos,2023,2,710.65,710.65,710.65,2023-05-14 20:16:22
MXP,Antananarivo,Madagáscar,2023,5,710.88,840.1822368421052,843.7049999999999,2023-05-14 20:16:22
MXP,Kemi,Finlândia,2023,4,711.07,711.07,711.07,2023-05-14 20:16:22
MXP,Chiang Mai,Tailândia,2023,5,711.08,761.5213265306122,741.5799999999999,2023-05-14 20:16:22
MXP,Guadalajara,México,2023,4,711.09,905.4804545454546,827.4,2023-05-14 20:16:22
MXP,Vancouver,Canadá,2023,1,711.33,711.405,711.33,2023-05-14 20:16:22
MXP,Grand Rapids,Estados Unidos,2023,10,711.41,721.8807142857142,725.13,2023-05-14 20:16:22
MXP,Varanasi,Índia,2023,9,711.54,712.855,712.925,2023-05-14 20:16:22
MXP,Guaiaquil,Equador,2024,1,711.54,711.54,711.54,2023-05-14 20:16:22
MXP,Hartford,Estados Unidos,2023,9,711.68,713.5775,714.21,2023-05-14 20:16:22
MXP,Springfield,Estados Unidos,2023,9,711.68,730.9142857142857,737.23,2023-05-14 20:16:22
MXP,Ulã Bator,Mongólia,2023,5,711.86,1070.1567272727273,972.07,2023-05-14 20:16:22
MXP,Denpasar,Indonésia,2023,7,711.87,918.106,734.13,2023-05-14 20:16:22
MXP,Katmandu,Nepal,2023,4,712.24,1018.1363917525773,929.42,2023-05-14 20:16:22
MXP,Monróvia,Libéria,2023,3,712.55,940.916875,754.04,2023-05-14 20:16:22
MXP,Bismarck,Estados Unidos,2023,5,712.57,734.17,714.9,2023-05-14 20:16:22
MXP,Katmandu,Nepal,2024,2,712.63,758.326,712.63,2023-05-14 20:16:22
MXP,Cali,Colômbia,2023,3,712.81,956.7441860465116,852.07,2023-05-14 20:16:22
MXP,Flint,Estados Unidos,2023,2,712.88,712.9100000000001,712.9100000000001,2023-05-14 20:16:22
MXP,Al Hoceima,Marrocos,2023,9,712.89,715.725,716.35,2023-05-14 20:16:22
MXP,Santiago,Chile,2023,12,713.2,1115.9557142857143,1417.41,2023-05-14 20:16:22
MXP,Santiago,República Dominicana,2023,4,713.33,805.2583783783784,781.64,2023-05-14 20:16:22
MXP,Acra,Gana,2023,2,713.55,826.0,848.165,2023-05-14 20:16:22
MXP,Harlingen,Estados Unidos,2023,2,713.76,762.0569230769231,766.11,2023-05-14 20:16:22
MXP,Haugesund,Noruega,2023,1,713.8,713.8299999999999,713.8299999999999,2023-05-14 20:16:22
MXP,Natal,Brasil,2023,5,714.08,965.2187341772152,998.59,2023-05-14 20:16:22
MXP,Jacarta,Indonésia,2023,3,714.14,784.9250000000001,800.35,2023-05-14 20:16:22
MXP,Dodoma,Tanzânia,2023,4,714.14,715.731,716.54,2023-05-14 20:16:22
MXP,Cidade do Cabo,África do Sul,2023,2,714.21,841.8828571428572,859.33,2023-05-14 20:16:22
MXP,Vail,Estados Unidos,2023,3,714.21,782.1233333333334,719.2,2023-05-14 20:16:22
MXP,Krabi,Tailândia,2023,4,714.25,966.7916326530612,948.79,2023-05-14 20:16:22
MXP,Santa Fé,Estados Unidos,2023,2,714.54,966.5290909090909,1003.7,2023-05-14 20:16:22
MXP,Antananarivo,Madagáscar,2023,2,714.7,891.2766666666666,872.45,2023-05-14 20:16:22
MXP,Moline,Estados Unidos,2023,2,714.7,715.55,715.4549999999999,2023-05-14 20:16:22
MXP,Springfield,Estados Unidos,2023,6,715.07,1176.7926923076923,1065.06,2023-05-14 20:16:22
MXP,Hartford,Estados Unidos,2023,6,715.07,1176.7926923076923,1065.06,2023-05-14 20:16:22
MXP,White Plains,Estados Unidos,2023,5,715.13,935.1544827586207,938.44,2023-05-14 20:16:22
MXP,Pointe-à-Pitre,Guadalupe,2023,12,715.35,1158.2105454545456,1238.41,2023-05-14 20:16:22
MXP,Recife,Brasil,2023,4,715.43,954.8277027027027,904.5799999999999,2023-05-14 20:16:22
MXP,N'Djamena,Chade,2023,11,715.61,722.8168181818181,723.45,2023-05-14 20:16:22
MXP,St Louis,Estados Unidos,2023,8,715.65,829.5,828.7850000000001,2023-05-14 20:16:22
MXP,Varanasi,Índia,2023,6,715.92,716.5475,716.075,2023-05-14 20:16:22
MXP,Tulsa,Estados Unidos,2023,4,716.05,722.69125,722.665,2023-05-14 20:16:22
MXP,Hangzhou,China,2023,6,716.22,802.7203846153845,747.8,2023-05-14 20:16:22
MXP,Berna,Suíça,2023,7,716.24,827.2258333333333,717.485,2023-05-14 20:16:22
MXP,Bratislava,Eslováquia,2023,11,716.38,716.38,716.38,2023-05-14 20:16:22
MXP,Castries,Santa Lúcia,2023,6,716.38,1059.6846808510638,1078.26,2023-05-14 20:16:22
MXP,Des Moines,Estados Unidos,2023,5,716.57,997.3655000000001,1070.03,2023-05-14 20:16:22
MXP,Abilene,Estados Unidos,2023,10,716.77,717.7283333333334,717.9,2023-05-14 20:16:22
MXP,Detroit,Estados Unidos,2023,8,717.01,1005.4624,1033.31,2023-05-14 20:16:22
MXP,Denpasar,Indonésia,2023,6,717.07,859.5733333333334,847.615,2023-05-14 20:16:22
MXP,Panama City,Estados Unidos,2023,6,717.13,718.655,718.34,2023-05-14 20:16:22
MXP,N'Djamena,Chade,2023,4,717.4,717.4,717.4,2023-05-14 20:16:22
MXP,Nassau,Bahamas,2023,8,717.71,1062.7105,897.75,2023-05-14 20:16:22
MXP,Greensboro,Estados Unidos,2023,1,717.75,739.75,739.75,2023-05-14 20:16:22
MXP,Nashville,Estados Unidos,2023,7,717.84,718.98,719.36,2023-05-14 20:16:22
MXP,Antananarivo,Madagáscar,2024,1,717.89,871.7624999999999,801.0,2023-05-14 20:16:22
MXP,Cataratas Vitória,Zimbábue,2023,4,718.01,952.8223287671233,766.86,2023-05-14 20:16:22
MXP,Santiago,República Dominicana,2023,3,718.1,789.2721052631579,719.57,2023-05-14 20:16:22
MXP,Huntsville,Estados Unidos,2023,5,718.37,719.0166666666668,719.34,2023-05-14 20:16:22
MXP,Monterrei,México,2023,1,718.41,718.435,718.435,2023-05-14 20:16:22
MXP,Buenos Aires,Argentina,2023,8,718.42,821.34078125,763.165,2023-05-14 20:16:22
MXP,Nassau,Bahamas,2023,5,718.51,907.3370149253732,801.0,2023-05-14 20:16:22
MXP,Bridgetown,Barbados,2023,6,718.56,1202.0900000000001,919.77,2023-05-14 20:16:22
MXP,Chiang Mai,Tailândia,2024,2,718.84,720.1544444444444,721.18,2023-05-14 20:16:22
MXP,Cincinnati,Estados Unidos,2023,10,718.95,719.2511111111112,719.04,2023-05-14 20:16:22
MXP,Cidade do Kansas,Estados Unidos,2023,4,719.04,783.246923076923,735.38,2023-05-14 20:16:22
MXP,Assiut,Egito,2023,2,719.14,719.3122222222223,719.45,2023-05-14 20:16:22
MXP,Taipé,Taiwan,2023,9,719.33,973.7936842105263,860.59,2023-05-14 20:16:22
MXP,Lomé,Togo,2023,11,719.36,903.9220000000001,719.6,2023-05-14 20:16:22
MXP,Midland,Estados Unidos,2023,4,719.42,804.105,766.435,2023-05-14 20:16:22
MXP,Cidade de Belize,Belize,2023,9,720.0,721.9588888888889,723.51,2023-05-14 20:16:22
MXP,Santa Fé,Estados Unidos,2024,2,720.29,720.5933333333334,720.32,2023-05-14 20:16:22
MXP,Antananarivo,Madagáscar,2023,12,720.3,861.83875,760.11,2023-05-14 20:16:22
MXP,Montego Bay,Jamaica,2023,8,720.6,1044.5763157894737,724.54,2023-05-14 20:16:22
MXP,Charlottesville,Estados Unidos,2023,3,720.65,724.14,724.81,2023-05-14 20:16:22
MXP,Enugu,Nigéria,2023,6,720.91,721.5036363636364,721.41,2023-05-14 20:16:22
MXP,Krabi,Tailândia,2023,12,721.04,1305.490606060606,1237.53,2023-05-14 20:16:22
MXP,Charlottesville,Estados Unidos,2023,9,721.27,721.604,721.27,2023-05-14 20:16:22
MXP,Siālkot,Paquistão,2023,1,721.44,784.655,721.74,2023-05-14 20:16:22
MXP,Lampang,Tailândia,2023,11,721.65,729.072,728.61,2023-05-14 20:16:22
MXP,Tampa,Estados Unidos,2023,8,721.77,721.77,721.77,2023-05-14 20:16:22
MXP,Lilongwe,Malaui,2023,6,722.02,729.0983333333334,724.01,2023-05-14 20:16:22
MXP,Oklahoma City,Estados Unidos,2023,5,722.08,873.7881818181818,908.37,2023-05-14 20:16:22
MXP,Cidade do Kansas,Estados Unidos,2023,12,722.17,722.216,722.17,2023-05-14 20:16:22
MXP,Cartagena,Colômbia,2023,2,722.66,1232.8954545454546,916.96,2023-05-14 20:16:22
MXP,Exeter,Reino Unido,2023,6,722.7,943.0488235294117,1031.15,2023-05-14 20:16:22
MXP,Fortaleza,Brasil,2023,8,722.96,922.8125,936.38,2023-05-14 20:16:22
MXP,São Paulo,Brasil,2023,12,723.02,776.1700000000001,776.1700000000001,2023-05-14 20:16:22
MXP,Barranquilla,Colômbia,2023,3,723.2,765.1899999999999,728.1,2023-05-14 20:16:22
MXP,Calecute,Índia,2023,4,723.64,723.64,723.64,2023-05-14 20:16:22
MXP,Penang,Malásia,2023,9,723.89,723.89,723.89,2023-05-14 20:16:22
MXP,Denpasar,Indonésia,2023,5,723.95,854.9457692307693,844.5450000000001,2023-05-14 20:16:22
MXP,Chiang Mai,Tailândia,2023,11,724.0,819.5212500000001,807.89,2023-05-14 20:16:22
MXP,Medellín,Colômbia,2023,2,724.05,893.7691891891892,870.55,2023-05-14 20:16:22
MXP,Cidade de Ho Chi Minh,Vietname,2023,9,724.13,806.6939130434782,753.6,2023-05-14 20:16:22
MXP,Albany,Estados Unidos,2023,5,724.26,841.5980555555556,838.32,2023-05-14 20:16:22
MXP,St Louis,Estados Unidos,2023,5,724.34,824.22,816.73,2023-05-14 20:16:22
MXP,Hamilton,Canadá,2023,6,724.52,1078.1336923076924,916.35,2023-05-14 20:16:22
MXP,Peshawar,Paquistão,2023,3,724.59,1042.531,1123.2,2023-05-14 20:16:22
MXP,Durango,Estados Unidos,2023,6,724.84,726.139,726.05,2023-05-14 20:16:22
MXP,Kinshasa,República Democrática do Congo,2023,1,724.86,724.885,724.885,2023-05-14 20:16:22
MXP,West Palm Beach,Estados Unidos,2023,12,724.92,1077.2866666666666,1012.53,2023-05-14 20:16:22
MXP,Cali,Colômbia,2023,4,724.93,950.9777272727273,844.895,2023-05-14 20:16:22
MXP,El Paso,Estados Unidos,2023,9,725.24,728.54625,727.86,2023-05-14 20:16:22
MXP,Grand'Anse Praslin,Seicheles,2023,6,725.28,1277.909512195122,821.25,2023-05-14 20:16:22
MXP,Pointe-à-Pitre,Guadalupe,2023,8,725.62,906.7463636363635,834.21,2023-05-14 20:16:22
MXP,Fort-de-France,Martinica,2023,2,726.03,944.8790000000001,957.135,2023-05-14 20:16:22
MXP,Lexington,Estados Unidos,2023,5,726.04,845.2475,728.47,2023-05-14 20:16:22
MXP,Córdova,Argentina,2023,8,726.35,1063.8626923076922,730.825,2023-05-14 20:16:22
MXP,Davao,Filipinas,2023,6,726.51,940.01,899.83,2023-05-14 20:16:22
MXP,Varanasi,Índia,2023,10,726.68,854.734375,928.03,2023-05-14 20:16:22
MXP,Midland,Estados Unidos,2023,3,726.78,731.04625,731.295,2023-05-14 20:16:22
MXP,Hamilton,Bermudas,2023,4,726.94,793.9485714285714,789.58,2023-05-14 20:16:22
MXP,Tallahassee,Estados Unidos,2023,4,727.12,728.1366666666667,727.21,2023-05-14 20:16:22
MXP,Kinshasa,República Democrática do Congo,2023,3,727.17,825.1214285714286,812.61,2023-05-14 20:16:22
MXP,Duala,Camarões,2023,12,727.42,738.1984210526316,727.73,2023-05-14 20:16:22
MXP,Kinshasa,República Democrática do Congo,2023,6,727.52,801.3078571428571,799.52,2023-05-14 20:16:22
MXP,Tóquio,Japão,2024,3,727.62,729.345,729.345,2023-05-14 20:16:22
MXP,Osaka,Japão,2024,1,727.62,743.9966666666667,752.26,2023-05-14 20:16:22
MXP,São Tomé,São Tomé e Príncipe,2023,3,727.67,887.5524,957.24,2023-05-14 20:16:22
MXP,Amritsar,Índia,2023,11,727.69,807.16625,786.07,2023-05-14 20:16:22
MXP,Chiang Mai,Tailândia,2023,7,727.75,927.635,1015.7,2023-05-14 20:16:22
MXP,Houston,Estados Unidos,2023,7,727.84,983.6685714285715,939.89,2023-05-14 20:16:22
MXP,Windhoek,Namíbia,2023,2,727.87,875.1051515151515,867.0,2023-05-14 20:16:22
MXP,Chiang Mai,Tailândia,2023,10,728.03,841.0422580645162,808.79,2023-05-14 20:16:22
MXP,Calcutá,Índia,2023,7,728.14,787.8773076923078,780.9,2023-05-14 20:16:22
MXP,Colorado Springs,Estados Unidos,2023,5,728.76,774.4631707317074,738.96,2023-05-14 20:16:22
MXP,Saskatoon,Canadá,2023,3,728.79,729.6220000000001,729.74,2023-05-14 20:16:22
MXP,Flint,Estados Unidos,2023,9,728.81,729.3566666666667,728.83,2023-05-14 20:16:22
MXP,São Salvador,El Salvador,2023,6,728.91,1013.3053333333334,1017.695,2023-05-14 20:16:22
MXP,Cartagena,Colômbia,2023,4,728.92,1146.6278313253013,1028.9,2023-05-14 20:16:22
MXP,Assunção,Paraguai,2023,11,729.01,878.1805,834.4,2023-05-14 20:16:22
MXP,Kota Kinabalu,Malásia,2024,3,729.04,733.1963636363636,733.38,2023-05-14 20:16:22
MXP,Traverse City,Estados Unidos,2023,3,729.33,729.4033333333333,729.35,2023-05-14 20:16:22
MXP,Montego Bay,Jamaica,2023,2,729.34,881.4699999999999,903.54,2023-05-14 20:16:22
MXP,Montevidéu,Uruguai,2024,2,729.38,786.85,731.35,2023-05-14 20:16:22
MXP,Puerto Vallarta,México,2023,11,729.46,756.3575000000001,767.93,2023-05-14 20:16:22
MXP,Hanói,Vietname,2023,3,729.46,987.61,897.64,2023-05-14 20:16:22
MXP,Yanbu,Arábia Saudita,2023,8,729.87,730.395,729.97,2023-05-14 20:16:22
MXP,Pernem,Índia,2023,5,729.97,927.5705,979.11,2023-05-14 20:16:22
MXP,Cidade do Kansas,Estados Unidos,2024,1,729.97,732.3055555555555,733.14,2023-05-14 20:16:22
MXP,Vitória,Brasil,2023,3,730.3,863.983,756.14,2023-05-14 20:16:22
MXP,Jibuti,Djibuti,2023,5,730.75,803.71025,828.58,2023-05-14 20:16:22
MXP,Montego Bay,Jamaica,2023,9,730.79,862.82,785.73,2023-05-14 20:16:22
MXP,Aspen,Estados Unidos,2023,5,730.85,733.0266666666666,733.63,2023-05-14 20:16:22
MXP,Lucknow,Índia,2023,5,730.87,730.87,730.87,2023-05-14 20:16:22
MXP,Louisville,Estados Unidos,2023,4,731.09,831.3536363636363,826.5,2023-05-14 20:16:22
MXP,São Pedro,Cabo Verde,2023,4,731.35,926.0491304347827,893.89,2023-05-14 20:16:22
MXP,Orlando,Estados Unidos,2023,7,731.36,795.03,734.64,2023-05-14 20:16:22
MXP,Grand'Anse Praslin,Seicheles,2023,5,731.78,869.0243636363637,896.94,2023-05-14 20:16:22
MXP,Lampang,Tailândia,2023,6,731.81,868.9538235294118,884.6400000000001,2023-05-14 20:16:22
MXP,Maceió,Brasil,2023,3,731.85,842.8635555555555,794.51,2023-05-14 20:16:22
MXP,Hamilton,Bermudas,2023,2,731.86,842.1533333333333,796.8,2023-05-14 20:16:22
MXP,Saint Thomas Island,Ilhas Virgens Americanas,2023,3,732.13,810.2005263157895,738.27,2023-05-14 20:16:22
MXP,Daca,Bangladexe,2023,3,732.19,825.2420454545455,798.2,2023-05-14 20:16:22
MXP,Siālkot,Paquistão,2023,8,732.33,732.33,732.33,2023-05-14 20:16:22
MXP,Columbus,Estados Unidos,2023,6,732.34,890.5931944444444,886.34,2023-05-14 20:16:22
MXP,Albuquerque,Estados Unidos,2023,10,732.63,861.8813043478261,977.7,2023-05-14 20:16:22
MXP,Porto Plata,República Dominicana,2023,4,733.05,1056.4551724137932,1156.76,2023-05-14 20:16:22
MXP,San Juan,Porto Rico,2023,6,733.08,967.9233333333333,881.75,2023-05-14 20:16:22
MXP,Varanasi,Índia,2023,4,733.26,833.9171428571428,768.83,2023-05-14 20:16:22
MXP,Freetown,Serra Leoa,2023,6,733.27,763.8508333333334,774.335,2023-05-14 20:16:22
MXP,Amritsar,Índia,2023,9,733.38,733.725,733.725,2023-05-14 20:16:22
MXP,Burbank,Estados Unidos,2023,4,733.5,920.8033333333333,858.7850000000001,2023-05-14 20:16:22
MXP,Kota Kinabalu,Malásia,2023,10,733.65,748.1353846153846,751.74,2023-05-14 20:16:22
MXP,Florianópolis,Brasil,2023,3,734.12,1198.7959999999998,1012.855,2023-05-14 20:16:22
MXP,Phnom Penh,Cambodja,2023,10,734.55,795.948,818.08,2023-05-14 20:16:22
MXP,Hanói,Vietname,2023,4,734.86,1269.9678260869564,995.25,2023-05-14 20:16:22
MXP,Bismarck,Estados Unidos,2023,2,734.88,735.39,735.0350000000001,2023-05-14 20:16:22
MXP,Peoria,Estados Unidos,2023,5,734.98,739.6569999999999,740.065,2023-05-14 20:16:22
MXP,Jaipur,Índia,2023,5,735.03,822.8968421052632,746.39,2023-05-14 20:16:22
MXP,Grande Caimão,Ilhas Cayman,2023,4,735.08,2067.257741935484,1733.34,2023-05-14 20:16:22
MXP,Salalah,Omã,2023,8,735.11,743.5183333333333,735.11,2023-05-14 20:16:22
MXP,Melbourne,Estados Unidos,2023,2,735.22,736.5716666666667,736.83,2023-05-14 20:16:22
MXP,Almaty,Cazaquistão,2023,8,735.4,879.5600000000001,974.39,2023-05-14 20:16:22
MXP,Kuching,Malásia,2023,10,735.42,736.6133333333333,735.42,2023-05-14 20:16:22
MXP,Manhattan,Estados Unidos,2023,11,735.44,735.55,735.51,2023-05-14 20:16:22
MXP,Cidade de Belize,Belize,2023,4,735.67,1031.7392727272727,931.22,2023-05-14 20:16:22
MXP,Cidade de Ho Chi Minh,Vietname,2023,6,735.71,820.7853703703703,776.155,2023-05-14 20:16:22
MXP,Santa Fé,Estados Unidos,2023,4,735.71,781.9625,739.99,2023-05-14 20:16:22
MXP,Antananarivo,Madagáscar,2023,6,735.89,938.4577499999999,894.61,2023-05-14 20:16:22
MXP,Edmonton,Canadá,2023,9,736.02,927.3777777777777,1075.82,2023-05-14 20:16:22
MXP,Daca,Bangladexe,2023,1,736.45,841.6257142857143,895.81,2023-05-14 20:16:22
MXP,Baltimore,Estados Unidos,2023,7,736.6,737.1266666666667,736.6,2023-05-14 20:16:22
MXP,Kuala Lumpur,Malásia,2023,8,736.75,1041.2714814814815,953.79,2023-05-14 20:16:22
MXP,Çanakkale,Turquia,2024,1,736.86,737.2963636363637,737.34,2023-05-14 20:16:22
MXP,Châlons-en-Champagne,França,2023,4,736.92,736.92,736.92,2023-05-14 20:16:22
MXP,Antananarivo,Madagáscar,2023,9,737.02,892.7959459459458,874.22,2023-05-14 20:16:22
MXP,Cantão,China,2023,3,737.36,1184.95848,993.6,2023-05-14 20:16:22
MXP,San Pedro,Honduras,2023,9,737.6,737.6,737.6,2023-05-14 20:16:22
MXP,Medellín,Colômbia,2023,10,737.93,737.93,737.93,2023-05-14 20:16:22
MXP,Sukhothai,Tailândia,2023,3,738.03,738.415,738.415,2023-05-14 20:16:22
MXP,São Pedro,Cabo Verde,2023,9,738.09,822.5741666666667,779.1,2023-05-14 20:16:22
MXP,San José del Cabo,México,2023,10,738.17,797.2657894736842,743.82,2023-05-14 20:16:22
MXP,Louisville,Estados Unidos,2023,7,738.55,805.1363636363636,740.13,2023-05-14 20:16:22
MXP,Mérida,México,2023,9,738.77,890.3458620689655,887.62,2023-05-14 20:16:22
MXP,Al ‘Ulá,Arábia Saudita,2023,9,738.86,740.2427272727273,739.56,2023-05-14 20:16:22
MXP,Beira,Moçambique,2023,5,738.9,860.7875,928.38,2023-05-14 20:16:22
MXP,Krabi,Tailândia,2023,10,739.02,828.0404347826087,760.66,2023-05-14 20:16:22
MXP,Antananarivo,Madagáscar,2023,10,739.21,926.8225,851.45,2023-05-14 20:16:22
MXP,Okinawa,Japão,2024,1,739.42,833.2136363636364,905.9,2023-05-14 20:16:22
MXP,Sapporo,Japão,2024,1,739.42,916.351,980.7149999999999,2023-05-14 20:16:22
MXP,Malabo,Guiné Equatorial,2023,11,739.77,741.537,741.77,2023-05-14 20:16:22
MXP,Marquette,Estados Unidos,2023,3,739.95,741.399,741.67,2023-05-14 20:16:22
MXP,Fort-de-France,Martinica,2024,2,740.3,740.31,740.3,2023-05-14 20:16:22
MXP,Cidade do Kansas,Estados Unidos,2023,10,740.33,783.1684285714285,771.1,2023-05-14 20:16:22
MXP,Xangai,China,2024,1,740.52,740.675,740.675,2023-05-14 20:16:22
MXP,Belém,Brasil,2023,10,740.57,828.1757142857143,843.12,2023-05-14 20:16:22
MXP,Oranjestad,Aruba,2023,9,740.6,882.7683333333333,936.405,2023-05-14 20:16:22
MXP,Leknes,Noruega,2023,12,740.62,777.6226666666666,745.16,2023-05-14 20:16:22
MXP,Longview,Estados Unidos,2023,4,740.69,742.08,742.24,2023-05-14 20:16:22
MXP,Durban,África do Sul,2023,11,741.56,742.1666666666666,742.47,2023-05-14 20:16:22
MXP,Duchambé,Tajiquistão,2023,5,741.87,759.9175,759.4849999999999,2023-05-14 20:16:22
MXP,Cidade de Belize,Belize,2023,2,742.13,918.1886842105263,895.77,2023-05-14 20:16:22
MXP,Jibuti,Djibuti,2023,7,742.52,967.694090909091,748.98,2023-05-14 20:16:22
MXP,Grand Rapids,Estados Unidos,2023,5,742.74,772.27,742.84,2023-05-14 20:16:22
MXP,Hays,Estados Unidos,2023,3,742.82,743.8155555555555,743.82,2023-05-14 20:16:22
MXP,Arusha,Tanzânia,2023,6,742.84,974.4636363636364,814.66,2023-05-14 20:16:22
MXP,Pointe-Noire,República do Congo,2023,3,743.0,748.5644444444445,747.33,2023-05-14 20:16:22
MXP,Kota Kinabalu,Malásia,2023,4,743.0,1097.9287272727272,997.28,2023-05-14 20:16:22
MXP,Tashkent,Uzbequistão,2023,7,743.05,795.5749999999999,777.47,2023-05-14 20:16:22
MXP,Cleveland,Estados Unidos,2023,6,743.3,900.7104999999999,936.98,2023-05-14 20:16:22
MXP,Providenciales,Ilhas Turcas e Caicos,2023,9,743.37,743.37,743.37,2023-05-14 20:16:22
MXP,Iaundé,Camarões,2023,9,743.39,765.6255,777.875,2023-05-14 20:16:22
MXP,Greensboro,Estados Unidos,2023,5,743.51,745.288,745.95,2023-05-14 20:16:22
MXP,Tulsa,Estados Unidos,2023,9,743.58,745.6227272727273,743.99,2023-05-14 20:16:22
MXP,West Palm Beach,Estados Unidos,2023,7,744.35,1063.28375,922.95,2023-05-14 20:16:22
MXP,Kota Kinabalu,Malásia,2023,5,744.6,843.03,836.46,2023-05-14 20:16:22
MXP,Kuala Lumpur,Malásia,2023,7,744.84,975.1330434782609,1027.53,2023-05-14 20:16:22
MXP,Surate,Índia,2023,5,744.86,745.5218181818182,745.56,2023-05-14 20:16:22
MXP,College Station,Estados Unidos,2023,11,744.88,747.162,747.3399999999999,2023-05-14 20:16:22
MXP,Oakland,Estados Unidos,2023,9,744.88,970.1872972972973,995.87,2023-05-14 20:16:22
MXP,Denpasar,Indonésia,2023,8,745.17,1364.6255555555556,1159.49,2023-05-14 20:16:22
MXP,Libreville,Gabão,2023,2,745.26,1966.271052631579,788.06,2023-05-14 20:16:22
MXP,Pequim,China,2023,7,745.65,1048.6790909090907,1083.72,2023-05-14 20:16:22
MXP,Buffalo,Estados Unidos,2023,8,745.89,915.6919047619047,942.28,2023-05-14 20:16:22
MXP,Lusaka,Zâmbia,2023,7,745.98,973.7559999999999,1085.53,2023-05-14 20:16:22
MXP,Moroni,Comores,2023,4,746.18,858.1281818181818,848.86,2023-05-14 20:16:22
MXP,Jibuti,Djibuti,2023,10,746.18,747.4616666666667,747.74,2023-05-14 20:16:22
MXP,Taipé,Taiwan,2023,2,746.25,746.442,746.57,2023-05-14 20:16:22
MXP,Everett,Estados Unidos,2023,4,746.29,915.2377777777778,913.94,2023-05-14 20:16:22
MXP,Providenciales,Ilhas Turcas e Caicos,2023,2,746.65,913.100588235294,812.42,2023-05-14 20:16:22
MXP,Arusha,Tanzânia,2023,8,747.5,1306.9725581395348,1247.34,2023-05-14 20:16:22
MXP,Grand Rapids,Estados Unidos,2023,3,747.56,816.33875,847.88,2023-05-14 20:16:22
MXP,Foz do Iguaçu,Brasil,2023,11,747.74,986.893,749.095,2023-05-14 20:16:22
MXP,Rapid City,Estados Unidos,2023,6,747.79,2161.004545454545,2157.185,2023-05-14 20:16:22
MXP,Wichita,Estados Unidos,2023,3,748.14,1236.6095652173913,1350.87,2023-05-14 20:16:22
MXP,Hancock,Estados Unidos,2023,3,748.24,815.4963636363638,821.61,2023-05-14 20:16:22
MXP,Thiruvananthapuram,Índia,2023,10,748.48,782.69625,748.835,2023-05-14 20:16:22
MXP,Providence,Estados Unidos,2023,5,748.52,955.8234375,845.71,2023-05-14 20:16:22
MXP,Moline,Estados Unidos,2023,5,748.59,850.4711764705883,938.57,2023-05-14 20:16:22
MXP,Aurangabad,Índia,2023,2,748.64,749.6588888888889,750.41,2023-05-14 20:16:22
MXP,Brasília,Brasil,2023,3,748.66,924.6677777777778,889.97,2023-05-14 20:16:22
MXP,Springfield,Estados Unidos,2024,1,748.76,749.1542857142857,748.77,2023-05-14 20:16:22
MXP,Sacramento,Estados Unidos,2023,2,749.01,797.5932558139535,781.61,2023-05-14 20:16:22
MXP,Maceió,Brasil,2023,6,749.02,888.4797222222222,875.37,2023-05-14 20:16:22
MXP,Varanasi,Índia,2023,5,749.24,782.8238888888889,783.415,2023-05-14 20:16:22
MXP,San Pedro,Honduras,2023,4,749.34,1020.455588235294,775.2,2023-05-14 20:16:22
MXP,Fukuoka,Japão,2024,1,749.42,750.76,750.76,2023-05-14 20:16:22
MXP,Atyrau,Cazaquistão,2023,2,749.56,843.302,751.65,2023-05-14 20:16:22
MXP,Gaborone,Botsuana,2023,4,749.61,792.385,768.37,2023-05-14 20:16:22
MXP,Belém,Brasil,2023,2,749.72,925.2611999999999,777.08,2023-05-14 20:16:22
MXP,Rio de Janeiro,Brasil,2023,6,749.78,852.0718918918919,841.58,2023-05-14 20:16:22
MXP,Mangalore,Índia,2023,9,749.81,749.89,749.93,2023-05-14 20:16:22
MXP,Surate,Índia,2023,4,749.81,749.89,749.93,2023-05-14 20:16:22
MXP,Urgench,Uzbequistão,2023,10,749.84,751.0583333333334,749.84,2023-05-14 20:16:22
MXP,Seattle,Estados Unidos,2023,1,749.93,826.54,826.54,2023-05-14 20:16:22
MXP,Cantão,China,2023,2,750.08,1019.4366666666666,1020.14,2023-05-14 20:16:22
MXP,Vishakhapatnam,Índia,2023,6,750.18,750.18,750.18,2023-05-14 20:16:22
MXP,Appleton,Estados Unidos,2023,5,750.18,1079.639,862.28,2023-05-14 20:16:22
MXP,Guadalajara,México,2024,2,750.2,750.42375,750.455,2023-05-14 20:16:22
MXP,Vilanculos,Moçambique,2023,6,750.29,752.7975,752.4749999999999,2023-05-14 20:16:22
MXP,Joanesburgo,África do Sul,2023,7,750.3,1096.11375,910.38,2023-05-14 20:16:22
MXP,Taipé,Taiwan,2024,2,750.47,774.322,752.02,2023-05-14 20:16:22
MXP,Reno,Estados Unidos,2023,2,750.64,764.1952380952381,773.42,2023-05-14 20:16:22
MXP,Guadalajara,México,2023,10,750.93,752.7075,753.3,2023-05-14 20:16:22
MXP,Kota Kinabalu,Malásia,2023,12,751.03,1719.1152631578946,1351.61,2023-05-14 20:16:22
MXP,Providenciales,Ilhas Turcas e Caicos,2023,5,751.4,948.635,904.04,2023-05-14 20:16:22
MXP,Pequim,China,2023,8,751.42,1109.1712499999999,1162.055,2023-05-14 20:16:22
MXP,Windhoek,Namíbia,2023,11,751.56,803.6,820.9300000000001,2023-05-14 20:16:22
MXP,South Bend,Estados Unidos,2023,4,751.57,937.6709999999999,983.02,2023-05-14 20:16:22
MXP,Cartagena,Colômbia,2023,3,751.65,1007.0408620689656,908.33,2023-05-14 20:16:22
MXP,Port Blair,Índia,2023,6,751.67,885.4051724137931,912.76,2023-05-14 20:16:22
MXP,Cidade do Kansas,Estados Unidos,2023,5,751.67,877.686507936508,882.03,2023-05-14 20:16:22
MXP,Des Moines,Estados Unidos,2023,6,751.87,996.0974603174603,1057.72,2023-05-14 20:16:22
MXP,Columbus,Estados Unidos,2024,1,751.89,755.97,757.33,2023-05-14 20:16:22
MXP,Freetown,Serra Leoa,2023,5,751.94,1047.7338461538461,1210.73,2023-05-14 20:16:22
MXP,Tabuk,Arábia Saudita,2023,8,751.96,751.96,751.96,2023-05-14 20:16:22
MXP,Oral,Cazaquistão,2023,2,752.31,753.2063636363637,752.63,2023-05-14 20:16:22
MXP,Lahore,Paquistão,2023,7,752.37,782.2957142857142,752.37,2023-05-14 20:16:22
MXP,Hamilton,Bermudas,2023,11,752.58,753.6977777777778,753.29,2023-05-14 20:16:22
MXP,Natal,Brasil,2023,10,752.78,1249.9731578947367,831.68,2023-05-14 20:16:22
MXP,Guadalajara,México,2023,2,752.89,845.7719999999999,773.41,2023-05-14 20:16:22
MXP,Svolvær,Noruega,2023,12,753.19,755.1633333333333,753.51,2023-05-14 20:16:22
MXP,Wenzhou,China,2023,2,753.49,1423.7761538461539,1568.22,2023-05-14 20:16:22
MXP,Bozeman,Estados Unidos,2023,3,753.6,778.6086363636364,782.345,2023-05-14 20:16:22
MXP,Gaborone,Botsuana,2023,5,753.63,789.4449999999999,807.73,2023-05-14 20:16:22
MXP,Assiut,Egito,2023,7,753.77,755.739090909091,756.23,2023-05-14 20:16:22
MXP,Harrisburg,Estados Unidos,2023,12,753.97,756.287,756.4649999999999,2023-05-14 20:16:22
MXP,Raleigh,Estados Unidos,2023,7,754.57,755.8737500000001,755.8900000000001,2023-05-14 20:16:22
MXP,Siem Reap,Cambodja,2023,11,754.67,911.4894736842105,758.53,2023-05-14 20:16:22
MXP,Fargo,Estados Unidos,2023,4,754.78,764.2014285714286,754.78,2023-05-14 20:16:22
MXP,Saint John's,Antígua e Barbuda,2024,2,754.83,820.2312903225807,769.38,2023-05-14 20:16:22
MXP,Porto Alegre,Brasil,2023,5,755.1,1835.89397260274,1171.58,2023-05-14 20:16:22
MXP,Kingston,Jamaica,2023,5,755.95,985.4995652173914,1015.37,2023-05-14 20:16:22
MXP,Boise,Estados Unidos,2023,2,755.98,757.010909090909,757.28,2023-05-14 20:16:22
MXP,Pune,Índia,2023,2,755.98,756.8772727272727,756.3,2023-05-14 20:16:22
MXP,Kinshasa,República Democrática do Congo,2023,9,756.03,758.912,759.38,2023-05-14 20:16:22
MXP,Saint George.s,Granada,2023,11,756.15,756.15,756.15,2023-05-14 20:16:22
MXP,Oranjestad,Aruba,2023,11,756.36,953.3002857142858,839.34,2023-05-14 20:16:22
MXP,San Pedro,Honduras,2023,3,756.96,808.5486046511629,793.85,2023-05-14 20:16:22
MXP,San José del Cabo,México,2023,2,757.09,873.4536363636363,805.41,2023-05-14 20:16:22
MXP,Key West,Estados Unidos,2023,8,757.15,765.8116666666666,757.87,2023-05-14 20:16:22
MXP,Bozeman,Estados Unidos,2023,4,757.41,869.3040000000001,957.11,2023-05-14 20:16:22
MXP,Moline,Estados Unidos,2023,4,757.45,783.2876271186441,766.04,2023-05-14 20:16:22
MXP,Shreveport,Estados Unidos,2023,4,757.58,760.0255555555556,757.99,2023-05-14 20:16:22
MXP,Curitiba,Brasil,2023,4,757.82,1009.7344303797469,999.34,2023-05-14 20:16:22
MXP,Palm Springs,Estados Unidos,2023,4,757.82,922.3727272727273,884.33,2023-05-14 20:16:22
MXP,Bridgetown,Barbados,2024,1,758.09,861.8456521739131,895.18,2023-05-14 20:16:22
MXP,Al ‘Ulá,Arábia Saudita,2023,10,758.17,837.1566666666666,761.65,2023-05-14 20:16:22
MXP,Florença,Itália,2023,1,758.2,759.23875,759.85,2023-05-14 20:16:22
MXP,Portland,Estados Unidos,2023,7,758.2,1232.0857894736844,1237.43,2023-05-14 20:16:22
MXP,Medan,Indonésia,2023,10,758.45,776.164,777.8,2023-05-14 20:16:22
MXP,Tyler,Estados Unidos,2023,3,758.5,762.9744444444445,765.52,2023-05-14 20:16:22
MXP,Cap Skirring,Senegal,2023,3,759.08,759.266,759.08,2023-05-14 20:16:22
MXP,Denpasar,Indonésia,2023,12,759.16,1159.2242857142858,1165.04,2023-05-14 20:16:22
MXP,Teresina,Brasil,2023,9,759.29,761.4649999999999,761.76,2023-05-14 20:16:22
MXP,Nagóia,Japão,2024,1,759.38,759.986,760.39,2023-05-14 20:16:22
MXP,Lerwick,Reino Unido,2023,7,759.69,783.8644444444444,762.68,2023-05-14 20:16:22
MXP,Fayetteville,Estados Unidos,2023,5,759.85,762.8679999999999,763.16,2023-05-14 20:16:22
MXP,Seattle,Estados Unidos,2023,6,760.43,840.42,760.44,2023-05-14 20:16:22
MXP,Natal,Brasil,2023,4,760.52,959.3337735849057,986.14,2023-05-14 20:16:22
MXP,Baton Rouge,Estados Unidos,2023,5,760.57,911.4264285714286,762.2,2023-05-14 20:16:22
MXP,Cuzco,Perú,2023,3,760.69,1005.4333333333334,926.78,2023-05-14 20:16:22
MXP,Osaka,Japão,2023,12,760.78,864.6666666666666,833.75,2023-05-14 20:16:22
MXP,Spokane,Estados Unidos,2023,8,761.0,776.163,762.61,2023-05-14 20:16:22
MXP,Antananarivo,Madagáscar,2024,3,761.17,768.27,762.72,2023-05-14 20:16:22
MXP,Cebu,Filipinas,2024,2,761.27,764.0699999999999,763.97,2023-05-14 20:16:22
MXP,Hamilton,Bermudas,2023,3,761.44,835.949111111111,832.6,2023-05-14 20:16:22
MXP,Abuja,Nigéria,2023,4,761.58,761.58,761.58,2023-05-14 20:16:22
MXP,Cotonou,Benin,2023,7,761.72,798.5500000000001,810.04,2023-05-14 20:16:22
MXP,Saint John's,Antígua e Barbuda,2023,12,761.78,1295.5394029850747,1115.3,2023-05-14 20:16:22
MXP,Exeter,Reino Unido,2023,7,762.62,762.65,762.65,2023-05-14 20:16:22
MXP,Simpson Bay,São Martinho (Sint Maarten),2023,1,762.62,923.191052631579,939.85,2023-05-14 20:16:22
MXP,Recife,Brasil,2023,12,762.64,900.0647368421053,940.04,2023-05-14 20:16:22
MXP,Santiago,República Dominicana,2024,1,762.85,763.7,763.1,2023-05-14 20:16:22
MXP,Libreville,Gabão,2024,1,762.93,763.0166666666665,763.06,2023-05-14 20:16:22
MXP,Curitiba,Brasil,2023,11,763.04,782.2977777777777,781.21,2023-05-14 20:16:22
MXP,Guadalajara,México,2024,1,763.36,764.9499999999999,763.36,2023-05-14 20:16:22
MXP,Guadalajara,México,2023,5,763.37,849.3170588235294,793.19,2023-05-14 20:16:22
MXP,Puerto Vallarta,México,2024,1,763.48,766.5060000000001,766.8,2023-05-14 20:16:22
MXP,Mombaça,Quénia,2023,2,763.64,784.7933333333334,763.64,2023-05-14 20:16:22
MXP,Guwahati,Índia,2023,3,763.71,764.583,764.7049999999999,2023-05-14 20:16:22
MXP,Quito,Equador,2023,10,763.84,1042.0279310344827,843.87,2023-05-14 20:16:22
MXP,Penang,Malásia,2023,5,763.87,804.5375,811.74,2023-05-14 20:16:22
MXP,Nova Orleães,Estados Unidos,2023,12,764.25,765.658,766.01,2023-05-14 20:16:22
MXP,Edmonton,Canadá,2023,5,764.27,831.1132142857142,781.665,2023-05-14 20:16:22
MXP,Oranjestad,Aruba,2023,5,765.36,1012.1032608695652,985.27,2023-05-14 20:16:22
MXP,Katmandu,Nepal,2023,8,765.54,1163.0182142857143,1101.8,2023-05-14 20:16:22
MXP,Cidade do Panamá,Panamá,2023,7,765.54,942.3675000000001,946.855,2023-05-14 20:16:22
MXP,Guadalajara,México,2023,3,765.67,972.0791666666668,896.715,2023-05-14 20:16:22
MXP,Srinagar,Índia,2023,6,765.72,766.7941666666667,765.82,2023-05-14 20:16:22
MXP,Pemba,Moçambique,2023,5,765.76,766.0855555555555,765.8,2023-05-14 20:16:22
MXP,Castries,Santa Lúcia,2023,2,765.79,1062.2435483870968,1112.94,2023-05-14 20:16:22
MXP,Cidade do Cabo,África do Sul,2023,7,766.01,923.7928571428572,977.3,2023-05-14 20:16:22
MXP,Koh Samui,Tailândia,2023,5,766.01,874.271818181818,849.51,2023-05-14 20:16:22
MXP,Honolulu,Estados Unidos,2023,11,766.28,806.6320689655172,798.35,2023-05-14 20:16:22
MXP,Saint-Denis,Ilha da Reunião,2023,6,766.36,1001.4578947368421,918.9,2023-05-14 20:16:22
MXP,Al ‘Ulá,Arábia Saudita,2023,6,766.47,766.534,766.47,2023-05-14 20:16:22
MXP,Longview,Estados Unidos,2023,3,766.7,771.2255555555555,773.8,2023-05-14 20:16:22
MXP,Samarcanda,Uzbequistão,2023,7,766.91,820.7881818181818,783.14,2023-05-14 20:16:22
MXP,Fort-de-France,Martinica,2024,1,767.05,777.7913333333332,781.14,2023-05-14 20:16:22
MXP,Siālkot,Paquistão,2024,4,767.38,767.4325,767.45,2023-05-14 20:16:22
MXP,Manaus,Brasil,2023,10,767.56,769.7707692307692,770.6,2023-05-14 20:16:22
MXP,Manila,Filipinas,2023,7,767.71,881.895,767.71,2023-05-14 20:16:22
MXP,Kota Bharu,Malásia,2023,3,767.93,919.735,995.44,2023-05-14 20:16:22
MXP,Cantão,China,2023,4,768.14,1263.6621978021979,1084.67,2023-05-14 20:16:22
MXP,Islamabad,Paquistão,2023,1,768.21,768.21,768.21,2023-05-14 20:16:22
MXP,Koh Samui,Tailândia,2024,1,768.25,814.495,815.0999999999999,2023-05-14 20:16:22
MXP,Pointe-Noire,República do Congo,2023,4,768.48,810.0348837209302,790.48,2023-05-14 20:16:22
MXP,Killeen,Estados Unidos,2023,3,768.51,864.4926666666667,907.87,2023-05-14 20:16:22
MXP,Honolulu,Estados Unidos,2023,10,768.58,843.3534999999999,826.88,2023-05-14 20:16:22
MXP,Honolulu,Estados Unidos,2023,9,768.58,849.3274137931035,827.6,2023-05-14 20:16:22
MXP,Guadalajara,México,2023,11,768.62,768.62,768.62,2023-05-14 20:16:22
MXP,Khasab,Omã,2023,11,768.97,860.5838095238096,772.71,2023-05-14 20:16:22
MXP,Bucara,Uzbequistão,2023,5,769.12,892.6238235294118,913.82,2023-05-14 20:16:22
MXP,Tóquio,Japão,2023,9,769.24,871.1261764705882,871.94,2023-05-14 20:16:22
MXP,Abbotsford,Canadá,2023,9,769.25,1048.870357142857,920.28,2023-05-14 20:16:22
MXP,Harare,Zimbábue,2023,7,769.37,910.0278571428571,986.46,2023-05-14 20:16:22
MXP,Honolulu,Estados Unidos,2023,3,769.81,958.5630303030302,853.43,2023-05-14 20:16:22
MXP,Hat Yai,Tailândia,2023,5,770.25,827.4472222222222,809.46,2023-05-14 20:16:22
MXP,El Paso,Estados Unidos,2023,10,770.45,1278.3614,1354.7,2023-05-14 20:16:22
MXP,Tânger,Marrocos,2023,1,770.47,806.14,806.14,2023-05-14 20:16:22
MXP,Kahului,Estados Unidos,2023,3,770.48,834.9639285714285,806.82,2023-05-14 20:16:22
MXP,Jibuti,Djibuti,2023,3,770.56,783.1750000000001,775.03,2023-05-14 20:16:22
MXP,Querétaro,México,2023,10,770.66,771.1949999999999,770.8199999999999,2023-05-14 20:16:22
MXP,Corpus Christi,Estados Unidos,2023,3,771.06,771.06,771.06,2023-05-14 20:16:22
MXP,Krabi,Tailândia,2023,6,771.3,849.6529166666666,795.8599999999999,2023-05-14 20:16:22
MXP,Khasab,Omã,2023,9,771.98,772.5433333333334,771.98,2023-05-14 20:16:22
MXP,Pensacola,Estados Unidos,2023,12,772.08,789.6333333333333,772.55,2023-05-14 20:16:22
MXP,Flint,Estados Unidos,2023,4,772.16,812.9836363636364,812.395,2023-05-14 20:16:22
MXP,Milwaukee,Estados Unidos,2023,7,772.17,804.3868421052631,780.68,2023-05-14 20:16:22
MXP,Faisalabad,Paquistão,2023,4,772.46,1114.9697142857144,1259.8,2023-05-14 20:16:22
MXP,Sacramento,Estados Unidos,2023,3,772.47,1705.591875,773.5,2023-05-14 20:16:22
MXP,Assunção,Paraguai,2023,5,772.75,1287.2756,1293.4250000000002,2023-05-14 20:16:22
MXP,Saint George.s,Granada,2023,3,772.79,821.3278571428572,832.78,2023-05-14 20:16:22
MXP,Coimbatore,Índia,2023,3,772.79,949.9666666666666,979.17,2023-05-14 20:16:22
MXP,Montevidéu,Uruguai,2023,3,772.82,1129.2158181818181,937.14,2023-05-14 20:16:22
MXP,Kigali,Ruanda,2023,2,772.9,1065.5193333333334,824.07,2023-05-14 20:16:22
MXP,Campo Grande,Brasil,2023,3,773.0,775.789,775.45,2023-05-14 20:16:22
MXP,Pointe-Noire,República do Congo,2023,6,773.36,838.5532000000001,776.3,2023-05-14 20:16:22
MXP,Orlando,Estados Unidos,2023,8,773.44,891.8583333333332,873.9200000000001,2023-05-14 20:16:22
MXP,Sault Sainte Marie (Michigan),Estados Unidos,2023,2,773.72,775.449,776.33,2023-05-14 20:16:22
MXP,Sault Ste Marie,Canadá,2023,2,773.72,775.449,776.33,2023-05-14 20:16:22
MXP,Punta Arenas,Chile,2023,3,773.74,1141.371851851852,931.76,2023-05-14 20:16:22
MXP,Sioux Falls,Estados Unidos,2023,5,773.92,776.6725,776.49,2023-05-14 20:16:22
MXP,Boise,Estados Unidos,2023,3,774.0,779.9836363636364,780.85,2023-05-14 20:16:22
MXP,Kota Kinabalu,Malásia,2023,7,774.0,1008.4467741935483,970.3,2023-05-14 20:16:22
MXP,Curitiba,Brasil,2023,3,774.21,918.5465822784811,895.82,2023-05-14 20:16:22
MXP,Seattle,Estados Unidos,2023,8,774.27,819.5453333333334,809.16,2023-05-14 20:16:22
MXP,Belo Horizonte,Brasil,2023,5,774.32,1023.1647191011236,978.93,2023-05-14 20:16:22
MXP,Navegantes,Brasil,2023,3,774.66,3048.9646875,977.22,2023-05-14 20:16:22
MXP,Surabaia,Indonésia,2023,3,774.92,800.4731818181818,801.4300000000001,2023-05-14 20:16:22
MXP,Porto Alegre,Brasil,2023,3,775.13,2404.811875,1014.88,2023-05-14 20:16:22
MXP,Aktobe,Cazaquistão,2023,9,775.17,779.439,779.77,2023-05-14 20:16:22
MXP,Samarcanda,Uzbequistão,2023,1,775.57,776.36625,776.745,2023-05-14 20:16:22
MXP,Vijayawada,Índia,2023,2,775.75,777.822,778.09,2023-05-14 20:16:22
MXP,Nagpur,Índia,2023,2,776.17,796.8007142857142,801.35,2023-05-14 20:16:22
MXP,Lusaka,Zâmbia,2023,2,776.17,796.1141176470588,778.0,2023-05-14 20:16:22
MXP,Tóquio,Japão,2023,3,776.31,1232.0666666666666,1141.67,2023-05-14 20:16:22
MXP,Kigali,Ruanda,2023,7,776.43,1050.8946153846155,873.14,2023-05-14 20:16:22
MXP,Belo Horizonte,Brasil,2023,3,776.52,1091.0235238095238,1043.87,2023-05-14 20:16:22
MXP,La Paz,Bolívia,2023,11,776.9,778.2760000000001,778.62,2023-05-14 20:16:22
MXP,Manaus,Brasil,2023,5,776.99,1040.2447272727272,1043.51,2023-05-14 20:16:22
MXP,Al Qurayyāt,Arábia Saudita,2023,5,777.13,777.595,777.67,2023-05-14 20:16:22
MXP,Coxen Hole,Honduras,2023,3,777.15,922.0046666666666,778.19,2023-05-14 20:16:22
MXP,Libreville,Gabão,2023,6,777.49,777.49,777.49,2023-05-14 20:16:22
MXP,Hat Yai,Tailândia,2023,4,777.61,1020.0265853658535,906.48,2023-05-14 20:16:22
MXP,Antananarivo,Madagáscar,2024,2,778.04,807.9825,779.9300000000001,2023-05-14 20:16:22
MXP,Khasab,Omã,2023,3,778.12,860.0663333333333,801.88,2023-05-14 20:16:22
MXP,Espargos,Cabo Verde,2023,8,778.55,892.3672222222223,854.245,2023-05-14 20:16:22
MXP,Palm Springs,Estados Unidos,2023,12,778.55,781.3688888888888,783.09,2023-05-14 20:16:22
MXP,Vientiane,Laos,2024,1,778.62,778.7525,778.62,2023-05-14 20:16:22
MXP,Salt Lake City,Estados Unidos,2023,6,778.65,1060.502105263158,1168.18,2023-05-14 20:16:22
MXP,Kigali,Ruanda,2023,11,778.66,778.785,778.785,2023-05-14 20:16:22
MXP,Osaka,Japão,2023,11,778.71,893.7610000000001,869.76,2023-05-14 20:16:22
MXP,Traverse City,Estados Unidos,2023,5,778.83,779.7511111111112,780.48,2023-05-14 20:16:22
MXP,Huntsville,Estados Unidos,2023,8,778.95,788.4078571428572,781.11,2023-05-14 20:16:22
MXP,Libéria,Costa Rica,2023,8,779.02,1064.976923076923,780.06,2023-05-14 20:16:22
MXP,Khasab,Omã,2023,10,779.44,821.1959459459459,803.18,2023-05-14 20:16:22
MXP,Comayagua,Honduras,2024,1,779.69,782.299,783.4849999999999,2023-05-14 20:16:22
MXP,Cataratas Vitória,Zimbábue,2023,3,779.78,904.2942307692308,959.97,2023-05-14 20:16:22
MXP,Chiang Mai,Tailândia,2023,8,780.06,1007.8618604651163,948.84,2023-05-14 20:16:22
MXP,Surabaia,Indonésia,2023,10,780.07,781.775,780.88,2023-05-14 20:16:22
MXP,Sioux City,Estados Unidos,2023,6,780.38,788.0166666666668,787.6,2023-05-14 20:16:22
MXP,Gaborone,Botsuana,2023,3,781.0,819.1352380952382,822.88,2023-05-14 20:16:22
MXP,Recife,Brasil,2024,1,781.01,781.8299999999999,781.01,2023-05-14 20:16:22
MXP,Omaha,Estados Unidos,2023,8,781.25,937.8977083333334,976.8800000000001,2023-05-14 20:16:22
MXP,Albuquerque,Estados Unidos,2023,9,781.39,781.4457142857143,781.39,2023-05-14 20:16:22
MXP,Balikpapan,Indonésia,2024,2,781.41,783.9366666666666,785.2,2023-05-14 20:16:22
MXP,Davao,Filipinas,2024,2,781.43,782.2077777777778,781.44,2023-05-14 20:16:22
MXP,Katmandu,Nepal,2023,7,781.5,862.6991666666667,784.5,2023-05-14 20:16:22
MXP,Chandigarh,Índia,2023,3,782.03,786.0252631578948,785.99,2023-05-14 20:16:22
MXP,Thal,Suíça,2023,6,782.24,786.5391666666666,787.68,2023-05-14 20:16:22
MXP,Blantyre,Malaui,2023,5,782.41,910.028,785.38,2023-05-14 20:16:22
MXP,Jacarta,Indonésia,2023,8,782.53,2277.394255319149,1222.12,2023-05-14 20:16:22
MXP,Denpasar,Indonésia,2023,1,782.88,782.88,782.88,2023-05-14 20:16:22
MXP,Oakland,Estados Unidos,2023,8,783.01,1138.4253846153845,1279.87,2023-05-14 20:16:22
MXP,Santa Barbara,Estados Unidos,2023,10,783.01,784.445,784.72,2023-05-14 20:16:22
MXP,Libéria,Costa Rica,2023,4,783.1,1104.3964615384616,1042.19,2023-05-14 20:16:22
MXP,San Luis Obispo,Estados Unidos,2023,9,783.11,787.7322222222223,790.36,2023-05-14 20:16:22
MXP,Alta,Noruega,2023,5,783.48,785.2108333333334,784.02,2023-05-14 20:16:22
MXP,Calgary,Canadá,2023,8,783.51,1024.4850000000001,981.76,2023-05-14 20:16:22
MXP,Natal,Brasil,2023,3,783.64,1026.7157352941176,1058.75,2023-05-14 20:16:22
MXP,Koh Samui,Tailândia,2023,9,783.95,949.4793548387097,935.8,2023-05-14 20:16:22
MXP,Puerto Vallarta,México,2023,12,784.11,784.11,784.11,2023-05-14 20:16:22
MXP,Filadélfia,Estados Unidos,2023,8,784.42,784.42,784.42,2023-05-14 20:16:22
MXP,Durban,África do Sul,2023,7,784.5,978.6117241379311,995.37,2023-05-14 20:16:22
MXP,Hohhot,China,2023,4,784.63,1051.9884615384615,1099.945,2023-05-14 20:16:22
MXP,Mwanza,Tanzânia,2023,6,784.84,1027.9708571428573,1010.69,2023-05-14 20:16:22
MXP,Rochester,Estados Unidos,2023,6,784.86,868.5757142857143,905.01,2023-05-14 20:16:22
MXP,Buffalo,Estados Unidos,2023,12,785.29,785.4275,785.29,2023-05-14 20:16:22
MXP,Córdova,Argentina,2023,6,785.29,1213.091111111111,898.46,2023-05-14 20:16:22
MXP,Monterrei,México,2023,5,785.31,844.8703448275862,805.68,2023-05-14 20:16:22
MXP,Brasília,Brasil,2023,6,785.64,1013.8010185185185,930.93,2023-05-14 20:16:22
MXP,Koh Samui,Tailândia,2023,6,785.64,942.3725862068966,903.33,2023-05-14 20:16:22
MXP,Sukhothai,Tailândia,2023,5,785.83,789.5483333333333,790.35,2023-05-14 20:16:22
MXP,Urgench,Uzbequistão,2023,9,785.83,830.9485714285714,839.45,2023-05-14 20:16:22
MXP,Fort-de-France,Martinica,2023,8,785.95,1298.7690476190478,1334.76,2023-05-14 20:16:22
MXP,San Jose,Estados Unidos,2023,8,786.1,939.5749999999999,896.935,2023-05-14 20:16:22
MXP,Ulã Bator,Mongólia,2023,6,786.12,1035.764736842105,1092.79,2023-05-14 20:16:22
MXP,Jibuti,Djibuti,2023,2,786.37,973.375,973.375,2023-05-14 20:16:22
MXP,Jackson,Estados Unidos,2023,5,786.41,1006.374107142857,1095.42,2023-05-14 20:16:22
MXP,Libéria,Costa Rica,2023,9,786.54,845.23,788.15,2023-05-14 20:16:22
MXP,Pointe-à-Pitre,Guadalupe,2024,2,786.68,786.7199999999999,786.71,2023-05-14 20:16:22
MXP,Santiago,República Dominicana,2023,10,786.78,787.99,787.99,2023-05-14 20:16:22
MXP,Monterrei,México,2023,4,786.96,1201.189756097561,1175.36,2023-05-14 20:16:22
MXP,Gaborone,Botsuana,2023,6,787.33,788.6808333333333,788.97,2023-05-14 20:16:22
MXP,Cidade da Guatemala,Guatemala,2023,10,787.69,957.99875,1011.9,2023-05-14 20:16:22
MXP,Pointe-Noire,República do Congo,2023,2,787.69,789.33125,789.02,2023-05-14 20:16:22
MXP,Tashkent,Uzbequistão,2024,4,787.9,787.9,787.9,2023-05-14 20:16:22
MXP,San José del Cabo,México,2023,9,788.25,953.6999999999999,1002.34,2023-05-14 20:16:22
MXP,Ottawa,Canadá,2023,7,788.29,788.5766666666666,788.31,2023-05-14 20:16:22
MXP,Puerto Escondido,México,2024,2,788.5,790.733,790.55,2023-05-14 20:16:22
MXP,Cidade de Ho Chi Minh,Vietname,2023,3,788.52,1111.87661971831,965.56,2023-05-14 20:16:22
MXP,Pune,Índia,2023,4,789.44,810.1,810.1,2023-05-14 20:16:22
MXP,Kota Kinabalu,Malásia,2023,9,789.51,836.3676923076923,831.17,2023-05-14 20:16:22
MXP,Addu City,Maldivas,2024,3,789.6,789.7611111111112,789.61,2023-05-14 20:16:22
MXP,San José del Cabo,México,2024,1,789.64,797.1977777777778,792.65,2023-05-14 20:16:22
MXP,Bogotá,Colômbia,2024,4,789.96,900.0566666666667,921.99,2023-05-14 20:16:22
MXP,Vólos,Grécia,2023,9,790.02,1144.4813636363635,852.08,2023-05-14 20:16:22
MXP,San Antonio,Estados Unidos,2023,10,790.39,794.2845454545454,795.9,2023-05-14 20:16:22
MXP,Amarillo,Estados Unidos,2023,5,790.39,828.4438461538462,793.05,2023-05-14 20:16:22
MXP,Lilongwe,Malaui,2023,9,790.41,807.28125,815.16,2023-05-14 20:16:22
MXP,Belém,Brasil,2023,5,790.47,1003.0992857142858,1018.32,2023-05-14 20:16:22
MXP,Hyderabad,Índia,2023,7,790.5,793.4033333333333,790.5,2023-05-14 20:16:22
MXP,Polokwane,África do Sul,2023,11,790.54,791.4583333333334,790.65,2023-05-14 20:16:22
MXP,Richmond,Estados Unidos,2023,8,790.79,1138.6841176470589,1442.45,2023-05-14 20:16:22
MXP,Tarapoto,Perú,2023,4,791.03,1107.9537500000001,1152.91,2023-05-14 20:16:22
MXP,Anchorage,Estados Unidos,2023,4,791.32,862.2224242424243,857.78,2023-05-14 20:16:22
MXP,San José del Cabo,México,2023,3,791.34,901.4266071428572,842.075,2023-05-14 20:16:22
MXP,Fresno,Estados Unidos,2023,3,791.48,791.48,791.48,2023-05-14 20:16:22
MXP,Palm Springs,Estados Unidos,2023,10,791.57,839.8594545454545,829.08,2023-05-14 20:16:22
MXP,Cantão,China,2023,7,791.59,1060.9658333333334,1175.36,2023-05-14 20:16:22
MXP,Bogotá,Colômbia,2023,6,791.69,912.4513043478262,919.11,2023-05-14 20:16:22
MXP,Memphis,Estados Unidos,2023,6,792.23,1175.8238461538463,800.96,2023-05-14 20:16:22
MXP,Angeles City,Filipinas,2024,2,792.55,795.1166666666667,796.4,2023-05-14 20:16:22
MXP,Cebu,Filipinas,2023,10,792.68,965.3127777777778,964.825,2023-05-14 20:16:22
MXP,Regina,Canadá,2023,5,792.71,799.337,799.6700000000001,2023-05-14 20:16:22
MXP,Honolulu,Estados Unidos,2023,12,792.78,898.146923076923,796.3,2023-05-14 20:16:22
MXP,Montevidéu,Uruguai,2023,12,792.81,989.8906896551724,846.65,2023-05-14 20:16:22
MXP,Quito,Equador,2023,2,793.01,1310.3176923076924,1230.9,2023-05-14 20:16:22
MXP,Saint John's,Antígua e Barbuda,2023,2,793.12,1203.8694117647058,1481.89,2023-05-14 20:16:22
MXP,Al ‘Ulá,Arábia Saudita,2023,8,793.3,793.866,793.4,2023-05-14 20:16:22
MXP,Bucara,Uzbequistão,2023,6,793.67,843.551052631579,887.17,2023-05-14 20:16:22
MXP,Assuão,Egito,2023,9,793.79,794.6389999999999,794.795,2023-05-14 20:16:22
MXP,Spokane,Estados Unidos,2023,3,793.87,1166.9152380952382,799.42,2023-05-14 20:16:22
MXP,Salt Lake City,Estados Unidos,2023,8,793.89,982.1455555555555,926.05,2023-05-14 20:16:22
MXP,Honolulu,Estados Unidos,2023,1,794.04,794.905,794.905,2023-05-14 20:16:22
MXP,Florianópolis,Brasil,2023,11,794.18,820.5776,803.22,2023-05-14 20:16:22
MXP,Bozeman,Estados Unidos,2024,1,794.64,814.77,800.36,2023-05-14 20:16:22
MXP,Brasília,Brasil,2023,12,794.78,829.4664285714287,854.7,2023-05-14 20:16:22
MXP,Praya,Indonésia,2023,11,794.78,858.4223529411765,899.13,2023-05-14 20:16:22
MXP,Houston,Estados Unidos,2023,1,794.96,794.96,794.96,2023-05-14 20:16:22
MXP,Foz do Iguaçu,Brasil,2023,4,795.01,1214.9614893617022,1223.95,2023-05-14 20:16:22
MXP,Cozumel,México,2023,4,795.05,1132.7604054054054,1078.35,2023-05-14 20:16:22
MXP,Mérida,México,2024,2,795.24,797.3625000000001,798.07,2023-05-14 20:16:22
MXP,Xangai,China,2023,7,795.27,937.3922222222221,903.21,2023-05-14 20:16:22
MXP,Phnom Penh,Cambodja,2023,3,795.43,1035.5059999999999,1017.32,2023-05-14 20:16:22
MXP,Luanda,Angola,2023,8,795.46,876.6595833333334,854.82,2023-05-14 20:16:22
MXP,Monterrei,México,2023,2,795.56,904.6409677419355,853.77,2023-05-14 20:16:22
MXP,Fortaleza,Brasil,2024,3,795.6,796.1,796.35,2023-05-14 20:16:22
MXP,Chandigarh,Índia,2023,4,795.62,795.62,795.62,2023-05-14 20:16:22
MXP,Londrina,Brasil,2023,7,795.76,833.86,797.13,2023-05-14 20:16:22
MXP,Honolulu,Estados Unidos,2023,2,795.76,813.3329166666667,808.075,2023-05-14 20:16:22
MXP,Erzurum,Turquia,2023,4,795.76,817.5699999999999,820.635,2023-05-14 20:16:22
MXP,Bozeman,Estados Unidos,2023,11,796.22,810.227380952381,805.79,2023-05-14 20:16:22
MXP,Egilsstadir,Islândia,2023,5,796.31,801.2611111111112,801.28,2023-05-14 20:16:22
MXP,Phnom Penh,Cambodja,2023,12,796.47,1081.0941379310345,1086.68,2023-05-14 20:16:22
MXP,Natal,Brasil,2023,12,796.48,1104.07,796.73,2023-05-14 20:16:22
MXP,Duchambé,Tajiquistão,2023,6,796.64,942.3419047619047,979.99,2023-05-14 20:16:22
MXP,Foz do Iguaçu,Brasil,2023,6,796.71,1081.0817647058823,1228.28,2023-05-14 20:16:22
MXP,Srinagar,Índia,2023,1,796.8,798.2599999999999,798.54,2023-05-14 20:16:22
MXP,Vishakhapatnam,Índia,2023,10,797.08,798.495,798.495,2023-05-14 20:16:22
MXP,Osaka,Japão,2023,9,797.15,919.77125,940.81,2023-05-14 20:16:22
MXP,Curitiba,Brasil,2023,10,797.59,798.0250000000001,797.59,2023-05-14 20:16:22
MXP,Maputo,Moçambique,2023,12,797.63,836.836875,859.48,2023-05-14 20:16:22
MXP,Palm Springs,Estados Unidos,2024,1,797.78,799.3755555555556,799.98,2023-05-14 20:16:22
MXP,Batna,Argélia,2023,8,797.9,799.14,798.0,2023-05-14 20:16:22
MXP,Kelowna,Canadá,2023,4,798.0,799.2950000000001,799.2950000000001,2023-05-14 20:16:22
MXP,Kahului,Estados Unidos,2023,2,798.23,834.4979411764706,825.17,2023-05-14 20:16:22
MXP,Tucson,Estados Unidos,2024,1,798.61,799.4966666666667,798.87,2023-05-14 20:16:22
MXP,Balikpapan,Indonésia,2023,9,798.69,936.4663636363637,920.76,2023-05-14 20:16:22
MXP,Maceió,Brasil,2023,5,798.69,972.3247826086957,948.43,2023-05-14 20:16:22
MXP,Copiapó,Chile,2023,3,799.15,799.338888888889,799.49,2023-05-14 20:16:22
MXP,Comayagua,Honduras,2023,6,799.49,1678.3127272727272,1171.82,2023-05-14 20:16:22
MXP,Portland,Estados Unidos,2023,10,799.58,799.84,799.59,2023-05-14 20:16:22
MXP,Buffalo,Estados Unidos,2023,7,799.79,863.0178947368421,914.06,2023-05-14 20:16:22
MXP,Chandigarh,Índia,2023,2,800.16,800.37875,800.41,2023-05-14 20:16:22
MXP,Reno,Estados Unidos,2023,6,800.25,800.7950000000001,800.7950000000001,2023-05-14 20:16:22
MXP,Praya,Indonésia,2023,9,800.37,911.4404761904761,911.97,2023-05-14 20:16:22
MXP,Cochin,Índia,2023,8,800.49,1191.093,1084.83,2023-05-14 20:16:22
MXP,Oranjestad,Aruba,2023,4,800.59,1240.9887323943663,1000.94,2023-05-14 20:16:22
MXP,Tiruchirapalli,Índia,2023,7,800.85,802.3050000000001,800.85,2023-05-14 20:16:22
MXP,Kutaisi,Geórgia,2023,12,801.04,801.04,801.04,2023-05-14 20:16:22
MXP,Pietermaritzburg,África do Sul,2023,6,801.41,801.41,801.41,2023-05-14 20:16:22
MXP,Puerto Vallarta,México,2023,5,801.43,916.8468421052631,894.99,2023-05-14 20:16:22
MXP,Roanoke,Estados Unidos,2023,8,801.57,1028.496111111111,1027.54,2023-05-14 20:16:22
MXP,Porto de Espanha,Trinidad e Tobago,2023,3,801.66,930.2337931034482,878.37,2023-05-14 20:16:22
MXP,Koh Samui,Tailândia,2023,4,801.79,1222.3675609756096,1308.75,2023-05-14 20:16:22
MXP,Albuquerque,Estados Unidos,2023,2,802.0,802.0,802.0,2023-05-14 20:16:22
MXP,Sacramento,Estados Unidos,2023,4,802.04,944.775625,825.06,2023-05-14 20:16:22
MXP,Melinde,Quénia,2023,9,802.19,917.6254054054054,931.16,2023-05-14 20:16:22
MXP,Grand'Anse Praslin,Seicheles,2023,3,802.31,964.2660344827586,944.15,2023-05-14 20:16:22
MXP,Namibe,Angola,2023,7,802.49,833.9658823529412,807.41,2023-05-14 20:16:22
MXP,Panglao,Filipinas,2023,3,802.55,1085.3628571428571,1037.355,2023-05-14 20:16:22
MXP,Mendoza,Argentina,2023,5,802.77,1250.1438709677418,1232.22,2023-05-14 20:16:22
MXP,Comayagua,Honduras,2023,10,802.8,808.0625,808.26,2023-05-14 20:16:22
MXP,Puerto Vallarta,México,2023,4,802.87,1029.5958490566038,1025.08,2023-05-14 20:16:22
MXP,Idaho Falls,Estados Unidos,2023,4,802.87,807.1063636363637,808.86,2023-05-14 20:16:22
MXP,Puebla,México,2023,9,802.92,803.218,803.17,2023-05-14 20:16:22
MXP,Hohhot,China,2023,6,803.0,1057.2637037037036,1140.64,2023-05-14 20:16:22
MXP,Quito,Equador,2023,1,803.14,876.4325,870.585,2023-05-14 20:16:22
MXP,Honolulu,Estados Unidos,2024,1,803.22,824.6544444444445,819.56,2023-05-14 20:16:22
MXP,Kingston,Jamaica,2023,2,803.23,1141.0764285714286,892.765,2023-05-14 20:16:22
MXP,Bozeman,Estados Unidos,2024,2,803.33,859.6708333333333,815.06,2023-05-14 20:16:22
MXP,Goiânia,Brasil,2023,4,803.41,1183.1587096774192,977.22,2023-05-14 20:16:22
MXP,Hartford,Estados Unidos,2023,8,803.42,807.2422222222223,807.1,2023-05-14 20:16:22
MXP,Springfield,Estados Unidos,2023,8,803.42,807.2422222222223,807.1,2023-05-14 20:16:22
MXP,Cantão,China,2023,6,803.44,949.8796363636363,859.49,2023-05-14 20:16:22
MXP,San Jose,Estados Unidos,2023,7,803.45,1032.5765217391304,812.83,2023-05-14 20:16:22
MXP,Cozumel,México,2024,2,803.69,804.0266666666666,803.79,2023-05-14 20:16:22
MXP,Lampang,Tailândia,2023,9,804.06,858.455,867.2,2023-05-14 20:16:22
MXP,Honolulu,Estados Unidos,2024,2,804.11,815.0475,808.88,2023-05-14 20:16:22
MXP,Milwaukee,Estados Unidos,2023,6,804.16,1054.73,1250.48,2023-05-14 20:16:22
MXP,Missoula,Estados Unidos,2023,4,804.33,805.5833333333334,804.44,2023-05-14 20:16:22
MXP,Daca,Bangladexe,2023,8,804.45,869.915,865.535,2023-05-14 20:16:22
MXP,Norfolk,Estados Unidos,2023,6,804.7,939.8277777777779,921.2950000000001,2023-05-14 20:16:22
MXP,Langkawi,Malásia,2023,6,804.73,806.348888888889,806.94,2023-05-14 20:16:22
MXP,Cidade de Belize,Belize,2023,3,804.76,1055.0083333333334,923.94,2023-05-14 20:16:22
MXP,Belo Horizonte,Brasil,2023,2,804.76,899.9158064516129,810.01,2023-05-14 20:16:22
MXP,Lihue,Estados Unidos,2023,10,804.99,841.4561904761906,849.67,2023-05-14 20:16:22
MXP,Bridgetown,Barbados,2023,2,804.99,1368.814285714286,824.07,2023-05-14 20:16:22
MXP,Mérida,México,2023,10,805.02,809.2688888888889,809.79,2023-05-14 20:16:22
MXP,Palm Springs,Estados Unidos,2023,3,805.34,1101.9436363636364,1211.77,2023-05-14 20:16:22
MXP,Burbank,Estados Unidos,2023,8,805.53,1210.4184615384615,1285.06,2023-05-14 20:16:22
MXP,Boise,Estados Unidos,2024,2,805.57,813.1995454545454,817.03,2023-05-14 20:16:22
MXP,Manila,Filipinas,2023,2,805.58,1019.1073333333334,809.53,2023-05-14 20:16:22
MXP,Hamilton,Bermudas,2023,6,805.97,806.527142857143,805.97,2023-05-14 20:16:22
MXP,Providenciales,Ilhas Turcas e Caicos,2023,8,806.23,1203.3220512820512,1292.04,2023-05-14 20:16:22
MXP,Oaxaca,México,2023,11,806.36,818.34,818.34,2023-05-14 20:16:22
MXP,Pemba,Moçambique,2023,4,806.77,1251.6228125,1045.2,2023-05-14 20:16:22
MXP,Nelspruit,África do Sul,2023,9,806.78,860.0241441441441,863.68,2023-05-14 20:16:22
MXP,La Paz,México,2023,4,807.05,1001.088909090909,1028.62,2023-05-14 20:16:22
MXP,Honolulu,Estados Unidos,2023,8,807.16,1123.0572,1209.67,2023-05-14 20:16:22
MXP,Cuiabá,Brasil,2023,11,807.23,901.9103614457831,931.04,2023-05-14 20:16:22
MXP,Penang,Malásia,2023,3,807.33,821.9577777777778,819.5699999999999,2023-05-14 20:16:22
MXP,Asmara,Eritreia,2023,8,807.46,1100.2516666666668,1173.23,2023-05-14 20:16:22
MXP,Simpson Bay,São Martinho (Sint Maarten),2023,9,807.51,894.0634210526315,849.45,2023-05-14 20:16:22
MXP,Thiruvananthapuram,Índia,2023,8,807.63,1305.9445161290323,1083.4,2023-05-14 20:16:22
MXP,Kailua-Kona,Estados Unidos,2024,2,807.73,809.9159999999999,810.8,2023-05-14 20:16:22
MXP,Mombaça,Quénia,2023,8,807.73,1377.4036363636365,1355.36,2023-05-14 20:16:22
MXP,Willemstad,Curaçao,2023,3,807.85,1088.898620689655,1057.81,2023-05-14 20:16:22
MXP,Reno,Estados Unidos,2023,12,808.1,997.9694117647059,1100.26,2023-05-14 20:16:22
MXP,Lampang,Tailândia,2023,10,808.16,856.582857142857,810.03,2023-05-14 20:16:22
MXP,Castries,Santa Lúcia,2023,4,808.17,1199.0402531645568,1156.37,2023-05-14 20:16:22
MXP,Providenciales,Ilhas Turcas e Caicos,2023,12,808.34,1277.7283582089553,1065.15,2023-05-14 20:16:22
MXP,Antananarivo,Madagáscar,2023,1,808.67,808.67,808.67,2023-05-14 20:16:22
MXP,Honolulu,Estados Unidos,2023,5,809.53,899.8909433962265,853.53,2023-05-14 20:16:22
MXP,Maastricht,Holanda,2023,8,809.67,812.878,813.19,2023-05-14 20:16:22
MXP,Esbjerg,Dinamarca,2023,4,809.82,813.1228571428572,815.6,2023-05-14 20:16:22
MXP,Thal,Suíça,2023,3,810.04,1279.6627586206896,1495.94,2023-05-14 20:16:22
MXP,Myrtle Beach,Estados Unidos,2023,5,810.05,810.05,810.05,2023-05-14 20:16:22
MXP,Katmandu,Nepal,2023,12,810.07,1011.5500000000001,1025.69,2023-05-14 20:16:22
MXP,Reno,Estados Unidos,2023,9,810.3,839.5981818181818,825.2,2023-05-14 20:16:22
MXP,Honolulu,Estados Unidos,2023,4,810.35,899.9598039215686,846.62,2023-05-14 20:16:22
MXP,Lomé,Togo,2023,9,810.36,816.392,813.26,2023-05-14 20:16:22
MXP,Cebu,Filipinas,2023,3,810.45,1028.4519607843138,1057.4,2023-05-14 20:16:22
MXP,Gaborone,Botsuana,2023,10,810.49,811.78625,811.59,2023-05-14 20:16:22
MXP,Lihue,Estados Unidos,2023,9,810.49,876.8569841269841,864.11,2023-05-14 20:16:22
MXP,San José del Cabo,México,2023,5,810.77,924.9172307692309,890.03,2023-05-14 20:16:22
MXP,Filadélfia,Estados Unidos,2023,7,810.96,819.8530000000001,812.83,2023-05-14 20:16:22
MXP,Moroni,Comores,2023,10,811.03,812.0666666666667,812.42,2023-05-14 20:16:22
MXP,Vientiane,Laos,2023,11,811.1,849.4974193548386,865.29,2023-05-14 20:16:22
MXP,Ängelholm,Suécia,2023,3,811.15,812.2722222222222,812.55,2023-05-14 20:16:22
MXP,Mérida,México,2024,1,811.27,823.4626666666667,828.46,2023-05-14 20:16:22
MXP,Florianópolis,Brasil,2023,5,811.45,1102.2417886178862,1074.44,2023-05-14 20:16:22
MXP,Sorkjosen,Noruega,2023,12,811.67,811.7566666666667,811.8,2023-05-14 20:16:22
MXP,Ras Al Khaimah,Emirados Árabes Unidos,2023,12,811.8,925.4182142857143,881.71,2023-05-14 20:16:22
MXP,Saint-Denis,Ilha da Reunião,2023,2,812.12,986.2029032258065,991.63,2023-05-14 20:16:22
MXP,Abbotsford,Canadá,2023,10,812.29,874.0636363636364,853.52,2023-05-14 20:16:22
MXP,Oral,Cazaquistão,2023,3,812.35,831.7116666666666,818.645,2023-05-14 20:16:22
MXP,Bangalore,Índia,2024,4,812.5,812.6866666666666,812.5,2023-05-14 20:16:22
MXP,Curitiba,Brasil,2023,5,812.56,1051.1555714285714,1073.005,2023-05-14 20:16:22
MXP,Lahore,Paquistão,2024,1,812.65,812.65,812.65,2023-05-14 20:16:22
MXP,Austin,Estados Unidos,2023,6,812.94,857.1314814814815,851.64,2023-05-14 20:16:22
MXP,Cebu,Filipinas,2023,11,812.94,908.6473333333332,923.94,2023-05-14 20:16:22
MXP,Da Nang,Vietname,2023,10,813.29,1008.3710526315789,846.35,2023-05-14 20:16:22
MXP,Helena,Estados Unidos,2023,2,813.34,814.8333333333334,815.12,2023-05-14 20:16:22
MXP,Katmandu,Nepal,2024,1,813.58,917.3233333333333,837.65,2023-05-14 20:16:22
MXP,Cleveland,Estados Unidos,2023,7,813.76,1115.4145,817.36,2023-05-14 20:16:22
MXP,Windhoek,Namíbia,2023,9,813.85,868.2316666666667,840.66,2023-05-14 20:16:22
MXP,Phnom Penh,Cambodja,2023,9,813.96,1041.3157142857142,890.77,2023-05-14 20:16:22
MXP,Xangai,China,2024,4,813.97,813.97,813.97,2023-05-14 20:16:22
MXP,Hamilton,Canadá,2023,8,814.04,1025.3136842105262,970.45,2023-05-14 20:16:22
MXP,Reno,Estados Unidos,2023,3,814.28,876.4005555555555,876.115,2023-05-14 20:16:22
MXP,Koh Samui,Tailândia,2023,10,814.33,888.07,911.195,2023-05-14 20:16:22
MXP,Jackson,Estados Unidos,2023,8,814.5,923.0735294117648,1015.5,2023-05-14 20:16:22
MXP,Anchorage,Estados Unidos,2023,6,814.88,1066.5484444444444,950.12,2023-05-14 20:16:22
MXP,Lampang,Tailândia,2023,3,815.02,1417.8700000000001,1593.475,2023-05-14 20:16:22
MXP,Bursa,Turquia,2023,5,815.06,822.5831818181819,822.2,2023-05-14 20:16:22
MXP,Xangai,China,2023,8,815.1,940.6633333333333,815.1,2023-05-14 20:16:22
MXP,Burbank,Estados Unidos,2023,6,815.22,1169.1243396226414,1242.57,2023-05-14 20:16:22
MXP,Koh Samui,Tailândia,2023,11,815.45,875.1633333333333,861.29,2023-05-14 20:16:22
MXP,Chiang Rai,Tailândia,2023,6,815.57,928.892,955.05,2023-05-14 20:16:22
MXP,Thal,Suíça,2023,5,815.65,817.964,817.775,2023-05-14 20:16:22
MXP,Medford,Estados Unidos,2023,5,815.77,816.3055555555555,816.29,2023-05-14 20:16:22
MXP,Djanet,Argélia,2023,6,815.9,820.199090909091,821.98,2023-05-14 20:16:22
MXP,Porto Seguro,Brasil,2024,1,815.92,815.9259999999999,815.93,2023-05-14 20:16:22
MXP,Oral,Cazaquistão,2023,5,816.02,931.0464705882354,913.35,2023-05-14 20:16:22
MXP,Bozeman,Estados Unidos,2023,10,816.3,823.9958333333334,826.41,2023-05-14 20:16:22
MXP,Pernem,Índia,2023,4,816.34,970.4845945945946,916.9200000000001,2023-05-14 20:16:22
MXP,Key West,Estados Unidos,2023,3,816.36,957.365,931.64,2023-05-14 20:16:22
MXP,Katmandu,Nepal,2023,1,816.44,816.44,816.44,2023-05-14 20:16:22
MXP,Busan,Coreia do Sul,2023,9,816.54,1031.8624137931033,1023.87,2023-05-14 20:16:22
MXP,Sorong,Indonésia,2023,10,816.59,818.4791666666666,817.36,2023-05-14 20:16:22
MXP,Maceió,Brasil,2023,4,817.0,1259.7005454545454,1048.48,2023-05-14 20:16:22
MXP,Guwahati,Índia,2023,11,817.3,818.3963636363637,818.98,2023-05-14 20:16:22
MXP,Honolulu,Estados Unidos,2023,6,817.42,1154.5203125,1130.68,2023-05-14 20:16:22
MXP,São Tomé,São Tomé e Príncipe,2023,10,817.62,817.62,817.62,2023-05-14 20:16:22
MXP,Antananarivo,Madagáscar,2023,8,817.74,1221.6125925925926,1139.16,2023-05-14 20:16:22
MXP,Jibuti,Djibuti,2023,1,817.89,859.155238095238,868.27,2023-05-14 20:16:22
MXP,Bhubaneswar,Índia,2023,3,817.94,819.2816666666668,817.95,2023-05-14 20:16:22
MXP,Vadodara,Índia,2023,7,818.19,820.6238888888888,821.8,2023-05-14 20:16:22
MXP,Medan,Indonésia,2023,5,818.51,819.9799999999999,819.88,2023-05-14 20:16:22
MXP,Savannah,Estados Unidos,2023,7,818.64,819.4483333333333,818.65,2023-05-14 20:16:22
MXP,Faisalabad,Paquistão,2023,2,818.71,1173.104,1069.94,2023-05-14 20:16:22
MXP,Manila,Filipinas,2023,12,818.85,997.4233333333333,819.2,2023-05-14 20:16:22
MXP,Peshawar,Paquistão,2023,12,819.11,823.0122222222221,822.87,2023-05-14 20:16:22
MXP,Shenzhen,China,2023,6,819.12,1091.786551724138,1120.64,2023-05-14 20:16:22
MXP,Southampton,Reino Unido,2023,9,819.16,819.5799999999999,819.16,2023-05-14 20:16:22
MXP,Simpson Bay,São Martinho (Sint Maarten),2023,11,819.31,819.31,819.31,2023-05-14 20:16:22
MXP,Miri,Malásia,2023,5,819.33,820.3191666666667,820.1,2023-05-14 20:16:22
MXP,San Luis Obispo,Estados Unidos,2023,3,819.36,863.8100000000001,861.0699999999999,2023-05-14 20:16:22
MXP,Hat Yai,Tailândia,2023,10,819.49,821.9333333333334,822.61,2023-05-14 20:16:22
MXP,Kamloops,Canadá,2023,12,819.81,823.6129999999999,823.51,2023-05-14 20:16:22
MXP,Bozeman,Estados Unidos,2023,9,819.91,1001.4633333333333,1001.19,2023-05-14 20:16:22
MXP,Kailua-Kona,Estados Unidos,2023,9,820.18,875.8323913043479,870.97,2023-05-14 20:16:22
MXP,Moroni,Comores,2023,5,820.21,910.3762857142858,898.55,2023-05-14 20:16:22
MXP,Lihue,Estados Unidos,2023,2,820.69,867.7600000000001,820.69,2023-05-14 20:16:22
MXP,Charleston,Estados Unidos,2023,7,820.78,820.7800000000001,820.78,2023-05-14 20:16:22
MXP,Palm Springs,Estados Unidos,2023,5,821.05,829.8789473684211,826.315,2023-05-14 20:16:22
MXP,Abbotsford,Canadá,2023,4,821.18,1281.3696875,1207.915,2023-05-14 20:16:22
MXP,Newport News,Estados Unidos,2023,3,821.21,822.6428571428571,821.21,2023-05-14 20:16:22
MXP,Colombo,Sri Lanka,2023,7,821.56,914.7099999999999,915.43,2023-05-14 20:16:22
MXP,Wadi Ad Dawasir,Arábia Saudita,2023,4,821.65,963.7354166666668,844.74,2023-05-14 20:16:22
MXP,Manila,Filipinas,2023,1,822.04,851.9066666666668,857.48,2023-05-14 20:16:22
MXP,Kahului,Estados Unidos,2023,10,822.04,900.055,861.47,2023-05-14 20:16:22
MXP,Cyangugu,Ruanda,2023,6,822.07,822.7633333333333,822.58,2023-05-14 20:16:22
MXP,Cali,Colômbia,2023,2,822.52,951.7607692307691,949.57,2023-05-14 20:16:22
MXP,Flagstaff,Estados Unidos,2023,10,822.72,826.1683333333334,827.51,2023-05-14 20:16:22
MXP,Luanda,Angola,2023,7,822.72,823.9654545454546,822.82,2023-05-14 20:16:22
MXP,Kalispell,Estados Unidos,2023,2,822.83,823.942,822.9100000000001,2023-05-14 20:16:22
MXP,Dayton,Estados Unidos,2023,10,822.83,822.83,822.83,2023-05-14 20:16:22
MXP,Namibe,Angola,2023,4,823.04,823.8077777777777,823.9,2023-05-14 20:16:22
MXP,Belo Horizonte,Brasil,2023,4,823.3,1158.1123636363636,1146.33,2023-05-14 20:16:22
MXP,Assiut,Egito,2023,4,823.36,823.5955555555555,823.39,2023-05-14 20:16:22
MXP,Kailua-Kona,Estados Unidos,2023,11,823.65,838.03,835.57,2023-05-14 20:16:22
MXP,Bogotá,Colômbia,2023,7,823.75,1162.9657142857143,962.12,2023-05-14 20:16:22
MXP,Abu Simbel,Egito,2023,10,823.77,828.89,828.91,2023-05-14 20:16:22
MXP,Carachi,Paquistão,2023,8,823.8,823.8,823.8,2023-05-14 20:16:22
MXP,Grande Caimão,Ilhas Cayman,2023,9,823.8,909.9011363636364,902.25,2023-05-14 20:16:22
MXP,Cochin,Índia,2024,1,823.95,864.23,841.37,2023-05-14 20:16:22
MXP,Siem Reap,Cambodja,2023,10,824.09,824.0966666666667,824.1,2023-05-14 20:16:22
MXP,Kelowna,Canadá,2023,2,824.22,825.499,825.46,2023-05-14 20:16:22
MXP,Sorong,Indonésia,2023,11,824.7,826.376,826.125,2023-05-14 20:16:22
MXP,Anchorage,Estados Unidos,2023,2,825.05,843.4345454545455,835.22,2023-05-14 20:16:22
MXP,Foz do Iguaçu,Brasil,2023,10,825.35,880.2325000000001,827.96,2023-05-14 20:16:22
MXP,Spokane,Estados Unidos,2023,5,825.43,830.858,834.4200000000001,2023-05-14 20:16:22
MXP,Niamey,Níger,2023,9,825.64,826.9155555555556,825.77,2023-05-14 20:16:22
MXP,Krabi,Tailândia,2023,8,825.64,1117.9088235294118,1203.38,2023-05-14 20:16:22
MXP,Quebec,Canadá,2023,4,825.72,1816.4379999999999,2648.26,2023-05-14 20:16:22
MXP,San Andrés,Colômbia,2023,5,825.74,955.2408,915.595,2023-05-14 20:16:22
MXP,Puerto Princesa,Filipinas,2023,11,825.85,1012.8968571428571,1075.45,2023-05-14 20:16:22
MXP,Blountville,Estados Unidos,2023,10,825.9,826.881,826.825,2023-05-14 20:16:22
MXP,Langkawi,Malásia,2023,9,826.13,826.145,826.13,2023-05-14 20:16:22
MXP,Cidade de Ho Chi Minh,Vietname,2023,7,826.31,1218.7016,1243.33,2023-05-14 20:16:22
MXP,Kailua-Kona,Estados Unidos,2023,4,826.54,987.4515384615385,946.41,2023-05-14 20:16:22
MXP,Arba Minch,Etiópia,2023,10,826.65,830.061,830.015,2023-05-14 20:16:22
MXP,Saint George.s,Granada,2023,12,826.77,2880.1963414634147,1712.34,2023-05-14 20:16:22
MXP,Albuquerque,Estados Unidos,2023,6,826.83,965.4542857142858,827.39,2023-05-14 20:16:22
MXP,Varanasi,Índia,2023,2,826.87,828.402,826.87,2023-05-14 20:16:22
MXP,Jaipur,Índia,2023,4,827.12,828.067,828.2,2023-05-14 20:16:22
MXP,Houston,Estados Unidos,2023,8,827.2,827.2,827.2,2023-05-14 20:16:22
MXP,João Pessoa,Brasil,2023,6,827.27,1150.3276470588235,836.41,2023-05-14 20:16:22
MXP,Boa Vista,Brasil,2023,9,827.32,982.2645833333332,981.95,2023-05-14 20:16:22
MXP,Calcutá,Índia,2023,11,827.43,829.9566666666666,831.22,2023-05-14 20:16:22
MXP,Sacramento,Estados Unidos,2023,10,827.55,832.9499999999999,833.46,2023-05-14 20:16:22
MXP,San José del Cabo,México,2023,4,828.0,1162.8772093023256,1015.11,2023-05-14 20:16:22
MXP,Manaus,Brasil,2023,11,828.13,828.1357142857142,828.14,2023-05-14 20:16:22
MXP,Hat Yai,Tailândia,2023,9,828.37,837.5916666666667,837.125,2023-05-14 20:16:22
MXP,Bucara,Uzbequistão,2023,8,828.54,1022.9894117647059,1098.73,2023-05-14 20:16:22
MXP,Bissau,Guiné-Bissau,2023,3,828.69,843.3600000000001,836.03,2023-05-14 20:16:22
MXP,Kailua-Kona,Estados Unidos,2023,5,828.86,1143.6223913043477,973.5550000000001,2023-05-14 20:16:22
MXP,Manágua,Nicarágua,2023,2,828.93,957.3228571428571,900.17,2023-05-14 20:16:22
MXP,Ras Al Khaimah,Emirados Árabes Unidos,2024,3,829.15,831.4192857142858,831.95,2023-05-14 20:16:22
MXP,Beira,Moçambique,2023,6,829.21,829.5555555555555,829.31,2023-05-14 20:16:22
MXP,Hamilton,Bermudas,2023,10,829.27,829.27,829.27,2023-05-14 20:16:22
MXP,Santa Cruz da Serra,Bolívia,2023,6,829.37,1189.518510638298,1285.64,2023-05-14 20:16:22
MXP,Medellín,Colômbia,2023,3,829.75,1039.912857142857,973.61,2023-05-14 20:16:22
MXP,Anchorage,Estados Unidos,2023,5,829.85,1039.759405940594,1044.34,2023-05-14 20:16:22
MXP,Oakland,Estados Unidos,2024,2,829.88,910.4714285714286,933.89,2023-05-14 20:16:22
MXP,Guaiaquil,Equador,2024,3,830.2,830.2,830.2,2023-05-14 20:16:22
MXP,Aguascalientes,México,2023,2,830.3,832.0590909090909,832.25,2023-05-14 20:16:22
MXP,Bursa,Turquia,2023,2,830.3,831.275,831.275,2023-05-14 20:16:22
MXP,Chiang Rai,Tailândia,2023,8,830.33,1131.963661971831,1090.98,2023-05-14 20:16:22
MXP,Metz,França,2023,4,830.47,836.4219999999999,836.76,2023-05-14 20:16:22
MXP,Bissau,Guiné-Bissau,2023,11,830.77,830.8050000000001,830.8050000000001,2023-05-14 20:16:22
MXP,Port Louis,Maurícia,2024,4,830.94,847.144,849.29,2023-05-14 20:16:22
MXP,Santiago,Chile,2024,2,830.94,831.3533333333334,830.94,2023-05-14 20:16:22
MXP,La Romana,República Dominicana,2023,5,831.25,901.1111904761905,903.13,2023-05-14 20:16:22
MXP,Jibuti,Djibuti,2023,6,831.28,833.1,833.39,2023-05-14 20:16:22
MXP,Langkawi,Malásia,2023,5,831.35,888.2533333333334,851.54,2023-05-14 20:16:22
MXP,Valparaíso,Estados Unidos,2023,6,831.54,832.06,832.12,2023-05-14 20:16:22
MXP,Dire Dawa,Etiópia,2023,4,831.89,835.8789999999999,836.2149999999999,2023-05-14 20:16:22
MXP,Norfolk,Estados Unidos,2023,7,831.91,1030.5655555555556,1028.37,2023-05-14 20:16:22
MXP,Sheridan,Estados Unidos,2023,5,832.13,832.7833333333333,832.13,2023-05-14 20:16:22
MXP,Cidade da Guatemala,Guatemala,2023,6,832.45,1102.8973333333333,1180.51,2023-05-14 20:16:22
MXP,Santiago,Chile,2023,5,832.5,1024.4353333333333,999.79,2023-05-14 20:16:22
MXP,Gaborone,Botsuana,2023,7,832.64,1282.06,1378.83,2023-05-14 20:16:22
MXP,Natal,Brasil,2023,6,832.68,1167.221111111111,1007.8199999999999,2023-05-14 20:16:22
MXP,Dodoma,Tanzânia,2023,9,832.77,834.061,834.21,2023-05-14 20:16:22
MXP,Norfolk,Estados Unidos,2023,8,832.78,838.3722222222221,838.81,2023-05-14 20:16:22
MXP,Hue,Vietname,2023,3,832.78,836.642,836.535,2023-05-14 20:16:22
MXP,Sorong,Indonésia,2023,6,833.0,951.5645833333333,872.57,2023-05-14 20:16:22
MXP,Knoxville,Estados Unidos,2023,7,833.05,849.0316666666666,834.655,2023-05-14 20:16:22
MXP,Vientiane,Laos,2023,5,833.21,879.3569014084508,852.94,2023-05-14 20:16:22
MXP,Hoedspruit,África do Sul,2023,3,833.31,836.95875,837.0,2023-05-14 20:16:22
MXP,São Salvador,El Salvador,2023,8,833.39,960.2452631578948,991.48,2023-05-14 20:16:22
MXP,Manaus,Brasil,2023,6,833.43,833.4949999999999,833.4949999999999,2023-05-14 20:16:22
MXP,Melinde,Quénia,2024,1,833.75,875.2872222222222,867.47,2023-05-14 20:16:22
MXP,Samarcanda,Uzbequistão,2023,12,833.84,915.02,915.02,2023-05-14 20:16:22
MXP,Monterrei,México,2023,3,833.94,1716.91,1165.975,2023-05-14 20:16:22
MXP,Vishakhapatnam,Índia,2023,4,834.05,835.4925000000001,835.51,2023-05-14 20:16:22
MXP,Córdova,Argentina,2023,10,834.16,912.3801923076923,875.37,2023-05-14 20:16:22
MXP,Belo Horizonte,Brasil,2023,6,834.26,1043.2777419354838,1049.185,2023-05-14 20:16:22
MXP,Brazavile,República do Congo,2023,5,834.43,906.1490476190477,964.15,2023-05-14 20:16:22
MXP,Albuquerque,Estados Unidos,2023,1,834.45,872.91,892.14,2023-05-14 20:16:22
MXP,Xangai,China,2023,9,834.56,937.6429166666667,904.595,2023-05-14 20:16:22
MXP,Rabil,Cabo Verde,2023,7,834.56,1306.7356,1526.87,2023-05-14 20:16:22
MXP,Abuja,Nigéria,2023,6,834.84,834.8475000000001,834.85,2023-05-14 20:16:22
MXP,Bissau,Guiné-Bissau,2023,4,835.13,885.1116666666667,836.9,2023-05-14 20:16:22
MXP,Kahului,Estados Unidos,2023,11,835.17,835.9157142857142,835.17,2023-05-14 20:16:22
MXP,Grande Caimão,Ilhas Cayman,2023,5,835.77,837.6475,838.51,2023-05-14 20:16:22
MXP,Jodhpur,Índia,2023,2,835.8,836.1744444444444,836.15,2023-05-14 20:16:22
MXP,Moroni,Comores,2023,6,835.93,855.4552380952382,863.81,2023-05-14 20:16:22
MXP,Brasília,Brasil,2023,11,835.93,863.90375,880.99,2023-05-14 20:16:22
MXP,Tucson,Estados Unidos,2023,2,836.03,836.1744444444444,836.29,2023-05-14 20:16:22
MXP,Anchorage,Estados Unidos,2023,11,836.19,1216.7285714285715,1263.475,2023-05-14 20:16:22
MXP,Morelia,México,2023,5,836.62,838.1844444444445,839.43,2023-05-14 20:16:22
MXP,Kahului,Estados Unidos,2023,5,836.62,1054.049107142857,1085.47,2023-05-14 20:16:22
MXP,El Paso,Estados Unidos,2023,2,836.95,837.9785714285715,838.75,2023-05-14 20:16:22
MXP,Puerto Princesa,Filipinas,2023,3,837.04,929.3813636363636,972.5,2023-05-14 20:16:22
MXP,Libéria,Costa Rica,2023,3,837.54,1112.7784374999999,1131.95,2023-05-14 20:16:22
MXP,Cap Skirring,Senegal,2023,8,837.64,838.695,838.7950000000001,2023-05-14 20:16:22
MXP,Anchorage,Estados Unidos,2023,3,838.18,955.4170588235294,938.14,2023-05-14 20:16:22
MXP,Salalah,Omã,2024,1,838.23,841.4122222222222,840.71,2023-05-14 20:16:22
MXP,Melinde,Quénia,2023,10,838.29,940.612,933.75,2023-05-14 20:16:22
MXP,Lihue,Estados Unidos,2023,5,838.4,1019.0367692307692,888.49,2023-05-14 20:16:22
MXP,Reno,Estados Unidos,2023,4,838.4,874.0933333333334,891.94,2023-05-14 20:16:22
MXP,Lihue,Estados Unidos,2024,2,838.49,840.7540000000001,841.67,2023-05-14 20:16:22
MXP,Hangzhou,China,2023,7,838.79,1289.4675,1511.75,2023-05-14 20:16:22
MXP,La Romana,República Dominicana,2023,10,838.8,925.7322222222223,900.86,2023-05-14 20:16:22
MXP,Concepción,Chile,2023,10,838.9,842.889090909091,843.74,2023-05-14 20:16:22
MXP,Davao,Filipinas,2024,1,839.34,841.2116666666667,839.87,2023-05-14 20:16:22
MXP,Veracruz,México,2023,8,839.37,1340.2458823529412,1424.84,2023-05-14 20:16:22
MXP,Oakland,Estados Unidos,2023,7,840.74,1197.358125,1220.12,2023-05-14 20:16:22
MXP,Comayagua,Honduras,2024,2,841.05,845.14,847.14,2023-05-14 20:16:22
MXP,Bogotá,Colômbia,2024,3,841.63,841.63,841.63,2023-05-14 20:16:22
MXP,Vitória,Brasil,2023,2,841.66,973.4892,921.96,2023-05-14 20:16:22
MXP,Minneapolis,Estados Unidos,2023,6,842.02,988.6392,933.75,2023-05-14 20:16:22
MXP,Sacramento,Estados Unidos,2023,5,842.06,843.3708333333334,842.59,2023-05-14 20:16:22
MXP,Kailua-Kona,Estados Unidos,2023,10,842.37,1063.3785714285714,916.03,2023-05-14 20:16:22
MXP,Bissau,Guiné-Bissau,2023,5,842.42,1046.418125,997.04,2023-05-14 20:16:22
MXP,Cartagena,Colômbia,2023,6,842.51,1115.904074074074,1083.61,2023-05-14 20:16:22
MXP,Jibuti,Djibuti,2023,4,842.54,865.448,880.72,2023-05-14 20:16:22
MXP,Bucaramanga,Colômbia,2023,3,842.62,843.366,842.62,2023-05-14 20:16:22
MXP,Jogjacarta,Indonésia,2023,6,842.62,844.5049999999999,845.47,2023-05-14 20:16:22
MXP,Nukus,Uzbequistão,2023,4,842.73,843.8077777777777,844.67,2023-05-14 20:16:22
MXP,Joinville,Brasil,2023,9,842.81,843.9363636363636,843.17,2023-05-14 20:16:22
MXP,Khasab,Omã,2023,5,842.87,887.6133333333333,849.16,2023-05-14 20:16:22
MXP,St John's,Canadá,2023,4,843.28,844.5220000000002,844.645,2023-05-14 20:16:22
MXP,Koh Samui,Tailândia,2024,2,843.33,944.9594117647059,1031.38,2023-05-14 20:16:22
MXP,Santiago,Chile,2023,6,843.65,1255.1512244897958,1010.61,2023-05-14 20:16:22
MXP,Hamilton,Bermudas,2023,9,843.81,847.8833333333332,849.92,2023-05-14 20:16:22
MXP,Rapid City,Estados Unidos,2023,5,844.06,844.6453846153846,844.57,2023-05-14 20:16:22
MXP,Fargo,Estados Unidos,2023,9,844.53,846.0683333333333,845.41,2023-05-14 20:16:22
MXP,Road Town,Ilhas Virgens Britânicas,2023,3,844.53,1183.731052631579,1482.14,2023-05-14 20:16:22
MXP,Melinde,Quénia,2023,3,844.67,1046.197741935484,981.05,2023-05-14 20:16:22
MXP,Simpson Bay,São Martinho (Sint Maarten),2024,3,844.78,845.165,844.835,2023-05-14 20:16:22
MXP,Simpson Bay,São Martinho (Sint Maarten),2023,5,845.27,1131.659387755102,1278.9,2023-05-14 20:16:22
MXP,Lihue,Estados Unidos,2023,3,845.45,900.7764,870.09,2023-05-14 20:16:22
MXP,Porto de Espanha,Trinidad e Tobago,2023,2,845.5,1284.1615384615386,1395.71,2023-05-14 20:16:22
MXP,Sydney,Canadá,2023,6,845.63,923.708125,850.9300000000001,2023-05-14 20:16:22
MXP,Cartagena,Colômbia,2023,11,845.68,1011.047142857143,944.37,2023-05-14 20:16:22
MXP,Da Nang,Vietname,2023,9,845.69,1069.7053125,860.19,2023-05-14 20:16:22
MXP,Semarang,Indonésia,2023,3,845.85,848.5528571428571,847.6,2023-05-14 20:16:22
MXP,Nha Trang,Vietname,2023,6,845.99,845.99,845.99,2023-05-14 20:16:22
MXP,Curitiba,Brasil,2024,1,846.25,846.25,846.25,2023-05-14 20:16:22
MXP,Recife,Brasil,2023,8,846.29,1039.8153061224489,1001.42,2023-05-14 20:16:22
MXP,Simpson Bay,São Martinho (Sint Maarten),2023,2,846.42,1187.5808333333332,1103.24,2023-05-14 20:16:22
MXP,Bogotá,Colômbia,2023,8,846.43,1114.9555555555555,1058.94,2023-05-14 20:16:22
MXP,Thanh Hoa,Vietname,2023,9,846.49,851.0116666666667,852.21,2023-05-14 20:16:22
MXP,Manágua,Nicarágua,2023,3,847.28,1966.129285714286,1126.52,2023-05-14 20:16:22
MXP,Cidade de Belize,Belize,2023,5,847.33,990.3126530612245,955.43,2023-05-14 20:16:22
MXP,Bandar Seri Begawan,Brunei,2023,3,847.4,849.05,849.36,2023-05-14 20:16:22
MXP,Ha Long,Vietname,2023,9,847.41,851.9358333333333,853.14,2023-05-14 20:16:22
MXP,Oranjestad,Aruba,2023,10,847.54,899.2107142857143,854.61,2023-05-14 20:16:22
MXP,Tirupati,Índia,2023,4,847.68,849.426,849.575,2023-05-14 20:16:22
MXP,Kota Bharu,Malásia,2023,2,847.73,3167.6366666666668,4007.25,2023-05-14 20:16:22
MXP,Chapecó,Brasil,2023,4,847.84,854.3059999999999,854.06,2023-05-14 20:16:22
MXP,Guaiaquil,Equador,2023,5,847.84,1060.3757758620688,1038.655,2023-05-14 20:16:22
MXP,Joinville,Brasil,2023,3,847.89,884.2671428571429,848.25,2023-05-14 20:16:22
MXP,Brasília,Brasil,2023,9,847.99,848.3366666666667,847.99,2023-05-14 20:16:22
MXP,Penang,Malásia,2023,4,848.07,981.9288235294118,853.8,2023-05-14 20:16:22
MXP,Srinagar,Índia,2023,10,848.22,849.2333333333333,849.36,2023-05-14 20:16:22
MXP,Iloilo City,Filipinas,2023,3,848.64,850.668,850.935,2023-05-14 20:16:22
MXP,Cochin,Índia,2023,12,848.66,1078.5156521739132,971.16,2023-05-14 20:16:22
MXP,Katmandu,Nepal,2023,11,848.82,957.985,951.76,2023-05-14 20:16:22
MXP,Córdova,Argentina,2023,11,848.86,848.86,848.86,2023-05-14 20:16:22
MXP,Hartford,Estados Unidos,2023,7,849.19,849.225,849.225,2023-05-14 20:16:22
MXP,Springfield,Estados Unidos,2023,7,849.19,849.225,849.225,2023-05-14 20:16:22
MXP,Coxen Hole,Honduras,2023,5,849.31,1071.0243243243244,991.18,2023-05-14 20:16:22
MXP,Daca,Bangladexe,2023,12,849.37,851.2477777777777,852.14,2023-05-14 20:16:22
MXP,Little Rock,Estados Unidos,2023,8,849.59,853.6388888888889,853.49,2023-05-14 20:16:22
MXP,Jacarta,Indonésia,2023,2,849.92,2436.45,955.9,2023-05-14 20:16:22
MXP,Lihue,Estados Unidos,2023,11,850.96,853.8530000000001,853.94,2023-05-14 20:16:22
MXP,Porto Plata,República Dominicana,2024,1,851.29,853.6618181818183,854.06,2023-05-14 20:16:22
MXP,Allentown,Estados Unidos,2023,6,851.4,993.2951724137931,940.78,2023-05-14 20:16:22
MXP,Fukuoka,Japão,2023,9,852.0,862.8208333333333,852.89,2023-05-14 20:16:22
MXP,Madison,Estados Unidos,2023,7,852.24,855.5618181818182,857.2,2023-05-14 20:16:22
MXP,Joanesburgo,África do Sul,2024,4,852.4,852.6949999999999,852.6949999999999,2023-05-14 20:16:22
MXP,Knoxville,Estados Unidos,2023,5,852.58,1079.518,1104.3600000000001,2023-05-14 20:16:22
MXP,Pernem,Índia,2023,2,852.67,952.9091666666667,951.2,2023-05-14 20:16:22
MXP,Cebu,Filipinas,2023,5,852.96,1015.2329687499999,986.8,2023-05-14 20:16:22
MXP,Santa Cruz da Serra,Bolívia,2023,3,853.0,1048.0225,971.115,2023-05-14 20:16:22
MXP,Boise,Estados Unidos,2023,6,853.28,867.2486666666666,858.51,2023-05-14 20:16:22
MXP,Castries,Santa Lúcia,2023,10,853.44,928.4646153846154,856.55,2023-05-14 20:16:22
MXP,Jogjacarta,Indonésia,2023,5,853.65,1390.5890909090908,1591.94,2023-05-14 20:16:22
MXP,White Plains,Estados Unidos,2023,6,853.86,1107.5878260869565,954.83,2023-05-14 20:16:22
MXP,Colorado Springs,Estados Unidos,2023,4,853.97,939.8115384615384,860.59,2023-05-14 20:16:22
MXP,Libéria,Costa Rica,2023,5,854.03,1146.5977272727273,1341.31,2023-05-14 20:16:22
MXP,Grande Caimão,Ilhas Cayman,2023,10,854.22,882.6633333333333,862.13,2023-05-14 20:16:22
MXP,Tawau,Malásia,2023,9,854.61,857.14125,858.105,2023-05-14 20:16:22
MXP,Nha Trang,Vietname,2023,5,854.75,858.1328571428572,855.29,2023-05-14 20:16:22
MXP,Vientiane,Laos,2023,9,854.77,859.6372727272727,859.85,2023-05-14 20:16:22
MXP,Abbotsford,Canadá,2023,5,855.0,1341.1934666666666,1126.1799999999998,2023-05-14 20:16:22
MXP,São Diego,Estados Unidos,2023,7,855.66,924.586,923.9300000000001,2023-05-14 20:16:22
MXP,João Pessoa,Brasil,2023,9,855.66,875.9505882352942,858.53,2023-05-14 20:16:22
MXP,Porto de Espanha,Trinidad e Tobago,2023,6,855.77,990.2680952380953,900.05,2023-05-14 20:16:22
MXP,Grande Caimão,Ilhas Cayman,2023,12,855.85,1283.735294117647,1337.5300000000002,2023-05-14 20:16:22
MXP,Da Nang,Vietname,2023,5,856.04,1020.266875,911.95,2023-05-14 20:16:22
MXP,Hanói,Vietname,2023,2,856.04,925.3533333333334,891.49,2023-05-14 20:16:22
MXP,Wenzhou,China,2023,3,856.26,1230.7897368421054,1203.5149999999999,2023-05-14 20:16:22
MXP,Vilanculos,Moçambique,2023,4,856.27,857.4966666666667,857.58,2023-05-14 20:16:22
MXP,Djidjiga,Etiópia,2023,3,856.45,859.4899999999999,859.29,2023-05-14 20:16:22
MXP,Varanasi,Índia,2023,3,856.61,861.1866666666666,862.4,2023-05-14 20:16:22
MXP,Praya,Indonésia,2023,5,856.65,916.2067857142857,927.8399999999999,2023-05-14 20:16:22
MXP,Kuching,Malásia,2023,7,856.74,997.15375,952.685,2023-05-14 20:16:22
MXP,Lalibela,Etiópia,2023,3,856.96,866.1090909090909,864.89,2023-05-14 20:16:22
MXP,Portland,Estados Unidos,2023,8,857.09,965.394,992.47,2023-05-14 20:16:22
MXP,Belo Horizonte,Brasil,2023,9,857.18,1087.056842105263,975.91,2023-05-14 20:16:22
MXP,Allentown,Estados Unidos,2023,4,857.24,986.4725641025641,959.37,2023-05-14 20:16:22
MXP,Oklahoma City,Estados Unidos,2023,8,857.28,857.28,857.28,2023-05-14 20:16:22
MXP,Cuzco,Perú,2023,4,857.56,1224.1070212765958,1031.93,2023-05-14 20:16:22
MXP,Shreveport,Estados Unidos,2023,12,857.65,859.6349999999999,860.54,2023-05-14 20:16:22
MXP,Guadalajara,México,2023,6,857.65,1067.1634782608696,973.0,2023-05-14 20:16:22
MXP,Phnom Penh,Cambodja,2023,4,857.74,1001.9263076923077,1017.16,2023-05-14 20:16:22
MXP,Recife,Brasil,2023,6,857.97,913.8466666666667,913.865,2023-05-14 20:16:22
MXP,Fairbanks,Estados Unidos,2023,4,858.25,1124.9840000000002,1281.59,2023-05-14 20:16:22
MXP,Fayetteville,Estados Unidos,2023,6,858.61,1032.4213333333332,1145.05,2023-05-14 20:16:22
MXP,Perth,Austrália,2023,9,858.74,1399.4536666666668,1389.7,2023-05-14 20:16:22
MXP,Ranchi,Índia,2023,1,859.09,862.7075,860.57,2023-05-14 20:16:22
MXP,Mérida,México,2023,5,859.44,976.2551351351352,1014.21,2023-05-14 20:16:22
MXP,Addu City,Maldivas,2023,10,859.55,980.65,862.85,2023-05-14 20:16:22
MXP,Goiânia,Brasil,2023,3,859.62,914.4083870967742,917.12,2023-05-14 20:16:22
MXP,Djidjiga,Etiópia,2023,4,859.81,863.933,864.28,2023-05-14 20:16:22
MXP,Hat Yai,Tailândia,2023,7,860.38,1061.511081081081,1053.86,2023-05-14 20:16:22
MXP,Bagdogra,Índia,2023,5,860.39,860.6533333333333,860.4,2023-05-14 20:16:22
MXP,Siem Reap,Cambodja,2023,9,860.4,890.2099999999999,862.89,2023-05-14 20:16:22
MXP,Belém,Brasil,2023,3,860.41,1560.1047058823528,1176.46,2023-05-14 20:16:22
MXP,Ras Al Khaimah,Emirados Árabes Unidos,2024,2,860.41,860.48,860.48,2023-05-14 20:16:22
MXP,Manaus,Brasil,2023,4,860.57,983.9872727272727,983.5,2023-05-14 20:16:22
MXP,La Paz,Bolívia,2023,3,860.57,1290.465357142857,1191.7399999999998,2023-05-14 20:16:22
MXP,Cúcuta,Colômbia,2023,5,860.7,975.7708695652174,866.72,2023-05-14 20:16:22
MXP,Detroit,Estados Unidos,2023,7,860.89,1015.14,1089.04,2023-05-14 20:16:22
MXP,Mangalore,Índia,2023,5,860.96,861.8219999999999,861.11,2023-05-14 20:16:22
MXP,Florianópolis,Brasil,2023,8,861.04,861.04,861.04,2023-05-14 20:16:22
MXP,Oaxaca,México,2023,4,861.28,963.8715217391306,919.35,2023-05-14 20:16:22
MXP,Atlanta,Estados Unidos,2023,7,861.36,874.34,880.83,2023-05-14 20:16:22
MXP,Fresno,Estados Unidos,2023,4,861.44,865.6083333333332,865.29,2023-05-14 20:16:22
MXP,Kingstown,São Vicente e Granadinas,2023,2,861.49,1015.0014285714285,863.33,2023-05-14 20:16:22
MXP,La Paz,México,2023,2,861.68,1138.24,1167.13,2023-05-14 20:16:22
MXP,Quetta,Paquistão,2023,2,861.95,865.03,864.81,2023-05-14 20:16:22
MXP,Hong Kong,Hong Kong,2023,1,862.05,862.05,862.05,2023-05-14 20:16:22
MXP,Arar,Arábia Saudita,2023,10,862.2,863.74,863.74,2023-05-14 20:16:22
MXP,Kailua-Kona,Estados Unidos,2023,3,862.34,863.94,864.11,2023-05-14 20:16:22
MXP,Denver,Estados Unidos,2023,8,862.35,1458.4866666666667,862.35,2023-05-14 20:16:22
MXP,Melinde,Quénia,2023,5,862.41,1041.7282857142857,1004.96,2023-05-14 20:16:22
MXP,Recife,Brasil,2023,7,862.47,1448.9546666666668,1220.79,2023-05-14 20:16:22
MXP,Praya,Indonésia,2023,10,862.58,910.161875,912.6949999999999,2023-05-14 20:16:22
MXP,Poitiers,França,2023,1,862.77,862.77,862.77,2023-05-14 20:16:22
MXP,Assunção,Paraguai,2023,3,862.85,1141.7952173913043,1054.3,2023-05-14 20:16:22
MXP,George Town,Bahamas,2024,2,862.91,901.595,865.735,2023-05-14 20:16:22
MXP,Shenzhen,China,2023,5,862.91,1001.1590476190477,923.64,2023-05-14 20:16:22
MXP,Lubumbashi,República Democrática do Congo,2023,4,863.12,1382.3460606060605,1399.29,2023-05-14 20:16:22
MXP,Ulã Bator,Mongólia,2023,7,863.12,1167.0346153846153,1144.09,2023-05-14 20:16:22
MXP,Windhoek,Namíbia,2023,7,863.17,1133.7555555555555,1186.1,2023-05-14 20:16:22
MXP,Vancouver,Canadá,2023,8,863.17,1486.0873684210526,1290.38,2023-05-14 20:16:22
MXP,Da Nang,Vietname,2023,6,863.27,1169.341304347826,1330.21,2023-05-14 20:16:22
MXP,Conacri,Guiné,2023,8,863.71,1019.6982352941176,865.8,2023-05-14 20:16:22
MXP,Dharamshala,Índia,2023,5,863.81,868.57,868.94,2023-05-14 20:16:22
MXP,Burbank,Estados Unidos,2024,2,863.81,884.73,869.06,2023-05-14 20:16:22
MXP,Hat Yai,Tailândia,2023,11,864.02,987.7730434782608,923.33,2023-05-14 20:16:22
MXP,Cartagena,Colômbia,2023,10,864.4,865.11,865.11,2023-05-14 20:16:22
MXP,Cataratas Vitória,Zimbábue,2023,6,864.62,952.12625,865.94,2023-05-14 20:16:22
MXP,Oaxaca,México,2023,5,865.09,865.09,865.09,2023-05-14 20:16:22
MXP,Durango,México,2023,2,865.16,867.7442857142858,865.16,2023-05-14 20:16:22
MXP,Porto Seguro,Brasil,2023,10,865.2,867.1975,866.06,2023-05-14 20:16:22
MXP,Khasab,Omã,2023,4,865.39,1010.6467741935484,1011.4,2023-05-14 20:16:22
MXP,Puerto Princesa,Filipinas,2023,4,865.55,1134.5278787878788,1204.89,2023-05-14 20:16:22
MXP,Lawton,Estados Unidos,2023,5,865.8,866.1655555555556,865.84,2023-05-14 20:16:22
MXP,Foz do Iguaçu,Brasil,2023,3,866.22,1518.3967346938775,1380.81,2023-05-14 20:16:22
MXP,Manágua,Nicarágua,2023,4,866.84,1220.4251136363637,982.855,2023-05-14 20:16:22
MXP,Florianópolis,Brasil,2024,1,866.93,1095.9935,1243.05,2023-05-14 20:16:22
MXP,Yellowknife,Canadá,2023,11,867.03,868.5872727272726,867.05,2023-05-14 20:16:22
MXP,Salvador,Brasil,2023,8,867.35,1040.8816666666667,937.64,2023-05-14 20:16:22
MXP,Duala,Camarões,2023,7,867.52,867.52,867.52,2023-05-14 20:16:22
MXP,Durban,África do Sul,2023,8,867.54,1410.872380952381,1586.67,2023-05-14 20:16:22
MXP,Taipé,Taiwan,2023,7,867.58,1329.0783333333334,1177.81,2023-05-14 20:16:22
MXP,Florianópolis,Brasil,2023,2,867.62,1240.4391836734694,1119.66,2023-05-14 20:16:22
MXP,Mersa Matruh,Egito,2023,9,867.8,867.8,867.8,2023-05-14 20:16:22
MXP,Simpson Bay,São Martinho (Sint Maarten),2023,3,867.86,1127.2886486486486,1050.87,2023-05-14 20:16:22
MXP,Duchambé,Tajiquistão,2023,4,867.97,1028.4092,908.82,2023-05-14 20:16:22
MXP,Freetown,Serra Leoa,2023,7,868.35,868.9200000000001,868.35,2023-05-14 20:16:22
MXP,Córdova,Argentina,2023,5,868.48,1951.229861111111,1563.8449999999998,2023-05-14 20:16:22
MXP,Mazatlán,México,2023,5,868.73,1142.520888888889,972.02,2023-05-14 20:16:22
MXP,Appleton,Estados Unidos,2023,1,868.83,869.4325,869.01,2023-05-14 20:16:22
MXP,Akron,Estados Unidos,2023,5,868.95,868.95,868.95,2023-05-14 20:16:22
MXP,Langkawi,Malásia,2023,4,869.19,1001.5167999999999,1002.69,2023-05-14 20:16:22
MXP,Lusaka,Zâmbia,2023,8,869.3,1127.209375,990.56,2023-05-14 20:16:22
MXP,Leh,Índia,2023,3,869.36,874.4612500000001,874.76,2023-05-14 20:16:22
MXP,Krabi,Tailândia,2023,1,869.46,1156.876,1188.55,2023-05-14 20:16:22
MXP,Saint Thomas Island,Ilhas Virgens Americanas,2023,11,869.63,873.2180000000001,873.1700000000001,2023-05-14 20:16:22
MXP,Veracruz,México,2023,12,869.83,871.955,871.955,2023-05-14 20:16:22
MXP,Willemstad,Curaçao,2023,6,870.21,1003.6061818181818,952.84,2023-05-14 20:16:22
MXP,Xiamen,China,2023,5,870.37,956.7080952380952,872.31,2023-05-14 20:16:22
MXP,Cartagena,Colômbia,2023,1,870.38,1069.80125,989.23,2023-05-14 20:16:22
MXP,Kahului,Estados Unidos,2023,9,870.49,1497.3677777777777,871.09,2023-05-14 20:16:22
MXP,Puerto Vallarta,México,2023,2,870.52,873.2084615384615,870.55,2023-05-14 20:16:22
MXP,Santa Fé,Estados Unidos,2023,5,870.53,1042.8323809523808,874.87,2023-05-14 20:16:22
MXP,Chiang Rai,Tailândia,2023,9,871.3,918.6509090909091,925.54,2023-05-14 20:16:22
MXP,São Pedro,Cabo Verde,2023,7,871.36,1014.0244736842105,986.7450000000001,2023-05-14 20:16:22
MXP,Santa Marta,Colômbia,2023,3,871.49,875.54,875.925,2023-05-14 20:16:22
MXP,Leknes,Noruega,2023,2,872.15,873.15,873.295,2023-05-14 20:16:22
MXP,Curitiba,Brasil,2023,6,872.16,1119.382,1145.66,2023-05-14 20:16:22
MXP,Yanbu,Arábia Saudita,2023,4,872.33,873.2887499999999,872.5699999999999,2023-05-14 20:16:22
MXP,La Romana,República Dominicana,2023,7,872.66,1046.1971153846155,943.77,2023-05-14 20:16:22
MXP,Caiena,Guiana Francesa,2023,4,872.88,1276.7,1622.01,2023-05-14 20:16:22
MXP,Seul,Coreia do Sul,2023,8,873.29,942.155,942.155,2023-05-14 20:16:22
MXP,Incheon,Coreia do Sul,2023,8,873.29,942.155,942.155,2023-05-14 20:16:22
MXP,Mobile,Estados Unidos,2023,2,873.78,873.78,873.78,2023-05-14 20:16:22
MXP,Praya,Indonésia,2023,3,873.78,891.1494999999999,876.83,2023-05-14 20:16:22
MXP,St Peter Port,Guernsey,2023,7,873.87,877.0200000000001,876.635,2023-05-14 20:16:22
MXP,Cartagena,Colômbia,2023,12,874.0,1169.896,983.17,2023-05-14 20:16:22
MXP,Marabá,Brasil,2023,2,874.33,925.2099999999999,901.56,2023-05-14 20:16:22
MXP,Mérida,México,2023,4,874.44,984.8168421052632,942.49,2023-05-14 20:16:22
MXP,Xangai,China,2023,2,874.98,1115.2042857142856,1220.85,2023-05-14 20:16:22
MXP,Ulã Bator,Mongólia,2023,3,875.14,1167.5595652173913,1209.61,2023-05-14 20:16:22
MXP,Dodoma,Tanzânia,2023,3,875.19,884.5327272727274,883.29,2023-05-14 20:16:22
MXP,Acra,Gana,2023,7,875.32,1065.7477777777776,1132.36,2023-05-14 20:16:22
MXP,Cyangugu,Ruanda,2023,3,875.83,876.833,876.975,2023-05-14 20:16:22
MXP,Nagua,República Dominicana,2024,2,875.97,876.7144444444444,876.58,2023-05-14 20:16:22
MXP,Greensboro,Estados Unidos,2023,8,875.98,992.2031818181819,991.9649999999999,2023-05-14 20:16:22
MXP,Puebla,México,2023,8,876.03,1803.9862903225805,1798.04,2023-05-14 20:16:22
MXP,San Andrés,Colômbia,2023,10,876.15,957.6746153846154,981.01,2023-05-14 20:16:22
MXP,Caiena,Guiana Francesa,2023,11,876.17,876.5588888888889,876.53,2023-05-14 20:16:22
MXP,Dallas,Estados Unidos,2023,7,876.41,915.0871428571428,905.75,2023-05-14 20:16:22
MXP,Saint-Denis,Ilha da Reunião,2023,11,876.51,950.8066666666667,953.69,2023-05-14 20:16:22
MXP,Oakland,Estados Unidos,2023,12,876.73,876.73,876.73,2023-05-14 20:16:22
MXP,Siem Reap,Cambodja,2023,3,876.83,1264.6881818181819,1207.63,2023-05-14 20:16:22
MXP,Belém,Brasil,2023,7,876.95,879.33,879.69,2023-05-14 20:16:22
MXP,Manágua,Nicarágua,2023,5,877.06,1098.8103773584905,1044.91,2023-05-14 20:16:22
MXP,Siem Reap,Cambodja,2023,12,877.45,987.1872727272727,1014.21,2023-05-14 20:16:22
MXP,São Pedro,Cabo Verde,2023,11,877.63,881.8928571428571,881.56,2023-05-14 20:16:22
MXP,Brasília,Brasil,2023,10,877.64,890.876,879.59,2023-05-14 20:16:22
MXP,Maputo,Moçambique,2023,8,877.75,1234.3914285714286,1338.23,2023-05-14 20:16:22
MXP,Asmara,Eritreia,2023,7,877.87,879.1085714285715,877.98,2023-05-14 20:16:22
MXP,Monróvia,Libéria,2023,2,877.92,896.8064705882352,899.51,2023-05-14 20:16:22
MXP,Kaohsiung,Taiwan,2023,10,877.92,886.515,886.05,2023-05-14 20:16:22
MXP,Duchambé,Tajiquistão,2023,2,877.92,884.4977777777777,883.04,2023-05-14 20:16:22
MXP,Brasília,Brasil,2023,2,878.14,1057.3006382978724,1073.49,2023-05-14 20:16:22
MXP,Puerto Escondido,México,2023,11,878.24,882.39,882.39,2023-05-14 20:16:22
MXP,Takoradi,Gana,2023,5,878.32,879.7600000000001,878.87,2023-05-14 20:16:22
MXP,Cockburn Harbour,Ilhas Turcas e Caicos,2023,5,878.92,879.5476470588235,879.51,2023-05-14 20:16:22
MXP,St John's,Canadá,2023,8,878.94,880.7650000000001,880.4200000000001,2023-05-14 20:16:22
MXP,Córdova,Argentina,2023,3,878.94,1117.242,1173.36,2023-05-14 20:16:22
MXP,Everett,Estados Unidos,2023,5,879.58,1155.7988554216868,1086.37,2023-05-14 20:16:22
MXP,Boa Vista,Brasil,2023,5,879.75,1218.9391304347826,1212.72,2023-05-14 20:16:22
MXP,Anchorage,Estados Unidos,2023,8,880.0,1277.9432558139533,1339.38,2023-05-14 20:16:22
MXP,Kaohsiung,Taiwan,2023,5,880.6,968.1447619047619,1027.53,2023-05-14 20:16:22
MXP,Perth,Austrália,2023,5,880.69,1318.8509195402298,1358.62,2023-05-14 20:16:22
MXP,Green Bay,Estados Unidos,2023,1,880.76,881.3675000000001,880.94,2023-05-14 20:16:22
MXP,João Pessoa,Brasil,2023,5,880.8,1168.3007843137254,1284.8,2023-05-14 20:16:22
MXP,Libéria,Costa Rica,2023,2,881.1,881.1,881.1,2023-05-14 20:16:22
MXP,George Town,Bahamas,2023,12,881.11,1292.9486666666667,1252.3600000000001,2023-05-14 20:16:22
MXP,Porto Alegre,Brasil,2023,10,881.69,961.5440000000001,884.26,2023-05-14 20:16:22
MXP,Saint-Denis,Ilha da Reunião,2023,4,881.72,1093.2494117647059,1016.685,2023-05-14 20:16:22
MXP,Anchorage,Estados Unidos,2023,1,882.35,882.35,882.35,2023-05-14 20:16:22
MXP,Des Moines,Estados Unidos,2023,8,882.37,913.5870588235293,933.8,2023-05-14 20:16:22
MXP,Hambantota,Sri Lanka,2023,12,882.51,882.51,882.51,2023-05-14 20:16:22
MXP,Çanakkale,Turquia,2023,8,882.8,1054.8762962962962,1045.36,2023-05-14 20:16:22
MXP,Bulawayo,Zimbábue,2023,2,882.83,950.2318181818181,965.04,2023-05-14 20:16:22
MXP,Veracruz,México,2023,5,882.85,883.9799999999999,883.4,2023-05-14 20:16:22
MXP,Vitória,Brasil,2023,5,883.12,1013.73,1041.05,2023-05-14 20:16:22
MXP,Livingstone,Zâmbia,2023,5,883.34,3588.3340540540535,890.81,2023-05-14 20:16:22
MXP,Brasília,Brasil,2023,8,883.39,1192.7770833333332,1164.06,2023-05-14 20:16:22
MXP,Hohhot,China,2023,5,883.88,979.1706666666666,906.19,2023-05-14 20:16:22
MXP,Tucson,Estados Unidos,2023,5,884.27,925.8357894736843,929.89,2023-05-14 20:16:22
MXP,Kuching,Malásia,2023,4,885.22,971.7577142857142,921.41,2023-05-14 20:16:22
MXP,Kingston,Jamaica,2023,9,885.22,956.3060869565218,1004.81,2023-05-14 20:16:22
MXP,Comayagua,Honduras,2023,3,885.27,1206.75,891.51,2023-05-14 20:16:22
MXP,Port Louis,Maurícia,2023,1,885.71,886.8575000000001,887.24,2023-05-14 20:16:22
MXP,Porto Seguro,Brasil,2023,6,886.05,1003.3730769230768,892.04,2023-05-14 20:16:22
MXP,El Paso,Estados Unidos,2023,4,886.21,1453.2747368421053,1071.54,2023-05-14 20:16:22
MXP,Cidade de Ho Chi Minh,Vietname,2023,2,886.62,1068.7109090909091,936.88,2023-05-14 20:16:22
MXP,San Antonio,Estados Unidos,2023,5,886.72,1005.3710344827585,1007.57,2023-05-14 20:16:22
MXP,Campo Grande,Brasil,2023,4,886.86,1002.2626666666667,1077.69,2023-05-14 20:16:22
MXP,Salvador,Brasil,2023,7,886.89,1424.8,1424.8,2023-05-14 20:16:22
MXP,Pointe-à-Pitre,Guadalupe,2023,7,887.02,1099.0908333333334,1018.72,2023-05-14 20:16:22
MXP,Grand'Anse Praslin,Seicheles,2023,2,887.18,889.0039999999999,889.27,2023-05-14 20:16:22
MXP,Lansing,Estados Unidos,2023,5,887.18,920.7144444444444,946.81,2023-05-14 20:16:22
MXP,Kahului,Estados Unidos,2023,4,887.23,1158.6217391304347,956.27,2023-05-14 20:16:22
MXP,Cidade de Belize,Belize,2023,12,887.33,1238.015135135135,1349.22,2023-05-14 20:16:22
MXP,Tiruchirapalli,Índia,2023,3,887.72,927.75,891.31,2023-05-14 20:16:22
MXP,Arba Minch,Etiópia,2023,4,887.93,892.2166666666667,894.36,2023-05-14 20:16:22
MXP,Saint-Denis,Ilha da Reunião,2023,9,888.53,1016.4256818181819,1002.34,2023-05-14 20:16:22
MXP,Lampang,Tailândia,2023,8,888.54,997.7266666666668,950.6800000000001,2023-05-14 20:16:22
MXP,Kota Bharu,Malásia,2023,8,889.15,1076.8663636363635,1096.77,2023-05-14 20:16:22
MXP,Port Louis,Maurícia,2024,2,889.16,2414.035,2820.75,2023-05-14 20:16:22
MXP,Albany,Estados Unidos,2023,8,889.19,1010.837619047619,1116.38,2023-05-14 20:16:22
MXP,Oranjestad,Aruba,2023,12,889.58,1521.9311764705883,1588.12,2023-05-14 20:16:22
MXP,Bridgetown,Barbados,2023,7,889.76,1086.088125,1173.1,2023-05-14 20:16:22
MXP,Port Louis,Maurícia,2023,8,890.06,1103.5566666666666,1145.9,2023-05-14 20:16:22
MXP,Vitória,Canadá,2023,3,890.15,891.68625,891.7049999999999,2023-05-14 20:16:22
MXP,Campo Grande,Brasil,2023,9,890.43,892.7227272727273,892.8,2023-05-14 20:16:22
MXP,Puerto Princesa,Filipinas,2023,2,890.64,953.2552173913043,930.16,2023-05-14 20:16:22
MXP,Mérida,México,2023,2,890.64,1090.1358333333333,1027.07,2023-05-14 20:16:22
MXP,La Romana,República Dominicana,2023,1,890.64,1003.7566666666667,978.26,2023-05-14 20:16:22
MXP,Bahir Dar,Etiópia,2023,5,890.75,891.6241666666666,891.59,2023-05-14 20:16:22
MXP,Hanói,Vietname,2023,8,890.96,1177.9176666666667,1149.265,2023-05-14 20:16:22
MXP,Lampang,Tailândia,2023,7,891.31,1070.7572727272727,1140.63,2023-05-14 20:16:22
MXP,Lihue,Estados Unidos,2023,4,891.48,1009.8864285714286,1002.48,2023-05-14 20:16:22
MXP,Oklahoma City,Estados Unidos,2023,6,891.66,1104.447222222222,1210.13,2023-05-14 20:16:22
MXP,Abbotsford,Canadá,2023,6,892.46,1701.0448000000001,1768.61,2023-05-14 20:16:22
MXP,Bangor,Estados Unidos,2023,7,892.58,894.482,895.75,2023-05-14 20:16:22
MXP,Santa Cruz da Serra,Bolívia,2023,4,893.05,1304.19546875,1179.67,2023-05-14 20:16:22
MXP,Londrina,Brasil,2023,3,893.25,1027.9451351351352,1032.26,2023-05-14 20:16:22
MXP,Juneau,Estados Unidos,2023,5,893.3,988.9804347826087,978.12,2023-05-14 20:16:22
MXP,Pernem,Índia,2024,1,893.4,1069.4896774193548,1001.51,2023-05-14 20:16:22
MXP,Sanya,China,2023,5,893.44,894.0736363636363,893.96,2023-05-14 20:16:22
MXP,Brownsville,Estados Unidos,2023,5,893.52,895.2581818181818,895.54,2023-05-14 20:16:22
MXP,Angeles City,Filipinas,2023,5,893.58,1062.893953488372,1050.76,2023-05-14 20:16:22
MXP,Grand'Anse Praslin,Seicheles,2023,10,893.83,894.6220000000001,893.83,2023-05-14 20:16:22
MXP,Haiphong,Vietname,2023,9,894.33,899.1116666666667,900.38,2023-05-14 20:16:22
MXP,Pereira,Colômbia,2023,4,894.33,1143.54,1179.06,2023-05-14 20:16:22
MXP,San Antonio,Estados Unidos,2023,8,894.37,903.15,904.1099999999999,2023-05-14 20:16:22
MXP,Perth,Austrália,2023,11,894.76,1141.2585,1191.1599999999999,2023-05-14 20:16:22
MXP,Nagua,República Dominicana,2023,3,894.89,1257.6926315789474,1232.48,2023-05-14 20:16:22
MXP,Iloilo City,Filipinas,2023,4,895.13,1094.2069565217391,1272.6,2023-05-14 20:16:22
MXP,Ulã Bator,Mongólia,2023,10,895.2,895.2,895.2,2023-05-14 20:16:22
MXP,Cap Skirring,Senegal,2023,7,895.28,896.0754545454546,896.12,2023-05-14 20:16:22
MXP,Medan,Indonésia,2023,7,895.56,983.7623333333333,901.52,2023-05-14 20:16:22
MXP,Porto Seguro,Brasil,2023,3,896.1,1111.7419736842105,1018.85,2023-05-14 20:16:22
MXP,Cebu,Filipinas,2023,4,896.15,1201.9135384615386,1142.79,2023-05-14 20:16:22
MXP,Saint-Denis,Ilha da Reunião,2023,5,896.37,1065.8480555555554,1092.1,2023-05-14 20:16:22
MXP,Santa Maria Huatulco,México,2023,11,896.67,896.67,896.67,2023-05-14 20:16:22
MXP,Rayong,Tailândia,2023,4,897.01,1246.0789772727273,1301.97,2023-05-14 20:16:22
MXP,Querétaro,México,2023,5,897.21,1157.634054054054,1088.56,2023-05-14 20:16:22
MXP,Vientiane,Laos,2023,6,897.36,923.8938095238095,914.62,2023-05-14 20:16:22
MXP,Rayong,Tailândia,2023,9,897.63,977.1933333333333,942.38,2023-05-14 20:16:22
MXP,Praya,Indonésia,2023,2,897.98,904.3075,903.21,2023-05-14 20:16:22
MXP,Metz,França,2023,2,898.49,900.2777777777778,901.52,2023-05-14 20:16:22
MXP,Shenyang,China,2023,5,898.55,1090.6926315789474,1093.64,2023-05-14 20:16:22
MXP,Cap Skirring,Senegal,2023,2,898.63,959.5381818181818,965.56,2023-05-14 20:16:22
MXP,Assunção,Paraguai,2023,6,898.78,1229.628947368421,1274.04,2023-05-14 20:16:22
MXP,Windhoek,Namíbia,2023,1,898.93,898.93,898.93,2023-05-14 20:16:22
MXP,Balikpapan,Indonésia,2023,4,898.93,1175.7145238095238,1125.31,2023-05-14 20:16:22
MXP,Nagóia,Japão,2023,11,899.11,899.73,899.2950000000001,2023-05-14 20:16:22
MXP,Aktobe,Cazaquistão,2023,3,899.39,1196.6646428571428,1006.915,2023-05-14 20:16:22
MXP,Udaipur,Índia,2023,2,899.49,924.69875,900.5999999999999,2023-05-14 20:16:22
MXP,Caiena,Guiana Francesa,2023,9,899.49,1106.2819047619046,1258.82,2023-05-14 20:16:22
MXP,Melinde,Quénia,2023,4,899.73,1067.359,946.64,2023-05-14 20:16:22
MXP,Tóquio,Japão,2023,7,899.8,926.8144444444445,909.92,2023-05-14 20:16:22
MXP,Puerto Princesa,Filipinas,2023,5,899.81,914.8117391304347,906.8,2023-05-14 20:16:22
MXP,Svolvær,Noruega,2023,2,899.82,998.57,903.45,2023-05-14 20:16:22
MXP,Hohhot,China,2023,3,899.82,977.1144444444445,901.05,2023-05-14 20:16:22
MXP,Knoxville,Estados Unidos,2023,8,899.85,905.1,905.94,2023-05-14 20:16:22
MXP,Kingston,Jamaica,2023,8,899.85,1595.4694,1467.74,2023-05-14 20:16:22
MXP,Cartum,Sudão,2023,7,899.93,901.3344444444444,900.05,2023-05-14 20:16:22
MXP,Jacarta,Indonésia,2023,7,900.51,1171.5351851851851,1034.12,2023-05-14 20:16:22
MXP,Da Nang,Vietname,2023,12,900.72,918.3699999999999,901.8499999999999,2023-05-14 20:16:22
MXP,Hamilton,Bermudas,2023,8,900.75,1313.2627586206897,933.82,2023-05-14 20:16:22
MXP,Grand'Anse Praslin,Seicheles,2023,11,900.81,920.9831818181818,920.91,2023-05-14 20:16:22
MXP,Belém,Brasil,2023,4,900.81,902.9033333333333,902.72,2023-05-14 20:16:22
MXP,Hangzhou,China,2023,3,901.28,1190.1555172413794,1134.56,2023-05-14 20:16:22
MXP,Phu Quoc,Vietname,2023,2,901.32,1209.9869444444444,1235.69,2023-05-14 20:16:22
MXP,Amritsar,Índia,2023,8,901.37,939.6475,918.06,2023-05-14 20:16:22
MXP,Panama City,Estados Unidos,2023,4,901.71,901.71,901.71,2023-05-14 20:16:22
MXP,Longview,Estados Unidos,2023,12,902.22,903.9777777777778,905.16,2023-05-14 20:16:22
MXP,Akureyri,Islândia,2023,3,902.24,903.1700000000001,903.1700000000001,2023-05-14 20:16:22
MXP,Walvis Bay,Namíbia,2023,5,902.51,1004.1038235294118,951.005,2023-05-14 20:16:22
MXP,Long Beach,Estados Unidos,2023,6,902.68,1148.8994736842105,1122.8,2023-05-14 20:16:22
MXP,Moncton,Canadá,2023,9,902.84,903.3155555555555,903.33,2023-05-14 20:16:22
MXP,La Romana,República Dominicana,2023,2,902.87,1161.3348571428571,1146.43,2023-05-14 20:16:22
MXP,Achgabad,Turquemenistão,2023,5,903.15,912.5413333333332,908.68,2023-05-14 20:16:22
MXP,Bandar Seri Begawan,Brunei,2024,1,903.18,903.9350000000001,903.81,2023-05-14 20:16:22
MXP,Shenyang,China,2023,3,903.45,1619.4971875,1212.47,2023-05-14 20:16:22
MXP,Pernem,Índia,2023,7,903.46,906.1854545454546,907.79,2023-05-14 20:16:22
MXP,Brasília,Brasil,2024,2,904.86,904.866,904.87,2023-05-14 20:16:22
MXP,Kingstown,São Vicente e Granadinas,2023,3,905.03,1086.0420000000001,960.0799999999999,2023-05-14 20:16:22
MXP,Austin,Estados Unidos,2023,7,905.18,1061.3358064516128,964.7,2023-05-14 20:16:22
MXP,Angeles City,Filipinas,2023,3,905.25,1223.1561016949154,978.52,2023-05-14 20:16:22
MXP,Ontário,Estados Unidos,2023,7,905.35,1081.3600000000001,906.83,2023-05-14 20:16:22
MXP,Ahmedabad,Índia,2023,12,905.4,910.865,911.95,2023-05-14 20:16:22
MXP,Puerto Princesa,Filipinas,2023,6,905.45,1106.665,1161.51,2023-05-14 20:16:22
MXP,Osaka,Japão,2024,2,905.48,909.4300000000001,910.58,2023-05-14 20:16:22
MXP,Manaus,Brasil,2023,7,905.51,953.9916666666666,982.1,2023-05-14 20:16:22
MXP,Nagasaki,Japão,2023,6,905.86,909.9675000000001,908.71,2023-05-14 20:16:22
MXP,Arequipa,Perú,2023,3,906.16,907.5550000000001,907.5550000000001,2023-05-14 20:16:22
MXP,Siem Reap,Cambodja,2023,6,906.19,1018.0335714285713,999.8199999999999,2023-05-14 20:16:22
MXP,Belo Horizonte,Brasil,2023,11,906.53,906.53,906.53,2023-05-14 20:16:22
MXP,Quito,Equador,2023,6,906.55,966.028,929.21,2023-05-14 20:16:22
MXP,Blantyre,Malaui,2023,4,906.73,960.2564,973.87,2023-05-14 20:16:22
MXP,Siem Reap,Cambodja,2023,7,906.74,1016.2442857142858,907.13,2023-05-14 20:16:22
MXP,Oakland,Estados Unidos,2023,2,906.85,916.642,919.09,2023-05-14 20:16:22
MXP,Joinville,Brasil,2023,5,907.02,947.5450000000001,910.32,2023-05-14 20:16:22
MXP,Montevidéu,Uruguai,2023,2,907.13,1023.6611764705883,948.74,2023-05-14 20:16:22
MXP,Porto Plata,República Dominicana,2023,6,908.12,1119.143469387755,1002.17,2023-05-14 20:16:22
MXP,Chiang Mai,Tailândia,2023,4,908.63,1121.603559322034,963.79,2023-05-14 20:16:22
MXP,Trujillo,Perú,2023,2,908.66,909.8733333333334,909.83,2023-05-14 20:16:22
MXP,Addu City,Maldivas,2023,2,908.66,909.8733333333334,909.83,2023-05-14 20:16:22
MXP,Everett,Estados Unidos,2023,6,908.73,1158.9845945945947,1055.35,2023-05-14 20:16:22
MXP,Gainesville,Estados Unidos,2023,4,908.8,911.0918181818182,911.3,2023-05-14 20:16:22
MXP,Nanjing,China,2023,3,909.01,1268.248857142857,1210.83,2023-05-14 20:16:22
MXP,Achgabad,Turquemenistão,2023,3,909.06,947.321,960.02,2023-05-14 20:16:22
MXP,Santiago,Chile,2024,1,909.57,1020.085,1020.085,2023-05-14 20:16:22
MXP,Puerto Princesa,Filipinas,2023,9,909.73,1066.8104166666667,1130.45,2023-05-14 20:16:22
MXP,Sihanoukville,Cambodja,2023,5,909.94,1048.82,915.33,2023-05-14 20:16:22
MXP,Pointe-à-Pitre,Guadalupe,2023,2,910.12,1347.1866666666667,1191.2,2023-05-14 20:16:22
MXP,Katmandu,Nepal,2024,3,910.16,910.1659999999999,910.17,2023-05-14 20:16:22
MXP,Colombo,Sri Lanka,2023,8,910.17,1297.3753846153847,1161.35,2023-05-14 20:16:22
MXP,Changsha,China,2023,5,910.43,1071.61,1054.06,2023-05-14 20:16:22
MXP,Phu Quoc,Vietname,2023,3,910.66,2907.085,2903.59,2023-05-14 20:16:22
MXP,Roanoke,Estados Unidos,2023,7,910.71,912.5469999999999,912.73,2023-05-14 20:16:22
MXP,Manaus,Brasil,2023,3,910.74,1213.1889473684212,1005.21,2023-05-14 20:16:22
MXP,Rayong,Tailândia,2023,3,910.89,976.5963157894736,919.95,2023-05-14 20:16:22
MXP,Port Elizabeth,África do Sul,2023,4,910.9,1004.2138461538462,1031.69,2023-05-14 20:16:22
MXP,Pernem,Índia,2023,6,911.02,1004.47375,1023.77,2023-05-14 20:16:22
MXP,Saint John,Canadá,2023,7,911.13,912.105,912.1,2023-05-14 20:16:22
MXP,Puerto Princesa,Filipinas,2024,2,911.34,915.6709999999999,915.825,2023-05-14 20:16:22
MXP,Belo Horizonte,Brasil,2024,2,911.63,914.48,914.48,2023-05-14 20:16:22
MXP,Trujillo,Perú,2023,3,911.79,913.7860000000001,912.74,2023-05-14 20:16:22
MXP,Quetta,Paquistão,2023,3,911.83,917.8280000000001,921.7650000000001,2023-05-14 20:16:22
MXP,Bulawayo,Zimbábue,2023,11,912.32,916.0714285714286,916.65,2023-05-14 20:16:22
MXP,Melinde,Quénia,2023,2,912.52,1100.8778260869565,1113.33,2023-05-14 20:16:22
MXP,Porto de Espanha,Trinidad e Tobago,2023,5,912.57,990.1247058823528,927.24,2023-05-14 20:16:22
MXP,Achgabad,Turquemenistão,2023,6,912.68,933.8705,914.3399999999999,2023-05-14 20:16:22
MXP,Koh Samui,Tailândia,2023,3,912.8,1142.2432692307693,990.15,2023-05-14 20:16:22
MXP,Santiago,República Dominicana,2023,6,912.85,914.3414285714287,914.09,2023-05-14 20:16:22
MXP,Port Blair,Índia,2023,3,912.87,1080.035925925926,1030.52,2023-05-14 20:16:22
MXP,Chongqing,China,2023,5,913.04,1083.4389285714285,1123.555,2023-05-14 20:16:22
MXP,Acapulco,México,2023,11,913.15,917.49,917.645,2023-05-14 20:16:22
MXP,Achgabad,Turquemenistão,2023,2,913.18,1010.3807692307691,1039.62,2023-05-14 20:16:22
MXP,Cebu,Filipinas,2023,6,913.24,1056.9688095238096,988.585,2023-05-14 20:16:22
MXP,Melinde,Quénia,2023,6,913.29,1123.8583333333333,1219.0149999999999,2023-05-14 20:16:22
MXP,Melbourne,Austrália,2023,5,913.37,1226.9824096385541,1193.96,2023-05-14 20:16:22
MXP,Quito,Equador,2024,1,913.4,914.335,914.335,2023-05-14 20:16:22
MXP,Porto Alegre,Brasil,2023,9,913.67,918.327,920.28,2023-05-14 20:16:22
MXP,León,México,2023,3,913.95,984.3276000000001,915.47,2023-05-14 20:16:22
MXP,Birmingham,Estados Unidos,2023,10,913.98,913.98,913.98,2023-05-14 20:16:22
MXP,Walvis Bay,Namíbia,2023,3,914.32,1120.3595,936.59,2023-05-14 20:16:22
MXP,Fairbanks,Estados Unidos,2023,3,914.32,1190.572258064516,988.49,2023-05-14 20:16:22
MXP,Providence,Estados Unidos,2023,6,914.43,1043.4725,1037.97,2023-05-14 20:16:22
MXP,Saint John's,Antígua e Barbuda,2023,11,914.57,1059.4286666666667,1119.5,2023-05-14 20:16:22
MXP,Indianápolis,Estados Unidos,2023,8,914.59,914.604,914.59,2023-05-14 20:16:22
MXP,Cantão,China,2023,10,914.86,983.1809999999999,969.4549999999999,2023-05-14 20:16:22
MXP,Willemstad,Curaçao,2023,10,914.89,931.3433333333334,914.95,2023-05-14 20:16:22
MXP,San Pedro,Honduras,2023,6,914.97,1080.3899999999999,1138.32,2023-05-14 20:16:22
MXP,Belo Horizonte,Brasil,2023,10,915.05,915.4939999999999,915.05,2023-05-14 20:16:22
MXP,Santa Cruz da Serra,Bolívia,2023,11,915.15,919.35875,919.36,2023-05-14 20:16:22
MXP,Redmond,Estados Unidos,2023,6,915.15,919.6540000000001,920.06,2023-05-14 20:16:22
MXP,Cebu,Filipinas,2023,9,915.19,1122.2186666666666,1174.4,2023-05-14 20:16:22
MXP,Sohag,Egito,2023,3,915.3,922.38,923.4,2023-05-14 20:16:22
MXP,Krabi,Tailândia,2023,7,915.68,1025.1809375,935.61,2023-05-14 20:16:22
MXP,Phitsanulok,Tailândia,2023,5,915.77,989.412380952381,922.89,2023-05-14 20:16:22
MXP,Kobe,Japão,2023,5,915.87,1388.6417924528303,1295.275,2023-05-14 20:16:22
MXP,Willemstad,Curaçao,2023,9,916.08,941.6355555555556,926.09,2023-05-14 20:16:22
MXP,Kobe,Japão,2023,2,916.43,2045.1100000000001,1525.38,2023-05-14 20:16:22
MXP,San Luis Potosí,México,2023,9,916.8,920.059,920.03,2023-05-14 20:16:22
MXP,Abbotsford,Canadá,2023,8,916.99,1267.4391666666668,1313.28,2023-05-14 20:16:22
MXP,Kuantan,Malásia,2023,2,917.19,1025.14,919.19,2023-05-14 20:16:22
MXP,Haikou,China,2023,5,917.26,917.9145454545454,917.8,2023-05-14 20:16:22
MXP,Bhubaneswar,Índia,2023,2,917.27,1478.575,920.32,2023-05-14 20:16:22
MXP,Angeles City,Filipinas,2023,4,917.3,1107.5879439252337,1057.38,2023-05-14 20:16:22
MXP,Santo Domingo,República Dominicana,2023,7,917.4,917.4,917.4,2023-05-14 20:16:22
MXP,Siem Reap,Cambodja,2023,8,917.5,1609.4686046511627,1446.87,2023-05-14 20:16:22
MXP,Fort Lauderdale,Estados Unidos,2023,7,917.7,1076.5833333333333,1020.29,2023-05-14 20:16:22
MXP,Dharamshala,Índia,2023,9,918.05,924.201111111111,924.6,2023-05-14 20:16:22
MXP,Rayong,Tailândia,2023,11,918.18,918.18,918.18,2023-05-14 20:16:22
MXP,Iaundé,Camarões,2023,8,918.44,1070.176,1105.11,2023-05-14 20:16:22
MXP,Manila,Filipinas,2024,3,918.52,918.52,918.52,2023-05-14 20:16:22
MXP,Cartagena,Colômbia,2023,8,918.55,1198.2949019607843,1255.42,2023-05-14 20:16:22
MXP,Fukuoka,Japão,2023,6,918.62,962.3675000000001,981.6800000000001,2023-05-14 20:16:22
MXP,Rayong,Tailândia,2023,6,919.21,920.845,920.845,2023-05-14 20:16:22
MXP,Siem Reap,Cambodja,2023,5,919.24,1044.6244444444444,970.87,2023-05-14 20:16:22
MXP,Urgench,Uzbequistão,2023,7,919.5,922.48,923.97,2023-05-14 20:16:22
MXP,Blantyre,Malaui,2023,1,919.67,920.5044444444443,920.86,2023-05-14 20:16:22
MXP,Ilhéus,Brasil,2023,6,919.72,1267.6695,1493.835,2023-05-14 20:16:22
MXP,Sihanoukville,Cambodja,2023,11,919.75,920.55875,920.1800000000001,2023-05-14 20:16:22
MXP,Bogotá,Colômbia,2023,12,919.75,1079.2328571428573,1077.35,2023-05-14 20:16:22
MXP,Quetta,Paquistão,2023,5,920.24,920.24,920.24,2023-05-14 20:16:22
MXP,Osaka,Japão,2023,8,920.27,2234.231470588235,1155.555,2023-05-14 20:16:22
MXP,Guilin,China,2023,6,920.41,921.1672727272727,921.05,2023-05-14 20:16:22
MXP,Addu City,Maldivas,2023,11,920.52,921.6342857142857,922.47,2023-05-14 20:16:22
MXP,Vitória da Conquista,Brasil,2023,2,920.64,1122.3079310344829,1124.89,2023-05-14 20:16:22
MXP,Cozumel,México,2023,5,920.84,1445.2649999999999,1048.72,2023-05-14 20:16:22
MXP,Achgabad,Turquemenistão,2023,4,921.02,995.6311538461539,927.24,2023-05-14 20:16:22
MXP,Phnom Penh,Cambodja,2023,1,921.04,921.04,921.04,2023-05-14 20:16:22
MXP,Recife,Brasil,2023,2,921.12,1231.0803999999998,938.42,2023-05-14 20:16:22
MXP,Willemstad,Curaçao,2024,1,921.31,923.9979999999999,925.79,2023-05-14 20:16:22
MXP,Montego Bay,Jamaica,2023,7,921.56,1279.837,1379.28,2023-05-14 20:16:22
MXP,Simpson Bay,São Martinho (Sint Maarten),2023,6,921.82,1065.815,923.66,2023-05-14 20:16:22
MXP,La Romana,República Dominicana,2023,11,922.19,995.0786666666667,925.52,2023-05-14 20:16:22
MXP,Nagua,República Dominicana,2023,4,922.59,2350.835833333333,1151.83,2023-05-14 20:16:22
MXP,Koh Samui,Tailândia,2024,4,922.63,923.6366666666667,924.14,2023-05-14 20:16:22
MXP,Porto Alegre,Brasil,2023,2,922.7,1038.0494594594595,1041.92,2023-05-14 20:16:22
MXP,Puerto Escondido,México,2023,5,922.73,1044.726129032258,992.21,2023-05-14 20:16:22
MXP,Las Vegas,Estados Unidos,2023,7,922.79,922.79,922.79,2023-05-14 20:16:22
MXP,Oaxaca,México,2023,3,923.0,963.186,963.165,2023-05-14 20:16:22
MXP,Boracay,Filipinas,2023,3,923.08,1082.5064285714286,1001.0,2023-05-14 20:16:22
MXP,Kuching,Malásia,2023,5,923.38,974.0219999999999,925.28,2023-05-14 20:16:22
MXP,Davao,Filipinas,2023,4,923.58,1119.2645454545454,1279.57,2023-05-14 20:16:22
MXP,Porto Seguro,Brasil,2023,5,923.81,1097.469111111111,1070.43,2023-05-14 20:16:22
MXP,Castries,Santa Lúcia,2023,5,924.28,1472.5653846153848,1507.37,2023-05-14 20:16:22
MXP,Bloemfontein,África do Sul,2023,4,924.41,926.7585714285714,924.41,2023-05-14 20:16:22
MXP,West Tisbury,Estados Unidos,2023,8,924.6,988.6139999999999,1034.35,2023-05-14 20:16:22
MXP,Jinan,China,2023,2,924.79,926.0466666666666,926.97,2023-05-14 20:16:22
MXP,San José,Costa Rica,2023,12,924.79,1225.9135714285715,1241.12,2023-05-14 20:16:22
MXP,Singapura,Singapura,2023,8,925.36,965.62,925.4,2023-05-14 20:16:22
MXP,Londrina,Brasil,2023,11,925.67,926.3309999999999,925.79,2023-05-14 20:16:22
MXP,Montevidéu,Uruguai,2023,9,926.05,982.6650000000001,954.03,2023-05-14 20:16:22
MXP,Grand-Case,São Martinho (Saint-Martin),2023,6,926.59,939.5308333333334,939.625,2023-05-14 20:16:22
MXP,Maseru,Lesoto,2023,6,926.75,936.0170833333333,929.74,2023-05-14 20:16:22
MXP,Balikpapan,Indonésia,2023,5,927.78,982.0059090909091,981.5550000000001,2023-05-14 20:16:22
MXP,Fargo,Estados Unidos,2023,6,927.88,927.88,927.88,2023-05-14 20:16:22
MXP,Prescott,Estados Unidos,2023,8,928.03,931.135,932.545,2023-05-14 20:16:22
MXP,Fort Myers,Estados Unidos,2023,12,928.03,953.3619999999999,928.03,2023-05-14 20:16:22
MXP,Assunção,Paraguai,2023,2,928.46,1622.8181818181818,1440.185,2023-05-14 20:16:22
MXP,Sydney,Austrália,2023,6,928.59,1176.8087096774193,1147.52,2023-05-14 20:16:22
MXP,Bandar Seri Begawan,Brunei,2023,4,928.71,928.71,928.71,2023-05-14 20:16:22
MXP,Sorong,Indonésia,2023,3,928.98,935.1792307692308,937.14,2023-05-14 20:16:22
MXP,Alor Setar,Malásia,2023,4,929.93,1165.5016666666666,1162.04,2023-05-14 20:16:22
MXP,Boa Vista,Brasil,2023,4,930.05,1585.774375,1383.72,2023-05-14 20:16:22
MXP,Everett,Estados Unidos,2023,2,930.3,931.5279999999999,931.89,2023-05-14 20:16:22
MXP,Addu City,Maldivas,2024,1,930.3,977.874,930.68,2023-05-14 20:16:22
MXP,Hangzhou,China,2023,2,930.8,1072.390909090909,1059.6799999999998,2023-05-14 20:16:22
MXP,Ítaca,Estados Unidos,2023,3,930.98,974.1625,994.72,2023-05-14 20:16:22
MXP,Brasília,Brasil,2023,4,931.19,1432.686153846154,1172.9499999999998,2023-05-14 20:16:22
MXP,Leh,Índia,2023,9,931.32,933.1366666666667,934.35,2023-05-14 20:16:22
MXP,Hoedspruit,África do Sul,2023,6,931.37,936.4440000000001,936.405,2023-05-14 20:16:22
MXP,Willemstad,Curaçao,2023,5,931.65,997.5872413793103,959.81,2023-05-14 20:16:22
MXP,Mendoza,Argentina,2023,3,932.09,1314.0069767441862,1216.65,2023-05-14 20:16:22
MXP,Port Blair,Índia,2023,2,932.13,1017.1457142857141,1078.01,2023-05-14 20:16:22
MXP,Nosy Be,Madagáscar,2023,6,932.61,1276.017857142857,1192.15,2023-05-14 20:16:22
MXP,Surate,Índia,2023,3,932.62,945.3629999999999,941.26,2023-05-14 20:16:22
MXP,Sydney,Austrália,2023,5,932.83,1109.5125694444444,1100.62,2023-05-14 20:16:22
MXP,Cataratas Vitória,Zimbábue,2023,2,933.01,997.0178571428571,1010.01,2023-05-14 20:16:22
MXP,Natal,Brasil,2023,9,933.1,949.9566666666666,933.1,2023-05-14 20:16:22
MXP,Srinagar,Índia,2023,3,933.32,937.9255555555555,937.97,2023-05-14 20:16:22
MXP,Cidade da Guatemala,Guatemala,2023,12,933.41,1269.5646666666667,1238.48,2023-05-14 20:16:22
MXP,Blantyre,Malaui,2023,3,933.42,934.855,934.855,2023-05-14 20:16:22
MXP,Flagstaff,Estados Unidos,2023,4,933.43,933.43,933.43,2023-05-14 20:16:22
MXP,Ketchikan,Estados Unidos,2023,3,933.87,1391.0964705882352,939.25,2023-05-14 20:16:22
MXP,Little Rock,Estados Unidos,2023,6,934.24,1038.2622222222224,939.35,2023-05-14 20:16:22
MXP,Rajkot,Índia,2023,2,934.44,934.7909999999999,934.74,2023-05-14 20:16:22
MXP,Kaohsiung,Taiwan,2023,6,934.46,1031.2478571428571,1057.3449999999998,2023-05-14 20:16:22
MXP,Siālkot,Paquistão,2023,9,934.71,938.2540000000001,939.14,2023-05-14 20:16:22
MXP,Maun,Botsuana,2023,4,934.98,1165.178947368421,1033.35,2023-05-14 20:16:22
MXP,Perth,Austrália,2023,3,935.15,1487.3832,1438.68,2023-05-14 20:16:22
MXP,La Romana,República Dominicana,2023,3,935.3,1117.3481481481483,1079.21,2023-05-14 20:16:22
MXP,Da Nang,Vietname,2024,1,935.43,939.6411111111112,941.28,2023-05-14 20:16:22
MXP,Teresina,Brasil,2023,11,936.09,936.09,936.09,2023-05-14 20:16:22
MXP,Vancouver,Canadá,2023,7,936.28,1140.752,1176.73,2023-05-14 20:16:22
MXP,Blantyre,Malaui,2023,9,936.46,940.0145454545454,940.53,2023-05-14 20:16:22
MXP,Cuzco,Perú,2023,5,936.46,1346.1576363636364,1259.8,2023-05-14 20:16:22
MXP,Cuiabá,Brasil,2023,4,936.49,1253.7490196078431,1246.47,2023-05-14 20:16:22
MXP,Dehradun,Índia,2023,5,937.36,1328.2166666666667,1214.84,2023-05-14 20:16:22
MXP,Monróvia,Libéria,2023,5,937.57,944.2905263157895,944.35,2023-05-14 20:16:22
MXP,Florianópolis,Brasil,2023,6,937.64,1006.6466666666666,938.03,2023-05-14 20:16:22
MXP,Chittagong,Bangladexe,2023,4,937.97,937.97,937.97,2023-05-14 20:16:22
MXP,Vilanculos,Moçambique,2023,3,938.02,939.2255555555556,940.19,2023-05-14 20:16:22
MXP,Ube,Japão,2024,2,938.1,940.0058333333333,940.23,2023-05-14 20:16:22
MXP,Pensacola,Estados Unidos,2023,8,938.78,939.86,938.93,2023-05-14 20:16:22
MXP,Córdova,Argentina,2023,9,938.9,938.9,938.9,2023-05-14 20:16:22
MXP,Nanjing,China,2023,5,939.05,1109.0042372881355,1149.61,2023-05-14 20:16:22
MXP,Maseru,Lesoto,2023,5,939.05,947.8909523809523,945.6,2023-05-14 20:16:22
MXP,Navegantes,Brasil,2023,10,939.09,945.5165000000001,945.97,2023-05-14 20:16:22
MXP,Pavlodar,Cazaquistão,2023,4,939.12,940.376,940.01,2023-05-14 20:16:22
MXP,Phu Quoc,Vietname,2023,9,939.46,978.2533333333333,995.9,2023-05-14 20:16:22
MXP,Oranjestad,Aruba,2023,7,939.64,1591.14125,1729.85,2023-05-14 20:16:22
MXP,Appleton,Estados Unidos,2023,4,939.66,939.66,939.66,2023-05-14 20:16:22
MXP,Sukhothai,Tailândia,2023,11,940.11,978.6235714285714,946.68,2023-05-14 20:16:22
MXP,Green Bay,Estados Unidos,2023,4,940.33,1151.2055,1191.185,2023-05-14 20:16:22
MXP,Rayong,Tailândia,2023,5,940.34,2761.8185000000003,3548.065,2023-05-14 20:16:22
MXP,Grand Rapids,Estados Unidos,2023,8,940.85,944.9522222222222,944.28,2023-05-14 20:16:22
MXP,Cuiabá,Brasil,2023,10,940.9,940.9,940.9,2023-05-14 20:16:22
MXP,Fairbanks,Estados Unidos,2023,9,941.26,946.2866666666667,947.62,2023-05-14 20:16:22
MXP,São Tomé,São Tomé e Príncipe,2023,11,941.33,969.3835714285715,944.94,2023-05-14 20:16:22
MXP,Punta Arenas,Chile,2023,9,941.62,943.0266666666666,941.62,2023-05-14 20:16:22
MXP,Hyderabad,Índia,2023,8,941.72,942.567,942.51,2023-05-14 20:16:22
MXP,Tianjin,China,2023,4,942.09,1133.9660000000001,1103.14,2023-05-14 20:16:22
MXP,Nan,Tailândia,2023,5,942.2,958.8490476190477,949.52,2023-05-14 20:16:22
MXP,Cidade do Panamá,Panamá,2023,8,942.2,1136.9925,1140.435,2023-05-14 20:16:22
MXP,Kigali,Ruanda,2023,8,942.2,1186.5128571428572,942.24,2023-05-14 20:16:22
MXP,Boracay,Filipinas,2023,5,942.2,1863.8496551724138,993.02,2023-05-14 20:16:22
MXP,Simpson Bay,São Martinho (Sint Maarten),2023,10,942.38,943.04,943.37,2023-05-14 20:16:22
MXP,León,Espanha,2023,8,942.73,943.4328571428571,942.73,2023-05-14 20:16:22
MXP,Sihanoukville,Cambodja,2023,6,942.82,946.5600000000001,948.04,2023-05-14 20:16:22
MXP,Duluth,Estados Unidos,2023,6,943.08,947.5600000000001,947.72,2023-05-14 20:16:22
MXP,Porto Plata,República Dominicana,2023,3,943.55,1139.966111111111,979.71,2023-05-14 20:16:22
MXP,Qostanay,Cazaquistão,2023,2,943.56,1293.486111111111,948.43,2023-05-14 20:16:22
MXP,Edmonton,Canadá,2023,6,944.11,947.767,947.785,2023-05-14 20:16:22
MXP,Lafayette,Estados Unidos,2023,8,944.39,945.5455555555556,944.7,2023-05-14 20:16:22
MXP,Maun,Botsuana,2023,3,944.47,970.1544444444444,962.41,2023-05-14 20:16:22
MXP,Navegantes,Brasil,2023,5,944.48,1053.3647058823528,1017.44,2023-05-14 20:16:22
MXP,Ottawa,Canadá,2023,9,944.49,946.5530000000001,945.47,2023-05-14 20:16:22
MXP,Mérida,México,2023,3,944.84,1450.5826923076925,1274.96,2023-05-14 20:16:22
MXP,Sharurah,Arábia Saudita,2023,4,944.98,946.26,947.2,2023-05-14 20:16:22
MXP,Chongqing,China,2023,6,945.31,1174.5883333333334,1128.715,2023-05-14 20:16:22
MXP,Assunção,Paraguai,2023,1,945.78,945.7800000000001,945.78,2023-05-14 20:16:22
MXP,Caiena,Guiana Francesa,2023,6,945.8,949.5458333333332,950.4,2023-05-14 20:16:22
MXP,San José del Cabo,México,2023,8,946.02,1563.6568421052632,1374.63,2023-05-14 20:16:22
MXP,Kinshasa,República Democrática do Congo,2023,7,946.19,946.19,946.19,2023-05-14 20:16:22
MXP,Pernem,Índia,2023,12,946.3,1118.8216666666667,962.56,2023-05-14 20:16:22
MXP,Antananarivo,Madagáscar,2023,7,946.44,1158.59,1061.93,2023-05-14 20:16:22
MXP,Acra,Gana,2023,8,946.57,1140.76,1137.2,2023-05-14 20:16:22
MXP,Cuzco,Perú,2023,2,946.6,1047.0543333333333,1031.08,2023-05-14 20:16:22
MXP,Madurai,Índia,2023,4,946.89,954.8119999999999,955.21,2023-05-14 20:16:22
MXP,Osaka,Japão,2023,2,946.9,1030.3064285714286,1011.1,2023-05-14 20:16:22
MXP,Long Beach,Estados Unidos,2023,8,947.21,1485.7778260869566,1444.27,2023-05-14 20:16:22
MXP,Hohhot,China,2023,2,947.32,947.6615384615385,947.62,2023-05-14 20:16:22
MXP,Angeles City,Filipinas,2023,10,947.36,947.3633333333333,947.36,2023-05-14 20:16:22
MXP,Ulã Bator,Mongólia,2023,9,947.43,966.1814285714287,949.08,2023-05-14 20:16:22
MXP,Grand'Anse Praslin,Seicheles,2023,7,947.47,1115.217142857143,1127.0,2023-05-14 20:16:22
MXP,Lucknow,Índia,2023,9,947.5,948.2450000000001,948.075,2023-05-14 20:16:22
MXP,Phnom Penh,Cambodja,2023,2,947.73,1080.5718181818183,1031.5,2023-05-14 20:16:22
MXP,Minatitlán,México,2023,5,947.73,948.385,947.925,2023-05-14 20:16:22
MXP,Kingston,Jamaica,2023,6,947.84,1012.1614285714286,960.97,2023-05-14 20:16:22
MXP,Chetumal,México,2023,4,947.85,951.6389999999999,951.51,2023-05-14 20:16:22
MXP,Lagos,Nigéria,2023,1,948.12,948.12,948.12,2023-05-14 20:16:22
MXP,Addu City,Maldivas,2023,12,948.12,1331.062777777778,1329.06,2023-05-14 20:16:22
MXP,Grande Caimão,Ilhas Cayman,2023,3,948.3,971.8414285714287,960.87,2023-05-14 20:16:22
MXP,Dire Dawa,Etiópia,2023,10,948.51,948.51,948.51,2023-05-14 20:16:22
MXP,Sacramento,Estados Unidos,2023,7,948.54,1028.2925,1009.35,2023-05-14 20:16:22
MXP,Cidade da Guatemala,Guatemala,2024,1,948.57,997.5726666666667,1015.18,2023-05-14 20:16:22
MXP,Mcallen,Estados Unidos,2023,6,948.69,953.851,953.81,2023-05-14 20:16:22
MXP,Natal,Brasil,2023,8,949.18,1398.1586842105262,1193.29,2023-05-14 20:16:22
MXP,Srinagar,Índia,2023,9,949.33,950.076,949.905,2023-05-14 20:16:22
MXP,Barranquilla,Colômbia,2023,6,949.34,1121.2675,949.96,2023-05-14 20:16:22
MXP,Cebu,Filipinas,2024,1,949.52,1398.9275,1018.6400000000001,2023-05-14 20:16:22
MXP,Porto Plata,República Dominicana,2023,11,949.7,954.115,954.535,2023-05-14 20:16:22
MXP,Key West,Estados Unidos,2023,5,950.56,951.5541666666667,951.45,2023-05-14 20:16:22
MXP,Chengdu,China,2023,3,950.62,1152.3561111111112,1153.05,2023-05-14 20:16:22
MXP,Oakland,Estados Unidos,2023,11,951.12,952.0225,951.44,2023-05-14 20:16:22
MXP,Cali,Colômbia,2023,6,951.58,2348.8031818181817,1664.04,2023-05-14 20:16:22
MXP,Albuquerque,Estados Unidos,2023,7,951.76,1089.8116666666667,1080.9,2023-05-14 20:16:22
MXP,Krabi,Tailândia,2023,3,951.92,988.0649999999999,965.02,2023-05-14 20:16:22
MXP,Kelowna,Canadá,2023,6,952.09,1065.79,1054.81,2023-05-14 20:16:22
MXP,Fairbanks,Estados Unidos,2023,8,952.11,1216.6320833333334,1303.85,2023-05-14 20:16:22
MXP,Santa Cruz da Serra,Bolívia,2023,2,952.11,1055.232608695652,1004.0,2023-05-14 20:16:22
MXP,Mont Lubin,Maurícia,2023,10,952.28,956.2585714285714,952.28,2023-05-14 20:16:22
MXP,Tuxtla Gutiérrez,México,2023,4,952.33,953.008,952.45,2023-05-14 20:16:22
MXP,Monterrei,México,2023,6,952.35,1096.4025,1184.705,2023-05-14 20:16:22
MXP,Santiago,Chile,2023,8,952.4,1677.6382352941177,1222.4,2023-05-14 20:16:22
MXP,Santa Fé,Estados Unidos,2023,7,953.19,1500.19125,1919.78,2023-05-14 20:16:22
MXP,Comayagua,Honduras,2023,2,953.42,957.052,957.64,2023-05-14 20:16:22
MXP,Goiânia,Brasil,2023,5,953.69,1110.5474468085108,1151.07,2023-05-14 20:16:22
MXP,Chiang Mai,Tailândia,2023,2,953.75,1206.0175,1271.79,2023-05-14 20:16:22
MXP,Comox,Canadá,2023,4,953.85,984.8678571428571,991.93,2023-05-14 20:16:22
MXP,Porto Plata,República Dominicana,2023,2,953.95,957.03,957.88,2023-05-14 20:16:22
MXP,St John's,Canadá,2023,7,954.09,984.5524999999999,988.62,2023-05-14 20:16:22
MXP,Christiansted,Ilhas Virgens Americanas,2023,9,954.18,955.03,955.08,2023-05-14 20:16:22
MXP,Madison,Estados Unidos,2023,8,954.35,956.9110000000001,958.07,2023-05-14 20:16:22
MXP,Lampang,Tailândia,2023,12,954.48,956.2459999999999,956.3399999999999,2023-05-14 20:16:22
MXP,Eugene,Estados Unidos,2023,9,954.5,961.6466666666666,960.06,2023-05-14 20:16:22
MXP,Veracruz,México,2023,2,954.5,1045.7224999999999,957.28,2023-05-14 20:16:22
MXP,Cidade de Belize,Belize,2023,11,954.56,957.025,957.025,2023-05-14 20:16:22
MXP,Sioux Falls,Estados Unidos,2023,10,954.87,955.4611111111111,955.53,2023-05-14 20:16:22
MXP,Anchorage,Estados Unidos,2023,12,955.11,955.1366666666667,955.11,2023-05-14 20:16:22
MXP,Phuket,Tailândia,2023,2,955.48,1256.28,1034.1,2023-05-14 20:16:22
MXP,Nelspruit,África do Sul,2023,7,955.57,961.7463636363635,962.8,2023-05-14 20:16:22
MXP,Whitehorse,Canadá,2023,11,955.69,956.6316666666667,955.7,2023-05-14 20:16:22
MXP,Sapporo,Japão,2023,2,956.03,1454.6971428571428,1214.48,2023-05-14 20:16:22
MXP,Wenzhou,China,2023,10,956.28,956.2933333333334,956.3,2023-05-14 20:16:22
MXP,San Antonio,Estados Unidos,2023,7,956.66,1593.2468292682927,1870.36,2023-05-14 20:16:22
MXP,Nagua,República Dominicana,2023,2,956.7,1268.8070833333334,1012.37,2023-05-14 20:16:22
MXP,Kaohsiung,Taiwan,2023,9,956.91,958.0418181818181,957.3,2023-05-14 20:16:22
MXP,Campina Grande,Brasil,2023,5,957.48,991.9399999999999,957.51,2023-05-14 20:16:22
MXP,Sfax,Tunísia,2023,3,957.81,959.702,959.335,2023-05-14 20:16:22
MXP,Assunção,Paraguai,2023,9,958.71,1007.18,965.65,2023-05-14 20:16:22
MXP,Veracruz,México,2023,3,958.74,3252.6552112676054,4504.04,2023-05-14 20:16:22
MXP,Vitória,Canadá,2023,11,958.82,959.3449999999999,959.345,2023-05-14 20:16:22
MXP,Shenyang,China,2023,10,959.01,959.0214285714285,959.03,2023-05-14 20:16:22
MXP,Buenos Aires,Argentina,2023,12,959.06,1076.27,1076.27,2023-05-14 20:16:22
MXP,Acapulco,México,2023,5,959.27,1205.0154545454545,1164.1599999999999,2023-05-14 20:16:22
MXP,Natal,Brasil,2023,2,959.46,1174.7137037037037,1139.03,2023-05-14 20:16:22
MXP,Grande Caimão,Ilhas Cayman,2023,6,959.62,1057.1096875,1089.47,2023-05-14 20:16:22
MXP,Buenos Aires,Argentina,2024,2,959.69,1075.2713636363637,1108.2,2023-05-14 20:16:22
MXP,Cidade da Guatemala,Guatemala,2023,7,959.79,1241.908695652174,1192.38,2023-05-14 20:16:22
MXP,Johor Bahru,Malásia,2023,3,959.91,967.9405,966.345,2023-05-14 20:16:22
MXP,Chiang Rai,Tailândia,2023,7,960.13,1062.3472413793104,1012.02,2023-05-14 20:16:22
MXP,Albuquerque,Estados Unidos,2023,8,960.52,1038.8073333333332,962.48,2023-05-14 20:16:22
MXP,Mont Lubin,Maurícia,2023,6,960.6,1074.737619047619,961.82,2023-05-14 20:16:22
MXP,Santiago,República Dominicana,2023,7,960.8,962.088,960.8,2023-05-14 20:16:22
MXP,Mont Lubin,Maurícia,2023,11,960.87,967.8928571428571,966.41,2023-05-14 20:16:22
MXP,Foz do Iguaçu,Brasil,2023,7,960.88,964.24,966.48,2023-05-14 20:16:22
MXP,Kobe,Japão,2024,2,960.96,1031.0625,961.49,2023-05-14 20:16:22
MXP,Mont Lubin,Maurícia,2023,12,961.07,963.2908333333334,961.97,2023-05-14 20:16:22
MXP,Porto Plata,República Dominicana,2023,5,961.13,1157.033,1312.45,2023-05-14 20:16:22
MXP,Phoenix,Estados Unidos,2023,7,961.49,962.625,962.625,2023-05-14 20:16:22
MXP,Edmonton,Canadá,2023,12,961.51,962.3772727272727,962.64,2023-05-14 20:16:22
MXP,Beaumont,Estados Unidos,2023,4,962.0,965.7490909090909,967.6,2023-05-14 20:16:22
MXP,Salt Lake City,Estados Unidos,2023,12,962.12,973.5417857142858,978.81,2023-05-14 20:16:22
MXP,Pokhara,Nepal,2023,5,962.16,963.8000000000001,963.48,2023-05-14 20:16:22
MXP,Angeles City,Filipinas,2023,9,962.2,1016.2029166666666,1000.05,2023-05-14 20:16:22
MXP,Melinde,Quénia,2023,12,962.39,1221.2173913043478,1358.64,2023-05-14 20:16:22
MXP,Lusaka,Zâmbia,2023,12,962.95,963.1700000000001,963.1700000000001,2023-05-14 20:16:22
MXP,Tampa,Estados Unidos,2023,7,963.09,964.1566666666668,963.09,2023-05-14 20:16:22
MXP,São Tomé,São Tomé e Príncipe,2023,5,963.73,1450.857142857143,1577.16,2023-05-14 20:16:22
MXP,Armênia,Colômbia,2023,2,963.87,1072.7735714285714,1092.6599999999999,2023-05-14 20:16:22
MXP,Batam,Indonésia,2023,3,964.02,973.7030769230769,970.73,2023-05-14 20:16:22
MXP,Salt Lake City,Estados Unidos,2023,7,964.02,1108.4648648648647,1119.77,2023-05-14 20:16:22
MXP,Okinawa,Japão,2024,2,964.12,965.042,964.61,2023-05-14 20:16:22
MXP,Malang,Indonésia,2023,3,964.24,966.2963636363637,966.52,2023-05-14 20:16:22
MXP,Vientiane,Laos,2023,3,964.31,1059.77,1057.53,2023-05-14 20:16:22
MXP,Eugene,Estados Unidos,2023,6,965.02,969.767,970.195,2023-05-14 20:16:22
MXP,Jacksonville,Estados Unidos,2023,7,965.05,965.3866666666667,965.05,2023-05-14 20:16:22
MXP,Brazavile,República do Congo,2023,12,965.12,970.4370000000001,970.85,2023-05-14 20:16:22
MXP,Thiruvananthapuram,Índia,2023,12,965.65,1113.245070422535,1163.15,2023-05-14 20:16:22
MXP,Kobe,Japão,2024,1,965.88,1040.922857142857,969.7750000000001,2023-05-14 20:16:22
MXP,Manaus,Brasil,2023,12,965.89,967.193,965.9849999999999,2023-05-14 20:16:22
MXP,Cidade do Panamá,Panamá,2024,1,966.03,966.03,966.03,2023-05-14 20:16:22
MXP,Okinawa,Japão,2023,12,966.55,968.06,966.55,2023-05-14 20:16:22
MXP,Sydney,Austrália,2023,4,966.56,1359.2050877192983,1359.45,2023-05-14 20:16:22
MXP,Cidade do Kansas,Estados Unidos,2023,6,966.83,967.2316666666667,966.83,2023-05-14 20:16:22
MXP,Richmond,Estados Unidos,2023,6,967.74,968.8100000000001,968.9449999999999,2023-05-14 20:16:22
MXP,Phu Quoc,Vietname,2023,5,967.89,1006.3727777777777,969.12,2023-05-14 20:16:22
MXP,Mont Lubin,Maurícia,2023,4,967.91,969.1136363636364,969.57,2023-05-14 20:16:22
MXP,Porto Seguro,Brasil,2023,2,967.91,1112.0713333333333,1039.62,2023-05-14 20:16:22
MXP,Ipatinga,Brasil,2024,1,968.39,968.655,968.4,2023-05-14 20:16:22
MXP,Montego Bay,Jamaica,2023,6,968.8,1146.2611111111112,1048.65,2023-05-14 20:16:22
MXP,Albany,Estados Unidos,2023,2,969.2,972.0400000000001,971.86,2023-05-14 20:16:22
MXP,Lima,Perú,2023,7,969.36,1035.085,969.4,2023-05-14 20:16:22
MXP,Kobe,Japão,2023,11,969.48,1215.625,1188.165,2023-05-14 20:16:22
MXP,Ulã Bator,Mongólia,2024,1,969.59,970.575,970.575,2023-05-14 20:16:22
MXP,Hong Kong,Hong Kong,2023,7,969.64,981.995,981.995,2023-05-14 20:16:22
MXP,Mérida,México,2023,6,970.05,1098.3657894736843,1174.78,2023-05-14 20:16:22
MXP,Sydney,Austrália,2024,3,970.54,1132.592,1058.28,2023-05-14 20:16:22
MXP,Porto de Espanha,Trinidad e Tobago,2024,2,972.68,1304.040909090909,1376.83,2023-05-14 20:16:22
MXP,Boracay,Filipinas,2023,9,972.96,977.89375,977.72,2023-05-14 20:16:22
MXP,Sapporo,Japão,2023,12,973.21,973.56875,973.22,2023-05-14 20:16:22
MXP,Tulsa,Estados Unidos,2023,8,974.16,979.3022222222221,979.93,2023-05-14 20:16:22
MXP,Louisville,Estados Unidos,2023,6,974.82,975.6299999999999,975.49,2023-05-14 20:16:22
MXP,Praya,Indonésia,2023,4,974.91,1213.09375,1326.78,2023-05-14 20:16:22
MXP,Kobe,Japão,2023,6,974.96,1175.2941860465116,1108.0,2023-05-14 20:16:22
MXP,Colorado Springs,Estados Unidos,2023,6,974.98,1047.1354999999999,1046.31,2023-05-14 20:16:22
MXP,Wenzhou,China,2023,6,974.98,1092.5404477611942,1102.87,2023-05-14 20:16:22
MXP,Faisalabad,Paquistão,2023,6,975.19,1158.5983333333334,1234.79,2023-05-14 20:16:22
MXP,Nuuk,Gronelândia,2023,4,975.71,1240.2565714285713,1196.33,2023-05-14 20:16:22
MXP,Veracruz,México,2023,6,975.72,1105.4523529411763,1109.34,2023-05-14 20:16:22
MXP,Thal,Suíça,2023,4,975.88,977.6371428571429,977.95,2023-05-14 20:16:22
MXP,Dharamshala,Índia,2023,6,975.89,976.9063636363636,976.31,2023-05-14 20:16:22
MXP,Saint-Denis,Ilha da Reunião,2023,3,975.9,1015.6784615384615,985.08,2023-05-14 20:16:22
MXP,Goiânia,Brasil,2023,6,975.93,1102.8984615384616,1118.68,2023-05-14 20:16:22
MXP,Ust-Kamenogorsk,Cazaquistão,2023,5,976.17,980.9166666666666,983.24,2023-05-14 20:16:22
MXP,Manaus,Brasil,2023,2,976.17,976.4159999999999,976.58,2023-05-14 20:16:22
MXP,Willemstad,Curaçao,2023,11,978.01,982.47375,981.55,2023-05-14 20:16:22
MXP,Kota Bharu,Malásia,2023,4,978.07,1000.403,981.25,2023-05-14 20:16:22
MXP,Barranquilla,Colômbia,2024,4,978.38,1004.519375,1012.645,2023-05-14 20:16:22
MXP,Chattanooga,Estados Unidos,2023,8,978.98,984.6872727272727,985.6,2023-05-14 20:16:22
MXP,Nagóia,Japão,2023,6,979.05,1093.3204545454546,1165.59,2023-05-14 20:16:22
MXP,Hat Yai,Tailândia,2023,2,979.39,1107.515,1090.27,2023-05-14 20:16:22
MXP,Pondicherry,Índia,2023,5,979.56,979.56,979.56,2023-05-14 20:16:22
MXP,Kumasi,Gana,2023,3,979.66,981.0822222222222,980.25,2023-05-14 20:16:22
MXP,Porto Alegre,Brasil,2023,1,979.68,979.89,979.89,2023-05-14 20:16:22
MXP,Quetta,Paquistão,2023,4,979.9,980.8390909090908,980.03,2023-05-14 20:16:22
MXP,Santiago,Chile,2023,7,980.26,1482.5349999999999,1495.04,2023-05-14 20:16:22
MXP,Kuantan,Malásia,2023,7,980.46,981.223,981.38,2023-05-14 20:16:22
MXP,Minneapolis,Estados Unidos,2023,7,980.55,1020.605,980.885,2023-05-14 20:16:22
MXP,Neiva,Colômbia,2023,3,980.77,982.9483333333333,982.11,2023-05-14 20:16:22
MXP,Blantyre,Malaui,2023,6,980.89,981.1225000000001,981.2,2023-05-14 20:16:22
MXP,Daytona Beach,Estados Unidos,2023,12,981.16,981.2522222222223,981.31,2023-05-14 20:16:22
MXP,Sapporo,Japão,2023,11,981.32,981.4200000000001,981.47,2023-05-14 20:16:22
MXP,Santa Marta,Colômbia,2023,2,981.85,1026.5954166666668,1033.05,2023-05-14 20:16:22
MXP,Cidade do México,México,2023,8,981.85,1190.28,993.17,2023-05-14 20:16:22
MXP,Xiamen,China,2023,3,981.86,1287.6230952380952,1201.76,2023-05-14 20:16:22
MXP,Saint-Denis,Ilha da Reunião,2023,10,982.25,1130.1676190476192,1200.38,2023-05-14 20:16:22
MXP,Halifax,Canadá,2023,7,982.56,982.56,982.56,2023-05-14 20:16:22
MXP,Kaohsiung,Taiwan,2023,3,982.63,983.3050000000001,983.3050000000001,2023-05-14 20:16:22
MXP,Duluth,Estados Unidos,2023,5,982.76,992.3825,991.86,2023-05-14 20:16:22
MXP,Pasco,Estados Unidos,2023,6,983.51,983.51,983.51,2023-05-14 20:16:22
MXP,Nosy Be,Madagáscar,2023,5,983.66,1227.0159722222222,1194.145,2023-05-14 20:16:22
MXP,Saint Thomas Island,Ilhas Virgens Americanas,2023,4,983.71,1379.2169565217391,992.64,2023-05-14 20:16:22
MXP,Bucaramanga,Colômbia,2023,7,983.88,984.4509090909091,984.57,2023-05-14 20:16:22
MXP,Assunção,Paraguai,2023,7,984.11,1253.555,1144.4,2023-05-14 20:16:22
MXP,Grand-Case,São Martinho (Saint-Martin),2023,3,984.45,1593.46,2075.73,2023-05-14 20:16:22
MXP,Duala,Camarões,2023,8,984.59,984.7025,984.62,2023-05-14 20:16:22
MXP,Vijayawada,Índia,2023,5,984.59,984.59,984.59,2023-05-14 20:16:22
MXP,Abbotsford,Canadá,2023,7,985.03,1270.935909090909,1184.145,2023-05-14 20:16:22
MXP,Maun,Botsuana,2023,6,985.09,985.09,985.09,2023-05-14 20:16:22
MXP,Cozumel,México,2023,10,986.29,1105.0752631578948,1169.54,2023-05-14 20:16:22
MXP,Cidade de Ho Chi Minh,Vietname,2023,8,986.8,1274.7081818181819,1249.76,2023-05-14 20:16:22
MXP,Boa Vista,Brasil,2023,3,986.94,1496.7714285714285,1670.3,2023-05-14 20:16:22
MXP,Hangzhou,China,2023,4,987.18,1090.3988372093024,1115.46,2023-05-14 20:16:22
MXP,Davao,Filipinas,2023,5,987.37,1070.8835714285713,1031.54,2023-05-14 20:16:22
MXP,Armênia,Colômbia,2023,5,987.71,995.4211111111113,993.96,2023-05-14 20:16:22
MXP,Rapid City,Estados Unidos,2023,2,988.4,1258.8308333333332,991.5,2023-05-14 20:16:22
MXP,Denver,Estados Unidos,2023,7,989.0,1107.3883333333333,1040.85,2023-05-14 20:16:22
MXP,Calcutá,Índia,2023,8,989.42,1366.9273684210525,1495.44,2023-05-14 20:16:22
MXP,Sapporo,Japão,2023,9,989.52,991.109,991.085,2023-05-14 20:16:22
MXP,Chongqing,China,2023,4,989.87,1499.7615789473684,1258.71,2023-05-14 20:16:22
MXP,Bursa,Turquia,2023,8,989.97,1063.8146666666667,1106.7,2023-05-14 20:16:22
MXP,Santa Cruz da Serra,Bolívia,2023,10,990.07,996.2973333333333,998.04,2023-05-14 20:16:22
MXP,Osaka,Japão,2023,3,991.01,1333.2383333333335,1340.69,2023-05-14 20:16:22
MXP,La Paz,Bolívia,2023,10,991.08,1002.7071428571428,991.09,2023-05-14 20:16:22
MXP,Dzaoudzi,Maiote,2023,5,991.35,1045.6744444444444,996.1700000000001,2023-05-14 20:16:22
MXP,Santa Marta,Colômbia,2023,4,991.75,1168.9460869565219,1207.29,2023-05-14 20:16:22
MXP,Chiang Rai,Tailândia,2023,11,991.8,995.4440000000001,996.35,2023-05-14 20:16:22
MXP,Isle of Barra,Reino Unido,2023,4,991.85,993.3966666666666,991.98,2023-05-14 20:16:22
MXP,Tianjin,China,2023,3,992.51,1287.71375,1269.82,2023-05-14 20:16:22
MXP,Natal,Brasil,2024,1,992.79,1134.541,998.57,2023-05-14 20:16:22
MXP,Saint George.s,Granada,2023,4,992.88,1667.9660000000001,1810.5,2023-05-14 20:16:22
MXP,Shenzhen,China,2023,4,992.99,1267.8993103448277,1127.9,2023-05-14 20:16:22
MXP,Joinville,Brasil,2023,4,993.6,1126.9799999999998,1035.22,2023-05-14 20:16:22
MXP,Praya,Indonésia,2023,6,993.64,993.64,993.64,2023-05-14 20:16:22
MXP,Brownsville,Estados Unidos,2023,4,993.64,1078.341111111111,1000.83,2023-05-14 20:16:22
MXP,Phnom Penh,Cambodja,2023,7,993.8,1251.6725,1238.66,2023-05-14 20:16:22
MXP,Curitiba,Brasil,2023,9,993.99,995.2118181818182,994.93,2023-05-14 20:16:22
MXP,Brasília,Brasil,2023,7,994.29,1223.6965517241379,1131.52,2023-05-14 20:16:22
MXP,Melbourne,Austrália,2023,6,994.41,1110.4333333333334,1007.235,2023-05-14 20:16:22
MXP,São Luís,Brasil,2023,6,994.51,996.0450000000001,996.0450000000001,2023-05-14 20:16:22
MXP,Cataratas Vitória,Zimbábue,2023,7,994.9,1019.7108333333334,995.33,2023-05-14 20:16:22
MXP,Simpson Bay,São Martinho (Sint Maarten),2023,8,994.94,1361.234090909091,1191.905,2023-05-14 20:16:22
MXP,Key West,Estados Unidos,2023,6,995.23,1016.955652173913,996.5,2023-05-14 20:16:22
MXP,Billings,Estados Unidos,2023,6,995.3,1043.095,1071.81,2023-05-14 20:16:22
MXP,Chiang Rai,Tailândia,2023,4,995.48,1000.6228571428571,1002.68,2023-05-14 20:16:22
MXP,Kahului,Estados Unidos,2023,8,995.66,1104.0752631578948,1167.5,2023-05-14 20:16:22
MXP,Katmandu,Nepal,2024,4,995.67,1086.0700000000002,1152.41,2023-05-14 20:16:22
MXP,Sukhothai,Tailândia,2024,3,995.82,997.6836363636364,997.9,2023-05-14 20:16:22
MXP,Atyrau,Cazaquistão,2023,9,996.14,996.14,996.14,2023-05-14 20:16:22
MXP,Goiânia,Brasil,2023,9,996.77,996.77,996.77,2023-05-14 20:16:22
MXP,Okinawa,Japão,2024,3,997.24,998.3333333333334,998.88,2023-05-14 20:16:22
MXP,Bergerac,França,2023,7,997.35,1004.9530000000001,1004.67,2023-05-14 20:16:22
MXP,Saint-Denis,Ilha da Reunião,2024,2,997.39,1191.355,1005.42,2023-05-14 20:16:22
MXP,Pernem,Índia,2023,8,997.39,1001.5869999999999,1001.86,2023-05-14 20:16:22
MXP,Aracaju,Brasil,2023,4,997.57,1065.530588235294,1122.11,2023-05-14 20:16:22
MXP,Fort-de-France,Martinica,2023,7,997.61,1341.3625925925926,1367.02,2023-05-14 20:16:22
MXP,Udaipur,Índia,2023,4,997.63,997.63,997.63,2023-05-14 20:16:22
MXP,Anchorage,Estados Unidos,2023,7,998.11,1181.1379069767443,1214.01,2023-05-14 20:16:22
MXP,White Plains,Estados Unidos,2023,7,998.25,1063.4299999999998,1063.4299999999998,2023-05-14 20:16:22
MXP,Providenciales,Ilhas Turcas e Caicos,2023,10,998.25,998.25,998.25,2023-05-14 20:16:22
MXP,Hubli,Índia,2023,2,998.59,1003.226,1003.1,2023-05-14 20:16:22
MXP,Idaho Falls,Estados Unidos,2023,2,998.79,999.9722222222222,1000.12,2023-05-14 20:16:22
MXP,Tijuana,México,2023,2,998.98,1088.5266666666666,1132.1100000000001,2023-05-14 20:16:22
MXP,Grande Caimão,Ilhas Cayman,2023,2,998.98,1045.6446153846152,1031.56,2023-05-14 20:16:22
MXP,Koh Samui,Tailândia,2023,8,999.4,1353.9832352941175,1349.81,2023-05-14 20:16:22
MXP,Guaiaquil,Equador,2023,12,999.42,999.635,999.635,2023-05-14 20:16:22
MXP,Cuzco,Perú,2023,10,999.49,1124.2245454545455,1160.265,2023-05-14 20:16:22
MXP,Abuja,Nigéria,2023,2,999.87,1002.5020000000001,1002.61,2023-05-14 20:16:22
MXP,Tawau,Malásia,2023,8,1000.28,1954.3595,1953.52,2023-05-14 20:16:22
MXP,Pensacola,Estados Unidos,2023,5,1000.39,1001.4620000000001,1001.6500000000001,2023-05-14 20:16:22
MXP,Rio de Janeiro,Brasil,2023,7,1000.63,1096.0527272727272,1044.47,2023-05-14 20:16:22
MXP,La Romana,República Dominicana,2023,4,1000.83,1295.399393939394,1230.31,2023-05-14 20:16:22
MXP,Rio de Janeiro,Brasil,2023,8,1000.88,1078.3266666666666,1117.05,2023-05-14 20:16:22
MXP,Pequim,China,2024,2,1000.92,1000.92,1000.92,2023-05-14 20:16:22
MXP,Cincinnati,Estados Unidos,2023,7,1001.05,1007.0099999999999,1004.3,2023-05-14 20:16:22
MXP,Pernem,Índia,2023,3,1001.48,1002.4100000000001,1002.52,2023-05-14 20:16:22
MXP,Fort Smith,Estados Unidos,2023,5,1001.66,1005.6379999999999,1006.02,2023-05-14 20:16:22
MXP,Maun,Botsuana,2023,7,1001.96,1353.2150000000001,1353.2150000000001,2023-05-14 20:16:22
MXP,Taipé,Taiwan,2023,1,1002.09,1002.09,1002.09,2023-05-14 20:16:22
MXP,Nanjing,China,2023,4,1002.19,1091.5414285714285,1128.01,2023-05-14 20:16:22
MXP,Key West,Estados Unidos,2023,12,1002.3,1002.3,1002.3,2023-05-14 20:16:22
MXP,Boracay,Filipinas,2024,1,1002.49,1004.6227272727273,1003.12,2023-05-14 20:16:22
MXP,Port Blair,Índia,2023,4,1002.83,1193.8861111111112,1144.965,2023-05-14 20:16:22
MXP,Dzaoudzi,Maiote,2023,11,1002.88,1008.0441666666667,1009.03,2023-05-14 20:16:22
MXP,Juneau,Estados Unidos,2023,4,1002.88,1004.4488888888887,1003.02,2023-05-14 20:16:22
MXP,Balikpapan,Indonésia,2023,2,1003.73,1134.7545454545455,1139.79,2023-05-14 20:16:22
MXP,Boracay,Filipinas,2024,2,1003.83,1007.0833333333334,1008.71,2023-05-14 20:16:22
MXP,Windhoek,Namíbia,2023,8,1004.16,1402.41,1420.81,2023-05-14 20:16:22
MXP,Okinawa,Japão,2023,3,1004.49,1527.64,1864.03,2023-05-14 20:16:22
MXP,Okinawa,Japão,2023,2,1004.61,1350.486,1239.96,2023-05-14 20:16:22
MXP,Uberlândia,Brasil,2023,3,1004.73,1085.6671428571428,1143.86,2023-05-14 20:16:22
MXP,Chengdu,China,2023,5,1005.21,1287.5572413793104,1168.8,2023-05-14 20:16:22
MXP,Balikpapan,Indonésia,2023,6,1005.41,1323.183076923077,1378.75,2023-05-14 20:16:22
MXP,Busan,Coreia do Sul,2023,4,1005.59,2247.9266666666667,1664.22,2023-05-14 20:16:22
MXP,Durban,África do Sul,2024,1,1005.64,1077.9661904761906,1009.03,2023-05-14 20:16:22
MXP,Chiang Rai,Tailândia,2023,3,1005.71,1006.7122222222222,1007.45,2023-05-14 20:16:22
MXP,Nagóia,Japão,2023,4,1005.77,1184.653076923077,1261.75,2023-05-14 20:16:22
MXP,Calecute,Índia,2023,6,1006.19,1009.8775,1010.57,2023-05-14 20:16:22
MXP,Huntsville,Estados Unidos,2023,3,1006.45,1020.3646153846154,1008.82,2023-05-14 20:16:22
MXP,Shenzhen,China,2023,3,1006.49,2290.9952173913043,1386.87,2023-05-14 20:16:22
MXP,Tokushima,Japão,2023,5,1006.67,1208.5970909090909,1113.71,2023-05-14 20:16:22
MXP,Davao,Filipinas,2023,3,1006.83,1008.445,1008.2,2023-05-14 20:16:22
MXP,Montevidéu,Uruguai,2023,4,1006.97,1501.7155172413793,1446.33,2023-05-14 20:16:22
MXP,Luang Prabang,Laos,2023,9,1007.57,1008.9163636363636,1008.0,2023-05-14 20:16:22
MXP,Willemstad,Curaçao,2023,2,1007.61,1377.4935714285714,1258.39,2023-05-14 20:16:22
MXP,Sorong,Indonésia,2023,2,1007.68,1444.995,1201.67,2023-05-14 20:16:22
MXP,Kota Kinabalu,Malásia,2023,3,1007.78,1100.4363636363635,1009.52,2023-05-14 20:16:22
MXP,Kralendijk,Países Baixos Caribenhos,2023,5,1007.83,1173.2464814814814,1185.17,2023-05-14 20:16:22
MXP,Porto Alegre,Brasil,2024,1,1007.99,1272.8861538461538,1390.66,2023-05-14 20:16:22
MXP,San Andrés,Colômbia,2023,2,1008.28,1008.616,1008.7,2023-05-14 20:16:22
MXP,Bursa,Turquia,2023,4,1008.82,1272.5085714285715,1509.18,2023-05-14 20:16:22
MXP,Achgabad,Turquemenistão,2023,8,1008.84,1013.8254545454546,1012.01,2023-05-14 20:16:22
MXP,Kailua-Kona,Estados Unidos,2023,12,1009.18,1270.865,1332.565,2023-05-14 20:16:22
MXP,Da Nang,Vietname,2023,8,1009.2,1385.9217307692306,1369.93,2023-05-14 20:16:22
MXP,Shenyang,China,2023,6,1009.27,1022.5854999999999,1031.11,2023-05-14 20:16:22
MXP,Juneau,Estados Unidos,2023,3,1009.47,1068.9273684210525,1013.14,2023-05-14 20:16:22
MXP,Porto de Espanha,Trinidad e Tobago,2023,11,1009.54,1013.188888888889,1010.49,2023-05-14 20:16:22
MXP,Ranchi,Índia,2023,2,1009.7,1012.17375,1012.88,2023-05-14 20:16:22
MXP,Curitiba,Brasil,2023,2,1009.74,1423.9260869565217,1400.38,2023-05-14 20:16:22
MXP,Culiacán,México,2023,9,1009.96,1011.1041666666666,1011.64,2023-05-14 20:16:22
MXP,Kelowna,Canadá,2023,3,1010.06,1175.5749999999998,1175.5749999999998,2023-05-14 20:16:22
MXP,Koh Samui,Tailândia,2023,12,1010.09,1373.8300000000002,1311.24,2023-05-14 20:16:22
MXP,Leh,Índia,2023,8,1010.34,1013.7220000000001,1015.26,2023-05-14 20:16:22
MXP,Evansville,Estados Unidos,2023,4,1010.45,1011.655,1011.655,2023-05-14 20:16:22
MXP,Oral,Cazaquistão,2023,4,1010.9,1033.28,1013.23,2023-05-14 20:16:22
MXP,São Tomé,São Tomé e Príncipe,2023,4,1010.96,1025.9614285714288,1022.04,2023-05-14 20:16:22
MXP,Ketchikan,Estados Unidos,2023,4,1011.16,1012.7333333333333,1011.29,2023-05-14 20:16:22
MXP,Sapporo,Japão,2023,6,1011.19,1012.309,1012.45,2023-05-14 20:16:22
MXP,Monróvia,Libéria,2023,8,1011.43,1102.2281818181818,1110.48,2023-05-14 20:16:22
MXP,La Seu d'Urgell,Espanha,2023,3,1011.9,1015.035,1015.035,2023-05-14 20:16:22
MXP,Recife,Brasil,2023,1,1012.22,1012.22,1012.22,2023-05-14 20:16:22
MXP,Krabi,Tailândia,2023,2,1012.5,1229.8009090909093,1250.76,2023-05-14 20:16:22
MXP,Monróvia,Libéria,2023,4,1012.68,1131.6576744186045,1056.35,2023-05-14 20:16:22
MXP,Corpus Christi,Estados Unidos,2023,2,1012.69,1014.903,1013.74,2023-05-14 20:16:22
MXP,Fort Wayne,Estados Unidos,2023,5,1012.88,1012.88,1012.88,2023-05-14 20:16:22
MXP,Traverse City,Estados Unidos,2023,6,1013.41,1015.88625,1016.59,2023-05-14 20:16:22
MXP,Cidade do Kansas,Estados Unidos,2023,8,1013.62,1115.9808,1162.25,2023-05-14 20:16:22
MXP,Angeles City,Filipinas,2023,1,1013.68,1014.2349999999999,1013.68,2023-05-14 20:16:22
MXP,Siem Reap,Cambodja,2023,4,1014.0,1249.0108333333333,1300.8000000000002,2023-05-14 20:16:22
MXP,Hanói,Vietname,2023,7,1014.51,1179.1244444444446,1021.46,2023-05-14 20:16:22
MXP,Arvidsjaur,Suécia,2023,3,1014.68,1020.1,1022.28,2023-05-14 20:16:22
MXP,Surat Thani,Tailândia,2023,4,1014.8,1140.57,1197.91,2023-05-14 20:16:22
MXP,Palmas,Brasil,2023,9,1014.87,1018.4436363636363,1018.29,2023-05-14 20:16:22
MXP,Nanjing,China,2023,6,1015.18,1441.8244444444445,1183.19,2023-05-14 20:16:22
MXP,Boracay,Filipinas,2023,11,1015.25,1062.7768,1080.38,2023-05-14 20:16:22
MXP,George Town,Bahamas,2023,6,1015.62,1293.3941666666667,1430.32,2023-05-14 20:16:22
MXP,Harare,Zimbábue,2023,8,1015.87,1048.6192857142858,1023.8900000000001,2023-05-14 20:16:22
MXP,Pointe-Noire,República do Congo,2023,8,1016.04,1017.4044444444444,1017.36,2023-05-14 20:16:22
MXP,Gregory Town,Bahamas,2023,6,1016.17,1016.5355555555556,1016.19,2023-05-14 20:16:22
MXP,Montevidéu,Uruguai,2023,10,1016.33,1121.5887500000001,1180.01,2023-05-14 20:16:22
MXP,Salvador,Brasil,2023,12,1016.34,1137.95,1137.95,2023-05-14 20:16:22
MXP,Chiang Mai,Tailândia,2023,12,1016.71,1096.9025,1138.505,2023-05-14 20:16:22
MXP,Vientiane,Laos,2023,4,1017.41,1403.5189583333333,1255.1,2023-05-14 20:16:22
MXP,Providenciales,Ilhas Turcas e Caicos,2023,7,1017.58,1441.376875,1580.4850000000001,2023-05-14 20:16:22
MXP,Vadodara,Índia,2023,2,1018.32,1023.7085714285714,1027.75,2023-05-14 20:16:22
MXP,Manzanillo,México,2023,10,1018.37,1019.5889999999999,1019.46,2023-05-14 20:16:22
MXP,Angeles City,Filipinas,2023,2,1018.37,1420.8185714285714,1238.72,2023-05-14 20:16:22
MXP,Chengdu,China,2023,6,1018.39,1112.6912499999999,1151.45,2023-05-14 20:16:22
MXP,Porto de Espanha,Trinidad e Tobago,2023,10,1018.66,1019.7944444444444,1018.99,2023-05-14 20:16:22
MXP,Halifax,Canadá,2023,8,1018.68,1022.047857142857,1019.64,2023-05-14 20:16:22
MXP,Road Town,Ilhas Virgens Britânicas,2023,9,1018.8,1020.1644444444444,1020.12,2023-05-14 20:16:22
MXP,George Town,Bahamas,2023,4,1019.05,2504.6445454545456,2378.44,2023-05-14 20:16:22
MXP,Maun,Botsuana,2023,1,1019.2,1020.365,1020.53,2023-05-14 20:16:22
MXP,Little Cayman,Ilhas Cayman,2023,11,1019.29,1019.995,1019.5,2023-05-14 20:16:22
MXP,Xian,China,2023,6,1019.31,1021.482,1022.93,2023-05-14 20:16:22
MXP,Kagoshima,Japão,2023,2,1020.14,1021.3279999999999,1020.14,2023-05-14 20:16:22
MXP,Colombo,Sri Lanka,2024,1,1020.75,1020.75,1020.75,2023-05-14 20:16:22
MXP,Punta Arenas,Chile,2024,1,1020.9,1022.8872727272727,1023.21,2023-05-14 20:16:22
MXP,Joensuu,Finlândia,2023,2,1021.04,1328.6599999999999,1566.56,2023-05-14 20:16:22
MXP,Chandigarh,Índia,2023,8,1021.1,1022.9575,1022.16,2023-05-14 20:16:22
MXP,Tallahassee,Estados Unidos,2023,2,1021.39,1023.421111111111,1024.83,2023-05-14 20:16:22
MXP,Colombo,Sri Lanka,2023,12,1021.43,1226.8466666666666,1245.71,2023-05-14 20:16:22
MXP,Saint George.s,Granada,2023,9,1021.99,1023.27,1022.01,2023-05-14 20:16:22
MXP,George Town,Bahamas,2023,9,1022.6,1022.6,1022.6,2023-05-14 20:16:22
MXP,Eldoret,Quénia,2023,9,1022.72,1024.4977777777776,1024.4,2023-05-14 20:16:22
MXP,Tulsa,Estados Unidos,2023,5,1022.85,1023.9490909090908,1022.86,2023-05-14 20:16:22
MXP,Monterey,Estados Unidos,2023,2,1022.88,1034.891,1035.835,2023-05-14 20:16:22
MXP,Cagayan de Oro,Filipinas,2023,9,1023.25,1025.38,1024.975,2023-05-14 20:16:22
MXP,Balikpapan,Indonésia,2023,12,1023.58,1235.300909090909,1314.81,2023-05-14 20:16:22
MXP,Augusta,Estados Unidos,2023,8,1023.88,1024.6499999999999,1024.3,2023-05-14 20:16:22
MXP,Coxen Hole,Honduras,2023,4,1024.29,1565.9857142857143,1958.78,2023-05-14 20:16:22
MXP,Omaha,Estados Unidos,2023,3,1024.5,1024.5171428571427,1024.53,2023-05-14 20:16:22
MXP,Rochester,Estados Unidos,2023,5,1024.77,1046.7225,1054.2,2023-05-14 20:16:22
MXP,Agra,Índia,2023,5,1024.8,1047.1007692307692,1027.21,2023-05-14 20:16:22
MXP,Ilhéus,Brasil,2023,9,1024.81,1027.2083333333333,1027.64,2023-05-14 20:16:22
MXP,São Pedro,Cabo Verde,2023,12,1024.88,1246.7070833333335,1366.97,2023-05-14 20:16:22
MXP,Daegu,Coreia do Sul,2023,9,1025.08,1026.0172727272727,1025.11,2023-05-14 20:16:22
MXP,Kailua-Kona,Estados Unidos,2023,6,1025.17,1332.4946666666665,1083.18,2023-05-14 20:16:22
MXP,Flagstaff,Estados Unidos,2023,8,1025.72,1346.6129999999998,1345.59,2023-05-14 20:16:22
MXP,Saskatoon,Canadá,2023,8,1026.05,1232.831052631579,1412.08,2023-05-14 20:16:22
MXP,Rapid City,Estados Unidos,2023,8,1026.15,1031.56,1033.8,2023-05-14 20:16:22
MXP,Maun,Botsuana,2023,5,1026.86,1774.1156756756757,1761.55,2023-05-14 20:16:22
MXP,Fernando de Noronha,Brasil,2023,12,1027.13,1027.13,1027.13,2023-05-14 20:16:22
MXP,Basseterre,São Cristóvão e Neves,2023,2,1027.21,1027.5200000000002,1027.66,2023-05-14 20:16:22
MXP,Maceió,Brasil,2023,2,1027.64,1027.64,1027.64,2023-05-14 20:16:22
MXP,Johor Bahru,Malásia,2024,1,1027.77,1028.3827272727272,1028.44,2023-05-14 20:16:22
MXP,George Town,Bahamas,2023,5,1027.87,1308.676,1162.58,2023-05-14 20:16:22
MXP,Xiamen,China,2023,6,1028.23,1174.92,1209.57,2023-05-14 20:16:22
MXP,Lomé,Togo,2023,7,1028.25,1111.185,1138.83,2023-05-14 20:16:22
MXP,Aspen,Estados Unidos,2023,4,1028.66,1110.540909090909,1088.43,2023-05-14 20:16:22
MXP,Haiphong,Vietname,2023,11,1028.94,1034.3645454545456,1036.61,2023-05-14 20:16:22
MXP,Huizhou,China,2023,4,1030.33,1148.9952173913043,1244.23,2023-05-14 20:16:22
MXP,Tijuana,México,2023,8,1030.58,1136.7927777777777,1033.07,2023-05-14 20:16:22
MXP,Balikpapan,Indonésia,2023,10,1030.89,1031.2411111111112,1031.49,2023-05-14 20:16:22
MXP,Brazavile,República do Congo,2023,6,1031.11,1031.541111111111,1031.55,2023-05-14 20:16:22
MXP,Port Harcourt,Nigéria,2023,5,1031.15,1033.9445454545455,1035.07,2023-05-14 20:16:22
MXP,Curitiba,Brasil,2023,12,1031.24,1093.3020000000001,1033.43,2023-05-14 20:16:22
MXP,Honolulu,Estados Unidos,2023,7,1031.34,1344.7181818181818,1313.55,2023-05-14 20:16:22
MXP,Perth,Austrália,2023,7,1031.52,1773.7344444444445,1845.81,2023-05-14 20:16:22
MXP,Koh Samui,Tailândia,2023,2,1031.65,1813.8363636363638,1410.94,2023-05-14 20:16:22
MXP,Elmira,Estados Unidos,2023,6,1032.11,1070.013125,1091.82,2023-05-14 20:16:22
MXP,Acapulco,México,2023,2,1032.39,1054.4014285714286,1036.36,2023-05-14 20:16:22
MXP,Kingston,Jamaica,2023,7,1032.4,1429.0088235294118,1395.27,2023-05-14 20:16:22
MXP,La Romana,República Dominicana,2023,12,1032.4,1036.1333333333332,1033.37,2023-05-14 20:16:22
MXP,San José del Cabo,México,2023,6,1033.1,1238.5425,1320.38,2023-05-14 20:16:22
MXP,Windhoek,Namíbia,2023,12,1033.24,1077.951111111111,1096.505,2023-05-14 20:16:22
MXP,Seronera,Tanzânia,2023,9,1033.31,1034.607,1034.875,2023-05-14 20:16:22
MXP,Padang,Indonésia,2023,5,1033.36,1037.465,1037.86,2023-05-14 20:16:22
MXP,Medellín,Colômbia,2023,7,1033.36,1195.4745454545455,1119.4,2023-05-14 20:16:22
MXP,Porto Alegre,Brasil,2023,6,1033.76,1086.0249999999999,1107.6799999999998,2023-05-14 20:16:22
MXP,Busan,Coreia do Sul,2023,6,1033.92,1035.3041666666666,1035.55,2023-05-14 20:16:22
MXP,Kralendijk,Países Baixos Caribenhos,2023,9,1034.05,1171.7916666666667,1268.21,2023-05-14 20:16:22
MXP,Nuuk,Gronelândia,2023,8,1034.12,1607.900294117647,1647.89,2023-05-14 20:16:22
MXP,Puerto Escondido,México,2023,3,1034.42,1265.1452631578948,1462.5,2023-05-14 20:16:22
MXP,Shirahama,Japão,2023,5,1034.73,1253.1266,1307.49,2023-05-14 20:16:22
MXP,Praya,Indonésia,2023,8,1035.24,1438.7813636363637,1399.1,2023-05-14 20:16:22
MXP,Addu City,Maldivas,2023,4,1035.3,1103.569,1100.82,2023-05-14 20:16:22
MXP,Everett,Estados Unidos,2023,10,1035.57,1039.35,1040.61,2023-05-14 20:16:22
MXP,San Andrés,Colômbia,2024,1,1035.67,1167.638,1251.4,2023-05-14 20:16:22
MXP,São Salvador,El Salvador,2023,1,1035.94,1035.94,1035.94,2023-05-14 20:16:22
MXP,Nha Trang,Vietname,2023,3,1036.24,1036.24,1036.24,2023-05-14 20:16:22
MXP,Chittagong,Bangladexe,2023,2,1036.41,1036.66,1036.86,2023-05-14 20:16:22
MXP,Goma,República Democrática do Congo,2023,9,1036.54,1038.285,1036.99,2023-05-14 20:16:22
MXP,Jeju,Coreia do Sul,2023,4,1036.68,1642.46,1416.02,2023-05-14 20:16:22
MXP,Cozumel,México,2023,2,1036.72,1215.9634782608696,1080.77,2023-05-14 20:16:22
MXP,Basseterre,São Cristóvão e Neves,2023,5,1036.9,1039.5981818181817,1040.27,2023-05-14 20:16:22
MXP,Auckland,Nova Zelândia,2023,5,1036.94,1407.0109174311926,1280.31,2023-05-14 20:16:22
MXP,Lafayette,Estados Unidos,2023,10,1037.47,1041.257,1041.25,2023-05-14 20:16:22
MXP,Christiansted,Ilhas Virgens Americanas,2023,2,1037.64,1038.9272727272726,1039.42,2023-05-14 20:16:22
MXP,Okinawa,Japão,2023,5,1037.98,1365.6561363636365,1179.62,2023-05-14 20:16:22
MXP,Mont Lubin,Maurícia,2023,2,1038.0,1041.7777777777778,1041.13,2023-05-14 20:16:22
MXP,João Pessoa,Brasil,2023,3,1038.06,1039.46,1039.47,2023-05-14 20:16:22
MXP,Puebla,México,2023,10,1038.45,1039.261,1039.43,2023-05-14 20:16:22
MXP,Lampang,Tailândia,2023,4,1038.76,1165.6570588235293,1233.61,2023-05-14 20:16:22
MXP,Manágua,Nicarágua,2023,7,1038.78,1309.1380952380953,1189.57,2023-05-14 20:16:22
MXP,Port Harcourt,Nigéria,2023,6,1039.7,1041.7136363636362,1039.82,2023-05-14 20:16:22
MXP,Fort Wayne,Estados Unidos,2023,4,1039.71,1040.95,1040.95,2023-05-14 20:16:22
MXP,Arequipa,Perú,2023,2,1039.84,1193.7874074074073,1119.98,2023-05-14 20:16:22
MXP,Nagóia,Japão,2023,10,1040.01,1042.54,1043.52,2023-05-14 20:16:22
MXP,Calgary,Canadá,2023,7,1040.19,1040.19,1040.19,2023-05-14 20:16:22
MXP,Curitiba,Brasil,2023,7,1040.58,1240.06375,1328.29,2023-05-14 20:16:22
MXP,Melinde,Quénia,2023,11,1040.72,1040.72,1040.72,2023-05-14 20:16:22
MXP,Bukoba,Tanzânia,2023,10,1041.11,1047.2544444444443,1050.75,2023-05-14 20:16:22
MXP,São Luís,Brasil,2023,7,1041.49,1188.09,1045.0,2023-05-14 20:16:22
MXP,Perth,Austrália,2023,4,1042.1,1596.418245614035,1560.29,2023-05-14 20:16:22
MXP,The Valley,Anguila,2023,11,1042.17,1073.57,1078.11,2023-05-14 20:16:22
MXP,La Paz,México,2023,3,1042.45,1052.4676470588236,1045.67,2023-05-14 20:16:22
MXP,Nagóia,Japão,2023,3,1042.66,1044.0555555555557,1044.01,2023-05-14 20:16:22
MXP,Kahului,Estados Unidos,2023,7,1043.12,1260.268,1284.03,2023-05-14 20:16:22
MXP,Kraljevo,Sérvia,2023,4,1043.27,1048.3422222222223,1050.82,2023-05-14 20:16:22
MXP,Libéria,Costa Rica,2023,1,1044.45,1044.45,1044.45,2023-05-14 20:16:22
MXP,Melbourne,Austrália,2023,4,1045.35,1423.9106976744188,1326.12,2023-05-14 20:16:22
MXP,Cidade do México,México,2023,7,1045.4,1152.1016666666667,1204.455,2023-05-14 20:16:22
MXP,Iaundé,Camarões,2023,12,1046.0,1050.8366666666668,1053.28,2023-05-14 20:16:22
MXP,Lilongwe,Malaui,2023,8,1046.07,1549.2585185185187,1648.17,2023-05-14 20:16:22
MXP,Medford,Estados Unidos,2023,6,1046.29,1051.432,1051.895,2023-05-14 20:16:22
MXP,Macau,Macau,2023,9,1046.77,1048.6916666666666,1049.06,2023-05-14 20:16:22
MXP,Daca,Bangladexe,2024,1,1046.85,1046.85,1046.85,2023-05-14 20:16:22
MXP,Bismarck,Estados Unidos,2023,7,1047.03,1048.9818181818182,1048.01,2023-05-14 20:16:22
MXP,Florianópolis,Brasil,2023,12,1047.05,1186.87,1069.2,2023-05-14 20:16:22
MXP,Dakar,Senegal,2023,1,1047.22,1047.22,1047.22,2023-05-14 20:16:22
MXP,Livingstone,Zâmbia,2023,4,1047.49,1055.9433333333334,1057.77,2023-05-14 20:16:22
MXP,Liège,Bélgica,2023,7,1047.51,1048.187777777778,1048.5,2023-05-14 20:16:22
MXP,León,México,2023,4,1047.51,1047.51,1047.51,2023-05-14 20:16:22
MXP,Redding,Estados Unidos,2023,2,1047.77,1112.3892307692308,1052.0,2023-05-14 20:16:22
MXP,Rayong,Tailândia,2023,7,1047.81,1146.724090909091,1162.925,2023-05-14 20:16:22
MXP,Freeport,Bahamas,2023,8,1048.4,1472.293164556962,1384.6,2023-05-14 20:16:22
MXP,Melbourne,Austrália,2023,11,1048.61,1186.754,1147.29,2023-05-14 20:16:22
MXP,Pemba,Moçambique,2023,6,1048.72,1078.586,1056.02,2023-05-14 20:16:22
MXP,Brazavile,República do Congo,2023,3,1048.97,1055.125,1055.4850000000001,2023-05-14 20:16:22
MXP,Nagóia,Japão,2023,7,1049.18,1049.18,1049.18,2023-05-14 20:16:22
MXP,Osaka,Japão,2023,7,1049.29,1257.5245454545454,1301.49,2023-05-14 20:16:22
MXP,Passo Fundo,Brasil,2023,7,1049.33,1111.0595238095239,1139.74,2023-05-14 20:16:22
MXP,Lihue,Estados Unidos,2023,12,1049.62,1398.006956521739,1484.64,2023-05-14 20:16:22
MXP,Hat Yai,Tailândia,2023,3,1049.92,1053.4742857142858,1055.35,2023-05-14 20:16:22
MXP,Xiamen,China,2023,9,1049.99,1051.1858333333332,1051.74,2023-05-14 20:16:22
MXP,Busan,Coreia do Sul,2023,10,1050.14,1051.9927272727273,1052.56,2023-05-14 20:16:22
MXP,Luang Prabang,Laos,2023,5,1050.67,1385.194166666667,1492.64,2023-05-14 20:16:22
MXP,Assunção,Paraguai,2023,10,1050.99,1053.545,1053.545,2023-05-14 20:16:22
MXP,Kobe,Japão,2023,7,1051.16,1498.06,1459.11,2023-05-14 20:16:22
MXP,Phnom Penh,Cambodja,2023,8,1051.33,1275.3834782608697,1265.8,2023-05-14 20:16:22
MXP,Taichung,Taiwan,2023,5,1051.44,1131.5370588235294,1054.97,2023-05-14 20:16:22
MXP,Roseau,Dominica,2023,4,1052.26,1345.9633333333334,1339.6,2023-05-14 20:16:22
MXP,Ilhéus,Brasil,2023,1,1052.28,1243.8572727272729,1295.06,2023-05-14 20:16:22
MXP,Grand'Anse Praslin,Seicheles,2023,4,1052.65,1337.4108823529411,1423.74,2023-05-14 20:16:22
MXP,Melinde,Quénia,2023,1,1052.76,1052.76,1052.76,2023-05-14 20:16:22
MXP,Bozeman,Estados Unidos,2023,5,1052.8,1053.8383333333334,1052.81,2023-05-14 20:16:22
MXP,Pasto,Colômbia,2023,4,1053.31,1081.9930769230768,1059.44,2023-05-14 20:16:22
MXP,Zhuhai,China,2023,6,1053.34,1053.34,1053.34,2023-05-14 20:16:22
MXP,Barranquilla,Colômbia,2023,8,1053.5,1303.6247058823528,1474.96,2023-05-14 20:16:22
MXP,Assunção,Paraguai,2023,8,1053.98,1322.2233333333334,1262.48,2023-05-14 20:16:22
MXP,Grand Rapids,Estados Unidos,2023,6,1054.07,1107.292105263158,1149.7,2023-05-14 20:16:22
MXP,Wenzhou,China,2023,9,1054.11,1262.7205,1214.2649999999999,2023-05-14 20:16:22
MXP,Rabil,Cabo Verde,2023,8,1054.11,1413.9922727272726,1256.22,2023-05-14 20:16:22
MXP,Karaganda,Cazaquistão,2023,4,1054.36,1056.325,1056.21,2023-05-14 20:16:22
MXP,Edmonton,Canadá,2023,7,1054.42,1098.9228571428573,1110.89,2023-05-14 20:16:22
MXP,Ilhéus,Brasil,2023,8,1054.69,1190.705172413793,1143.45,2023-05-14 20:16:22
MXP,Cozumel,México,2023,3,1054.91,1059.454,1059.58,2023-05-14 20:16:22
MXP,Puerto Montt,Chile,2023,5,1055.61,1490.3203448275863,1516.97,2023-05-14 20:16:22
MXP,Fukuoka,Japão,2023,7,1055.73,1565.2523809523811,1651.7849999999999,2023-05-14 20:16:22
MXP,Willemstad,Curaçao,2023,8,1056.07,1529.301463414634,1481.35,2023-05-14 20:16:22
MXP,Coxen Hole,Honduras,2023,11,1056.61,1062.8290909090908,1062.76,2023-05-14 20:16:22
MXP,Asheville,Estados Unidos,2023,5,1056.81,1168.0579999999998,1195.87,2023-05-14 20:16:22
MXP,Perth,Austrália,2023,10,1056.91,1187.7470833333334,1126.59,2023-05-14 20:16:22
MXP,Santa Barbara,Estados Unidos,2023,12,1057.09,1058.417,1058.685,2023-05-14 20:16:22
MXP,San Andrés,Colômbia,2023,3,1057.52,1170.6885294117649,1148.01,2023-05-14 20:16:22
MXP,Langkawi,Malásia,2023,8,1058.11,1063.22,1065.26,2023-05-14 20:16:22
MXP,Monterrei,México,2023,7,1058.24,1058.24,1058.24,2023-05-14 20:16:22
MXP,Cuenca,Equador,2023,11,1058.71,1058.862,1058.9,2023-05-14 20:16:22
MXP,Tawau,Malásia,2023,7,1058.72,1351.2225,1088.785,2023-05-14 20:16:22
MXP,Cuenca,Equador,2023,3,1059.34,1153.4045454545453,1154.4099999999999,2023-05-14 20:16:22
MXP,Dzaoudzi,Maiote,2023,4,1059.34,1082.3827272727272,1071.02,2023-05-14 20:16:22
MXP,Cuzco,Perú,2023,9,1059.37,1388.4363636363635,1421.27,2023-05-14 20:16:22
MXP,Santo Domingo,República Dominicana,2023,8,1059.39,1219.0633333333335,1184.16,2023-05-14 20:16:22
MXP,Busan,Coreia do Sul,2024,1,1059.39,1091.3836363636365,1096.97,2023-05-14 20:16:22
MXP,Freeport,Bahamas,2023,9,1059.56,1231.17,1096.3600000000001,2023-05-14 20:16:22
MXP,Basseterre,São Cristóvão e Neves,2023,6,1060.05,1125.6013636363637,1065.275,2023-05-14 20:16:22
MXP,Nanaimo,Canadá,2023,7,1060.31,1060.31,1060.31,2023-05-14 20:16:22
MXP,Bacólod,Filipinas,2023,4,1060.64,1738.3405555555555,2162.55,2023-05-14 20:16:22
MXP,São Luís,Brasil,2023,9,1060.74,1068.49,1072.38,2023-05-14 20:16:22
MXP,Hue,Vietname,2023,10,1060.93,1064.57,1064.37,2023-05-14 20:16:22
MXP,Phu Quoc,Vietname,2023,6,1061.07,1065.907,1065.905,2023-05-14 20:16:22
MXP,Green Bay,Estados Unidos,2023,5,1061.27,1124.342258064516,1072.48,2023-05-14 20:16:22
MXP,Zanzibar,Tanzânia,2023,8,1061.3,1108.0,1094.07,2023-05-14 20:16:22
MXP,Pekanbaru,Indonésia,2023,5,1061.41,1062.1033333333335,1062.08,2023-05-14 20:16:22
MXP,Balikpapan,Indonésia,2023,3,1061.56,1230.9783333333332,1061.58,2023-05-14 20:16:22
MXP,Mendoza,Argentina,2023,10,1061.66,1266.2692307692307,1298.8,2023-05-14 20:16:22
MXP,Willemstad,Curaçao,2023,4,1061.98,1228.98625,1201.345,2023-05-14 20:16:22
MXP,Cebu,Filipinas,2023,2,1062.39,1190.4133333333332,1064.99,2023-05-14 20:16:22
MXP,Porto de Espanha,Trinidad e Tobago,2023,8,1062.51,1319.8980952380953,1116.2,2023-05-14 20:16:22
MXP,The Valley,Anguila,2024,1,1062.86,4184.6453846153845,1119.88,2023-05-14 20:16:22
MXP,Mexicali,México,2023,2,1062.87,1062.9099999999999,1062.9099999999999,2023-05-14 20:16:22
MXP,Hangzhou,China,2023,9,1063.01,1063.01,1063.01,2023-05-14 20:16:22
MXP,Freeport,Bahamas,2023,3,1063.2,1153.7418181818182,1069.76,2023-05-14 20:16:22
MXP,Freeport,Bahamas,2023,10,1063.68,1080.134,1082.43,2023-05-14 20:16:22
MXP,Arica,Chile,2023,5,1063.69,1068.8416666666667,1068.45,2023-05-14 20:16:22
MXP,Boracay,Filipinas,2023,4,1063.71,1231.1807142857142,1237.84,2023-05-14 20:16:22
MXP,Prince Rupert,Canadá,2023,5,1064.06,1064.51,1064.11,2023-05-14 20:16:22
MXP,Wichita,Estados Unidos,2023,5,1065.04,1067.4133333333332,1065.71,2023-05-14 20:16:22
MXP,Freeport,Bahamas,2023,11,1065.39,1133.3086666666668,1068.86,2023-05-14 20:16:22
MXP,Cozumel,México,2023,6,1065.64,1242.300588235294,1067.44,2023-05-14 20:16:22
MXP,Puerto Vallarta,México,2023,9,1066.52,1067.9555555555555,1067.91,2023-05-14 20:16:22
MXP,George Town,Bahamas,2023,3,1066.64,1593.0113846153847,1393.82,2023-05-14 20:16:22
MXP,Vasco da Gama,Índia,2023,8,1066.85,1246.0413333333333,1312.24,2023-05-14 20:16:22
MXP,Florianópolis,Brasil,2023,4,1066.95,1281.9184482758621,1308.86,2023-05-14 20:16:22
MXP,The Valley,Anguila,2023,2,1067.31,3249.6459999999997,1082.74,2023-05-14 20:16:22
MXP,Guadalajara,México,2023,8,1067.45,1070.4419047619049,1069.63,2023-05-14 20:16:22
MXP,Freeport,Bahamas,2023,7,1067.81,1448.0308620689655,1544.55,2023-05-14 20:16:22
MXP,Saint Thomas Island,Ilhas Virgens Americanas,2023,2,1068.36,1070.2072727272728,1070.2,2023-05-14 20:16:22
MXP,Salina,Estados Unidos,2023,5,1068.66,1071.0425,1069.33,2023-05-14 20:16:22
MXP,Haiphong,Vietname,2023,6,1068.86,1068.86,1068.86,2023-05-14 20:16:22
MXP,Ulã Bator,Mongólia,2023,8,1068.89,1278.3902325581396,1347.41,2023-05-14 20:16:22
MXP,Thiruvananthapuram,Índia,2023,11,1068.94,1073.0175,1073.59,2023-05-14 20:16:22
MXP,Okinawa,Japão,2023,4,1068.99,1356.3944827586208,1205.12,2023-05-14 20:16:22
MXP,Cebu,Filipinas,2023,8,1069.37,1310.5862499999998,1314.145,2023-05-14 20:16:22
MXP,The Valley,Anguila,2023,12,1069.78,1069.875,1069.875,2023-05-14 20:16:22
MXP,Acapulco,México,2023,12,1070.1,1175.8236363636363,1190.28,2023-05-14 20:16:22
MXP,Baltra,Equador,2023,11,1070.19,1181.26,1072.04,2023-05-14 20:16:22
MXP,San Juan,Porto Rico,2023,7,1070.42,1174.37,1070.6,2023-05-14 20:16:22
MXP,Ribeirão Preto,Brasil,2023,9,1070.61,1098.3972727272728,1095.12,2023-05-14 20:16:22
MXP,Quanzhou,China,2023,2,1070.74,1075.8254545454545,1076.91,2023-05-14 20:16:22
MXP,Tucson,Estados Unidos,2023,4,1070.85,1078.04,1078.6,2023-05-14 20:16:22
MXP,Freeport,Bahamas,2023,4,1071.01,1585.4630769230769,1420.255,2023-05-14 20:16:22
MXP,Tozeur,Tunísia,2023,3,1071.19,1079.479090909091,1080.68,2023-05-14 20:16:22
MXP,Boa Vista,Brasil,2023,11,1071.84,1076.242857142857,1076.92,2023-05-14 20:16:22
MXP,Ningbo,China,2023,5,1072.46,1418.185,1073.39,2023-05-14 20:16:22
MXP,El Paso,Estados Unidos,2023,6,1072.57,1072.57,1072.57,2023-05-14 20:16:22
MXP,Tampico,México,2023,2,1072.6,1075.475,1076.775,2023-05-14 20:16:22
MXP,Isle of Islay,Reino Unido,2023,5,1072.76,1073.057,1072.78,2023-05-14 20:16:22
MXP,Manila,Filipinas,2023,8,1072.86,1472.675,1472.675,2023-05-14 20:16:22
MXP,Fukuoka,Japão,2023,4,1073.02,1331.35625,1123.78,2023-05-14 20:16:22
MXP,Hoedspruit,África do Sul,2023,4,1073.26,1073.26,1073.26,2023-05-14 20:16:22
MXP,Nuuk,Gronelândia,2023,11,1073.37,1073.83,1074.06,2023-05-14 20:16:22
MXP,San Pedro,Honduras,2023,12,1073.39,1073.39,1073.39,2023-05-14 20:16:22
MXP,Chetumal,México,2023,3,1073.41,1075.3683333333333,1074.53,2023-05-14 20:16:22
MXP,Nassau,Bahamas,2023,7,1073.49,1273.3133333333333,1272.81,2023-05-14 20:16:22
MXP,Bagdogra,Índia,2023,2,1073.53,1078.3922222222222,1078.28,2023-05-14 20:16:22
MXP,Zhuhai,China,2023,4,1073.6,1085.4195652173914,1081.5,2023-05-14 20:16:22
MXP,Jammu,Índia,2023,6,1073.66,1085.5140000000001,1074.4,2023-05-14 20:16:22
MXP,Bozeman,Estados Unidos,2023,6,1073.67,1177.3784210526314,1077.16,2023-05-14 20:16:22
MXP,Melbourne,Austrália,2023,10,1074.32,1724.1494444444443,1414.0,2023-05-14 20:16:22
MXP,Reno,Estados Unidos,2023,8,1074.52,1075.4909090909093,1075.78,2023-05-14 20:16:22
MXP,Guaiaquil,Equador,2023,9,1074.59,1074.6,1074.59,2023-05-14 20:16:22
MXP,Sydney,Austrália,2024,2,1074.64,1210.716,1301.16,2023-05-14 20:16:22
MXP,Balikpapan,Indonésia,2023,7,1075.26,1201.7960416666667,1169.2849999999999,2023-05-14 20:16:22
MXP,Sapporo,Japão,2023,5,1075.29,1086.0972727272726,1078.87,2023-05-14 20:16:22
MXP,Faisalabad,Paquistão,2023,5,1075.5,1075.5,1075.5,2023-05-14 20:16:22
MXP,Sandakan,Malásia,2023,3,1075.82,1082.908888888889,1083.97,2023-05-14 20:16:22
MXP,Guilin,China,2023,5,1075.91,1086.419411764706,1079.52,2023-05-14 20:16:22
MXP,Maceió,Brasil,2023,7,1076.17,1077.3485714285714,1076.62,2023-05-14 20:16:22
MXP,Bozeman,Estados Unidos,2023,8,1076.66,1088.611111111111,1082.93,2023-05-14 20:16:22
MXP,Da Nang,Vietname,2023,4,1077.22,1731.7550746268655,1282.28,2023-05-14 20:16:22
MXP,Xian,China,2023,5,1077.59,1139.84,1085.28,2023-05-14 20:16:22
MXP,Porto de Espanha,Trinidad e Tobago,2023,4,1077.61,1295.4165384615385,1195.2,2023-05-14 20:16:22
MXP,Chennai,Índia,2023,12,1078.02,1079.993333333333,1080.37,2023-05-14 20:16:22
MXP,Macau,Macau,2023,6,1079.0,1081.8725,1082.83,2023-05-14 20:16:22
MXP,Boise,Estados Unidos,2023,7,1079.11,2684.348,3083.0950000000003,2023-05-14 20:16:22
MXP,Porto Velho,Brasil,2023,8,1079.13,1234.9466666666667,1082.28,2023-05-14 20:16:22
MXP,Freeport,Bahamas,2024,2,1079.49,1442.1171428571429,1500.04,2023-05-14 20:16:22
MXP,Billings,Estados Unidos,2023,7,1079.52,1418.740476190476,1723.5,2023-05-14 20:16:22
MXP,Santa Ana,Estados Unidos,2023,7,1079.55,1115.1119999999999,1084.99,2023-05-14 20:16:22
MXP,Toyooka,Japão,2023,6,1079.75,1109.7271428571428,1135.41,2023-05-14 20:16:22
MXP,Labuan,Malásia,2023,4,1079.85,1080.7962499999999,1080.08,2023-05-14 20:16:22
MXP,Palmas,Brasil,2023,7,1079.95,1081.2466666666667,1080.96,2023-05-14 20:16:22
MXP,Busan,Coreia do Sul,2023,7,1080.24,1386.6863636363637,1414.88,2023-05-14 20:16:22
MXP,Quimper,França,2023,6,1080.45,1088.6981818181819,1088.63,2023-05-14 20:16:22
MXP,Sapporo,Japão,2024,2,1080.95,1083.057272727273,1083.4,2023-05-14 20:16:22
MXP,Zhengzhou,China,2023,3,1080.97,1266.9725,1266.335,2023-05-14 20:16:22
MXP,Melinde,Quénia,2023,7,1081.36,1082.3285714285714,1081.36,2023-05-14 20:16:22
MXP,Tianjin,China,2023,5,1081.36,1217.894347826087,1252.77,2023-05-14 20:16:22
MXP,Wuhan,China,2023,6,1081.8,1115.479090909091,1138.04,2023-05-14 20:16:22
MXP,Cananor,Índia,2023,4,1081.94,1083.6244444444444,1082.08,2023-05-14 20:16:22
MXP,Da Nang,Vietname,2023,3,1082.84,1242.7664,1135.16,2023-05-14 20:16:22
MXP,Bucaramanga,Colômbia,2023,5,1083.61,1085.0618181818181,1084.08,2023-05-14 20:16:22
MXP,Bissau,Guiné-Bissau,2023,8,1083.71,1090.7136363636364,1091.91,2023-05-14 20:16:22
MXP,Buenos Aires,Argentina,2023,2,1083.85,1171.9722222222222,1201.9,2023-05-14 20:16:22
MXP,Hat Yai,Tailândia,2023,6,1083.92,1089.1633333333334,1088.76,2023-05-14 20:16:22
MXP,Luang Prabang,Laos,2023,2,1084.35,1084.6,1084.7,2023-05-14 20:16:22
MXP,Walvis Bay,Namíbia,2023,6,1084.51,1087.7242857142858,1088.64,2023-05-14 20:16:22
MXP,Baton Rouge,Estados Unidos,2023,7,1084.76,1089.9144444444444,1089.97,2023-05-14 20:16:22
MXP,Salina,Estados Unidos,2023,4,1085.08,1088.9618181818182,1090.34,2023-05-14 20:16:22
MXP,Fairbanks,Estados Unidos,2023,5,1085.43,1086.795,1087.075,2023-05-14 20:16:22
MXP,Qingdao,China,2023,5,1085.46,1185.7552380952382,1086.84,2023-05-14 20:16:22
MXP,Qingdao,China,2023,3,1086.29,1088.4744444444445,1089.27,2023-05-14 20:16:22
MXP,São Tomé,São Tomé e Príncipe,2023,9,1086.59,1098.6779999999999,1086.59,2023-05-14 20:16:22
MXP,Bucaramanga,Colômbia,2023,2,1086.69,1190.826,1260.25,2023-05-14 20:16:22
MXP,Puerto Princesa,Filipinas,2024,1,1087.08,1087.08,1087.08,2023-05-14 20:16:22
MXP,Brisbane,Austrália,2023,3,1087.21,1544.7175000000002,1558.025,2023-05-14 20:16:22
MXP,Kota Kinabalu,Malásia,2024,1,1087.22,1089.007142857143,1087.22,2023-05-14 20:16:22
MXP,Nosy Be,Madagáscar,2023,4,1087.76,1319.6215555555557,1242.47,2023-05-14 20:16:22
MXP,Guadalajara,México,2023,7,1088.78,1133.3700000000001,1088.78,2023-05-14 20:16:22
MXP,Okinawa,Japão,2023,9,1089.02,1097.6926666666666,1098.43,2023-05-14 20:16:22
MXP,Freeport,Bahamas,2024,3,1089.2,1090.31,1090.31,2023-05-14 20:16:22
MXP,Saint Thomas Island,Ilhas Virgens Americanas,2023,6,1089.29,1107.0584210526315,1093.88,2023-05-14 20:16:22
MXP,Vilanculos,Moçambique,2023,9,1089.51,1127.451,1155.555,2023-05-14 20:16:22
MXP,Sorong,Indonésia,2023,4,1089.82,1261.951875,1327.44,2023-05-14 20:16:22
MXP,Durango,México,2023,3,1090.39,1128.3533333333332,1092.26,2023-05-14 20:16:22
MXP,Cali,Colômbia,2023,1,1090.39,1091.0133333333333,1090.39,2023-05-14 20:16:22
MXP,Hangzhou,China,2024,3,1090.72,1092.6633333333332,1090.86,2023-05-14 20:16:22
MXP,Okinawa,Japão,2023,8,1090.84,1227.573111111111,1250.09,2023-05-14 20:16:22
MXP,Santarém,Brasil,2023,6,1090.86,1096.2527272727273,1094.29,2023-05-14 20:16:22
MXP,Saint George.s,Granada,2023,6,1091.16,1387.71375,1562.77,2023-05-14 20:16:22
MXP,Lilongwe,Malaui,2023,12,1091.52,1097.3466666666668,1096.94,2023-05-14 20:16:22
MXP,Kahului,Estados Unidos,2023,6,1092.51,1510.0115151515151,1125.95,2023-05-14 20:16:22
MXP,Armênia,Colômbia,2023,9,1092.97,1093.75,1093.11,2023-05-14 20:16:22
MXP,Sanya,China,2023,3,1093.08,1098.171,1098.6550000000002,2023-05-14 20:16:22
MXP,Bozeman,Estados Unidos,2023,12,1093.57,1142.7682352941176,1167.43,2023-05-14 20:16:22
MXP,Tijuana,México,2023,10,1095.26,1095.879,1095.915,2023-05-14 20:16:22
MXP,Kalispell,Estados Unidos,2023,6,1095.38,1098.4879999999998,1098.235,2023-05-14 20:16:22
MXP,Goiânia,Brasil,2023,7,1095.45,1096.6345454545456,1095.47,2023-05-14 20:16:22
MXP,Foz do Iguaçu,Brasil,2023,2,1095.48,1618.2951851851851,1697.73,2023-05-14 20:16:22
MXP,Da Nang,Vietname,2023,2,1095.48,1206.3842857142859,1097.87,2023-05-14 20:16:22
MXP,Freeport,Bahamas,2023,2,1095.74,1107.4983333333332,1112.31,2023-05-14 20:16:22
MXP,Willemstad,Curaçao,2023,12,1096.4,1182.6891304347828,1098.9,2023-05-14 20:16:22
MXP,Iquitos,Perú,2023,4,1096.49,1101.4366666666667,1103.57,2023-05-14 20:16:22
MXP,Balikpapan,Indonésia,2023,8,1097.09,1350.4448888888887,1496.96,2023-05-14 20:16:22
MXP,León,México,2023,8,1097.1,1097.3999999999999,1097.58,2023-05-14 20:16:22
MXP,Melbourne,Austrália,2023,3,1097.91,1455.1315873015872,1301.66,2023-05-14 20:16:22
MXP,Saint Thomas Island,Ilhas Virgens Americanas,2023,8,1098.02,1337.4112,1417.46,2023-05-14 20:16:22
MXP,Arar,Arábia Saudita,2023,2,1098.19,1099.30125,1098.65,2023-05-14 20:16:22
MXP,Pemba,Moçambique,2023,3,1098.24,1098.935,1098.275,2023-05-14 20:16:22
MXP,Cayman Brac,Ilhas Cayman,2023,8,1098.65,1806.4484210526314,1102.48,2023-05-14 20:16:22
MXP,Calama,Chile,2023,9,1098.97,1174.4931818181817,1174.895,2023-05-14 20:16:22
MXP,Leh,Índia,2023,4,1099.6,1102.06125,1103.31,2023-05-14 20:16:22
MXP,Santa Maria Huatulco,México,2023,5,1099.62,1099.62,1099.62,2023-05-14 20:16:22
MXP,The Valley,Anguila,2023,4,1099.79,1100.859090909091,1101.26,2023-05-14 20:16:22
MXP,Taichung,Taiwan,2023,11,1100.07,1101.2336363636364,1101.1,2023-05-14 20:16:22
MXP,Quito,Equador,2023,7,1100.34,1250.5133333333333,1266.76,2023-05-14 20:16:22
MXP,Auckland,Nova Zelândia,2024,3,1100.62,1100.87,1100.62,2023-05-14 20:16:22
MXP,Porto Velho,Brasil,2023,7,1100.98,1102.3025,1102.01,2023-05-14 20:16:22
MXP,Joinville,Brasil,2023,7,1100.99,1103.0116666666668,1103.4,2023-05-14 20:16:22
MXP,Milwaukee,Estados Unidos,2023,8,1101.38,1248.1215789473686,1258.84,2023-05-14 20:16:22
MXP,Redmond,Estados Unidos,2023,8,1101.47,1101.5844444444444,1101.51,2023-05-14 20:16:22
MXP,Luang Prabang,Laos,2023,4,1102.55,1104.9322222222222,1104.95,2023-05-14 20:16:22
MXP,Sydney,Austrália,2023,9,1102.83,1903.970625,1250.035,2023-05-14 20:16:22
MXP,Okinawa,Japão,2023,6,1103.01,1117.7573684210527,1129.33,2023-05-14 20:16:22
MXP,Mérida,México,2023,8,1103.55,1374.6342307692307,1356.635,2023-05-14 20:16:22
MXP,Boa Vista,Brasil,2023,2,1104.32,1312.3871428571426,1169.02,2023-05-14 20:16:22
MXP,Khasab,Omã,2023,12,1104.41,1507.4191428571428,1385.32,2023-05-14 20:16:22
MXP,Kangerlussuaq,Gronelândia,2023,6,1104.59,1106.1899999999998,1105.25,2023-05-14 20:16:22
MXP,Wilmington,Estados Unidos,2023,7,1104.64,1108.6355555555556,1105.68,2023-05-14 20:16:22
MXP,Sydney,Austrália,2023,2,1105.24,1528.8722857142857,1538.63,2023-05-14 20:16:22
MXP,Nagóia,Japão,2023,5,1105.39,1118.178125,1110.77,2023-05-14 20:16:22
MXP,Sapporo,Japão,2023,1,1105.59,1108.48,1109.73,2023-05-14 20:16:22
MXP,Kendari,Indonésia,2023,6,1105.63,1108.57,1109.55,2023-05-14 20:16:22
MXP,Cuiabá,Brasil,2023,5,1105.83,1152.7878260869566,1191.33,2023-05-14 20:16:22
MXP,Kisumu,Quénia,2023,8,1105.85,1105.85,1105.85,2023-05-14 20:16:22
MXP,Aguascalientes,México,2023,5,1106.35,1107.659,1107.585,2023-05-14 20:16:22
MXP,Maringá,Brasil,2023,4,1106.37,1108.08,1108.08,2023-05-14 20:16:22
MXP,Helena,Estados Unidos,2023,10,1106.41,1107.8933333333334,1108.16,2023-05-14 20:16:22
MXP,Medellín,Colômbia,2023,8,1106.43,1146.0661538461538,1159.75,2023-05-14 20:16:22
MXP,Panglao,Filipinas,2023,5,1106.47,1130.8487499999999,1135.57,2023-05-14 20:16:22
MXP,Sydney,Austrália,2023,7,1107.13,1270.2250000000001,1169.38,2023-05-14 20:16:22
MXP,Córdova,Argentina,2023,12,1107.38,1117.612,1108.42,2023-05-14 20:16:22
MXP,Yangzhou,China,2023,5,1107.64,1109.76,1108.33,2023-05-14 20:16:22
MXP,Taipé,Taiwan,2023,8,1108.06,1108.06,1108.06,2023-05-14 20:16:22
MXP,Kobe,Japão,2023,4,1108.54,2052.7596825396827,2223.74,2023-05-14 20:16:22
MXP,Shenzhen,China,2023,8,1109.37,1109.514,1109.55,2023-05-14 20:16:22
MXP,Porto Plata,República Dominicana,2023,7,1109.86,1797.0772222222222,1797.2649999999999,2023-05-14 20:16:22
MXP,La Paz,México,2023,9,1109.93,1110.8560000000002,1110.7,2023-05-14 20:16:22
MXP,Vilanculos,Moçambique,2023,5,1109.99,1109.99,1109.99,2023-05-14 20:16:22
MXP,Thanh Hoa,Vietname,2023,3,1110.04,1111.1466666666665,1111.96,2023-05-14 20:16:22
MXP,Shenyang,China,2023,9,1110.08,1118.550909090909,1118.48,2023-05-14 20:16:22
MXP,Sucre,Bolívia,2023,5,1110.12,1111.89875,1111.63,2023-05-14 20:16:22
MXP,Walvis Bay,Namíbia,2023,2,1110.18,1111.15,1110.415,2023-05-14 20:16:22
MXP,Melinde,Quénia,2023,8,1110.23,1306.5002127659575,1269.18,2023-05-14 20:16:22
MXP,Vitória,Brasil,2023,12,1110.46,1113.482,1112.1399999999999,2023-05-14 20:16:22
MXP,Cebu,Filipinas,2023,12,1111.04,1276.2309375,1235.04,2023-05-14 20:16:22
MXP,Vientiane,Laos,2023,7,1111.04,1237.201111111111,1252.92,2023-05-14 20:16:22
MXP,Hue,Vietname,2023,4,1111.31,1117.8644444444444,1121.59,2023-05-14 20:16:22
MXP,Whitehorse,Canadá,2023,2,1111.31,1129.0208333333333,1125.385,2023-05-14 20:16:22
MXP,Kobe,Japão,2023,10,1111.35,1248.2920833333333,1132.47,2023-05-14 20:16:22
MXP,Hakodate,Japão,2023,3,1111.36,1276.2619444444445,1222.615,2023-05-14 20:16:22
MXP,Cataratas Vitória,Zimbábue,2023,8,1111.54,1508.7865853658536,1421.87,2023-05-14 20:16:22
MXP,Caiena,Guiana Francesa,2023,3,1111.6,1116.0068181818183,1115.09,2023-05-14 20:16:22
MXP,Zacatecas,México,2023,9,1111.76,1112.7658333333334,1111.79,2023-05-14 20:16:22
MXP,Sydney,Austrália,2023,3,1112.61,1458.9440677966102,1456.77,2023-05-14 20:16:22
MXP,Port Elizabeth,África do Sul,2023,8,1113.08,1570.941111111111,1627.84,2023-05-14 20:16:22
MXP,Kobe,Japão,2024,3,1113.1,1271.33125,1322.99,2023-05-14 20:16:22
MXP,Mendoza,Argentina,2023,11,1113.34,1117.1577777777777,1116.95,2023-05-14 20:16:22
MXP,Macau,Macau,2023,5,1113.58,1293.8314285714284,1323.5,2023-05-14 20:16:22
MXP,Killeen,Estados Unidos,2023,7,1113.89,1285.4772727272727,1321.63,2023-05-14 20:16:22
MXP,Libéria,Costa Rica,2023,12,1113.98,1437.1762500000002,1599.18,2023-05-14 20:16:22
MXP,Belo Horizonte,Brasil,2023,8,1114.33,1252.592142857143,1249.07,2023-05-14 20:16:22
MXP,Christiansted,Ilhas Virgens Americanas,2024,1,1114.53,1120.4054545454544,1122.84,2023-05-14 20:16:22
MXP,Barranquilla,Colômbia,2023,1,1114.54,1114.54,1114.54,2023-05-14 20:16:22
MXP,Idaho Falls,Estados Unidos,2023,3,1114.95,1118.67875,1118.2,2023-05-14 20:16:22
MXP,La Paz,Bolívia,2024,1,1115.08,1115.08,1115.08,2023-05-14 20:16:22
MXP,La Paz,México,2023,11,1115.32,1115.949,1115.9850000000001,2023-05-14 20:16:22
MXP,Cidade da Guatemala,Guatemala,2023,8,1115.77,1583.8525714285713,1517.88,2023-05-14 20:16:22
MXP,Kaohsiung,Taiwan,2023,2,1116.02,1223.6036363636363,1119.08,2023-05-14 20:16:22
MXP,Wenzhou,China,2024,1,1116.08,1116.08,1116.08,2023-05-14 20:16:22
MXP,Everett,Estados Unidos,2023,7,1116.62,1194.6738461538462,1167.54,2023-05-14 20:16:22
MXP,Porto Seguro,Brasil,2023,8,1116.68,1258.8812,1245.13,2023-05-14 20:16:22
MXP,Cuiabá,Brasil,2023,12,1116.87,1119.4616666666668,1120.64,2023-05-14 20:16:22
MXP,Freeport,Bahamas,2023,6,1117.11,1522.9947999999997,1501.81,2023-05-14 20:16:22
MXP,Haikou,China,2023,3,1117.29,1122.486,1122.98,2023-05-14 20:16:22
MXP,Kralendijk,Países Baixos Caribenhos,2023,10,1117.36,1334.9033333333334,1403.29,2023-05-14 20:16:22
MXP,Peshawar,Paquistão,2023,2,1117.4,1125.089,1118.25,2023-05-14 20:16:22
MXP,Belém,Brasil,2023,8,1117.68,3668.0444,1355.77,2023-05-14 20:16:22
MXP,Saint Thomas Island,Ilhas Virgens Americanas,2023,7,1117.73,1124.4724999999999,1125.81,2023-05-14 20:16:22
MXP,Kasane,Botsuana,2023,6,1118.06,1123.2866666666666,1123.07,2023-05-14 20:16:22
MXP,Dzaoudzi,Maiote,2023,6,1118.25,1372.3661111111112,1126.6799999999998,2023-05-14 20:16:22
MXP,Auckland,Nova Zelândia,2023,11,1118.32,1402.1164705882352,1182.13,2023-05-14 20:16:22
MXP,Porto de Espanha,Trinidad e Tobago,2023,12,1119.27,1530.6,1776.17,2023-05-14 20:16:22
MXP,Sanya,China,2023,4,1119.44,1392.0731578947368,1121.82,2023-05-14 20:16:22
MXP,Flagstaff,Estados Unidos,2023,3,1119.51,1131.4654545454546,1129.88,2023-05-14 20:16:22
MXP,Nosy Be,Madagáscar,2023,12,1119.51,1409.16,1478.8200000000002,2023-05-14 20:16:22
MXP,Villahermosa,México,2023,2,1119.91,1119.91,1119.91,2023-05-14 20:16:22
MXP,Luang Prabang,Laos,2023,12,1119.98,1119.98,1119.98,2023-05-14 20:16:22
MXP,Puerto Vallarta,México,2024,2,1120.01,1121.203,1121.415,2023-05-14 20:16:22
MXP,Dzaoudzi,Maiote,2023,2,1120.47,1122.2,1122.2,2023-05-14 20:16:22
MXP,George Town,Bahamas,2023,7,1120.81,1248.926896551724,1254.08,2023-05-14 20:16:22
MXP,Charlottetown,Canadá,2023,4,1121.13,1122.3858333333335,1121.59,2023-05-14 20:16:22
MXP,Macassar,Indonésia,2023,1,1121.59,1121.59,1121.59,2023-05-14 20:16:22
MXP,São Luís,Brasil,2023,5,1121.7,1289.992564102564,1304.9,2023-05-14 20:16:22
MXP,Monterey,Estados Unidos,2023,5,1122.25,1135.9609999999998,1131.6999999999998,2023-05-14 20:16:22
MXP,Phitsanulok,Tailândia,2023,3,1122.26,1123.3777777777777,1124.2,2023-05-14 20:16:22
MXP,Sharjah,Emirados Árabes Unidos,2023,8,1122.37,1122.37,1122.37,2023-05-14 20:16:22
MXP,Nantong,China,2023,6,1122.45,1122.45,1122.45,2023-05-14 20:16:22
MXP,San José del Cabo,México,2023,12,1122.68,1497.9321212121213,1412.64,2023-05-14 20:16:22
MXP,Iaundé,Camarões,2023,7,1123.18,1128.2822222222223,1125.9,2023-05-14 20:16:22
MXP,Kralendijk,Países Baixos Caribenhos,2023,11,1123.27,1164.284375,1187.72,2023-05-14 20:16:22
MXP,Cidade do Kansas,Estados Unidos,2023,7,1123.3,1125.985,1126.96,2023-05-14 20:16:22
MXP,Xiamen,China,2023,4,1123.45,1235.9716666666666,1138.09,2023-05-14 20:16:22
MXP,Agra,Índia,2023,2,1124.2,1127.2,1127.58,2023-05-14 20:16:22
MXP,Whitehorse,Canadá,2023,5,1124.63,1126.581111111111,1126.47,2023-05-14 20:16:22
MXP,Nosy Be,Madagáscar,2023,8,1124.79,1585.7227500000001,1662.21,2023-05-14 20:16:22
MXP,Evansville,Estados Unidos,2023,7,1125.14,1127.0049999999999,1127.045,2023-05-14 20:16:22
MXP,Dalian,China,2023,6,1125.95,1129.408,1129.675,2023-05-14 20:16:22
MXP,Tawau,Malásia,2023,10,1126.25,1129.308888888889,1131.73,2023-05-14 20:16:22
MXP,Port Blair,Índia,2023,5,1126.26,1126.86,1126.88,2023-05-14 20:16:22
MXP,Saint-Denis,Ilha da Reunião,2023,8,1126.58,1496.90375,1499.99,2023-05-14 20:16:22
MXP,Hohhot,China,2023,10,1127.02,1133.232,1133.7150000000001,2023-05-14 20:16:22
MXP,Chongqing,China,2023,3,1127.17,1345.3152631578948,1499.41,2023-05-14 20:16:22
MXP,Siem Reap,Cambodja,2023,1,1127.64,1127.9142857142856,1128.12,2023-05-14 20:16:22
MXP,Shenzhen,China,2023,7,1128.06,1299.4706666666668,1370.72,2023-05-14 20:16:22
MXP,Chiang Rai,Tailândia,2023,2,1128.27,1128.27,1128.27,2023-05-14 20:16:22
MXP,Auckland,Nova Zelândia,2023,9,1128.73,2124.605,1433.13,2023-05-14 20:16:22
MXP,Shenyang,China,2023,4,1129.19,1223.1471875,1172.6,2023-05-14 20:16:22
MXP,Córdova,Argentina,2023,4,1129.29,1843.1705172413792,1420.89,2023-05-14 20:16:22
MXP,Kota Kinabalu,Malásia,2023,8,1129.35,2570.586363636364,1322.09,2023-05-14 20:16:22
MXP,Porto Seguro,Brasil,2023,4,1129.83,1364.5103225806452,1297.59,2023-05-14 20:16:22
MXP,Santa Marta,Colômbia,2023,7,1130.4,1195.8216666666667,1202.795,2023-05-14 20:16:22
MXP,Nosy Be,Madagáscar,2024,1,1130.76,1214.9207142857142,1183.9450000000002,2023-05-14 20:16:22
MXP,São Salvador,El Salvador,2023,7,1130.89,1485.3600000000001,1135.23,2023-05-14 20:16:22
MXP,Fort-de-France,Martinica,2023,12,1131.24,1471.5790909090908,1403.0900000000001,2023-05-14 20:16:22
MXP,Boracay,Filipinas,2023,12,1132.14,1133.52625,1133.585,2023-05-14 20:16:22
MXP,Gustávia,São Bartolomeu,2023,5,1132.22,1768.1955555555555,2155.36,2023-05-14 20:16:22
MXP,Shenzhen,China,2023,10,1132.54,1202.7035714285714,1222.51,2023-05-14 20:16:22
MXP,Sydney,Austrália,2023,11,1132.6,1217.3696875,1192.17,2023-05-14 20:16:22
MXP,Rayong,Tailândia,2024,1,1132.6,1133.128888888889,1133.39,2023-05-14 20:16:22
MXP,Perth,Austrália,2023,6,1132.96,1458.3925,1479.11,2023-05-14 20:16:22
MXP,Odate,Japão,2023,10,1132.99,1137.29,1137.91,2023-05-14 20:16:22
MXP,Taichung,Taiwan,2023,6,1133.17,1136.1925,1137.2,2023-05-14 20:16:22
MXP,Burbank,Estados Unidos,2023,7,1133.89,1336.5842105263157,1291.11,2023-05-14 20:16:22
MXP,Laramie,Estados Unidos,2023,4,1134.3,1134.3,1134.3,2023-05-14 20:16:22
MXP,Angeles City,Filipinas,2023,6,1134.71,1161.7266666666667,1134.755,2023-05-14 20:16:22
MXP,Albany,Estados Unidos,2023,7,1134.8,1139.0825,1140.51,2023-05-14 20:16:22
MXP,Gustávia,São Bartolomeu,2023,9,1135.1,1318.1996774193549,1242.57,2023-05-14 20:16:22
MXP,Fukuoka,Japão,2023,12,1135.43,1141.2191666666665,1140.98,2023-05-14 20:16:22
MXP,Sorong,Indonésia,2023,5,1136.27,1333.4057142857143,1136.97,2023-05-14 20:16:22
MXP,Livingstone,Zâmbia,2023,7,1136.28,1138.3025,1136.42,2023-05-14 20:16:22
MXP,Haiphong,Vietname,2023,3,1136.36,1193.1084615384616,1138.33,2023-05-14 20:16:22
MXP,Montgomery,Estados Unidos,2023,8,1136.76,1180.0226890756303,1158.61,2023-05-14 20:16:22
MXP,Xiamen,China,2023,7,1137.09,1893.7930769230768,2224.16,2023-05-14 20:16:22
MXP,Brazavile,República do Congo,2023,2,1137.64,1138.995,1138.85,2023-05-14 20:16:22
MXP,Roxas City,Filipinas,2023,3,1137.94,1139.2475,1138.12,2023-05-14 20:16:22
MXP,Helena,Estados Unidos,2023,5,1138.13,1170.955,1178.33,2023-05-14 20:16:22
MXP,Jodhpur,Índia,2023,8,1138.46,1144.7166666666667,1146.38,2023-05-14 20:16:22
MXP,Ilha de Páscoa,Chile,2023,12,1139.07,1415.9264705882354,1475.81,2023-05-14 20:16:22
MXP,Cidade de Ho Chi Minh,Vietname,2023,12,1140.6,1486.8075,1424.2,2023-05-14 20:16:22
MXP,Busan,Coreia do Sul,2024,3,1140.85,1141.745,1141.54,2023-05-14 20:16:22
MXP,Saint George.s,Granada,2023,7,1140.87,1144.47,1146.27,2023-05-14 20:16:22
MXP,Nosy Be,Madagáscar,2023,10,1141.15,1198.9814285714285,1170.25,2023-05-14 20:16:22
MXP,General Santos,Filipinas,2023,10,1141.96,1148.8470000000002,1148.1399999999999,2023-05-14 20:16:22
MXP,Xiamen,China,2023,10,1142.55,1147.76,1146.6799999999998,2023-05-14 20:16:22
MXP,Koh Samui,Tailândia,2023,7,1142.76,1410.4815384615385,1387.99,2023-05-14 20:16:22
MXP,Goiânia,Brasil,2023,2,1143.15,1143.94,1143.385,2023-05-14 20:16:22
MXP,Bridgetown,Barbados,2023,12,1143.57,1629.3026315789473,1806.25,2023-05-14 20:16:22
MXP,Ilhéus,Brasil,2023,7,1143.61,1395.732,1367.17,2023-05-14 20:16:22
MXP,Trujillo,Perú,2023,6,1143.69,1147.7599999999998,1147.725,2023-05-14 20:16:22
MXP,Dalian,China,2023,5,1144.33,1151.871111111111,1153.0,2023-05-14 20:16:22
MXP,Chapecó,Brasil,2023,6,1144.48,1158.5666666666666,1148.23,2023-05-14 20:16:22
MXP,Sukhothai,Tailândia,2023,8,1144.87,1149.0122222222224,1145.95,2023-05-14 20:16:22
MXP,Namibe,Angola,2023,6,1145.17,1148.4180000000001,1148.1550000000002,2023-05-14 20:16:22
MXP,Addu City,Maldivas,2023,6,1145.29,1146.248,1146.09,2023-05-14 20:16:22
MXP,Sarasota,Estados Unidos,2023,8,1145.41,1146.0233333333335,1146.04,2023-05-14 20:16:22
MXP,Belém,Brasil,2023,6,1145.85,1164.392857142857,1177.03,2023-05-14 20:16:22
MXP,The Valley,Anguila,2023,3,1145.95,1402.328947368421,1164.38,2023-05-14 20:16:22
MXP,Sydney,Austrália,2023,10,1146.44,1779.2463636363636,1263.47,2023-05-14 20:16:22
MXP,Cidade de Belize,Belize,2023,7,1147.2,1283.7002777777777,1231.795,2023-05-14 20:16:22
MXP,Sapporo,Japão,2023,3,1147.77,1474.3950909090909,1210.12,2023-05-14 20:16:22
MXP,Santa Cruz da Serra,Bolívia,2023,8,1148.45,1381.762380952381,1337.78,2023-05-14 20:16:22
MXP,Cuenca,Equador,2023,2,1148.65,1217.5088888888888,1151.36,2023-05-14 20:16:22
MXP,Yantai,China,2023,5,1148.73,1153.5059999999999,1155.54,2023-05-14 20:16:22
MXP,Tijuana,México,2023,6,1148.92,1149.581818181818,1149.72,2023-05-14 20:16:22
MXP,Mfuwe,Zâmbia,2023,5,1148.96,1156.5277777777778,1157.66,2023-05-14 20:16:22
MXP,Changsha,China,2023,3,1149.2,1154.0587500000001,1156.97,2023-05-14 20:16:22
MXP,Arba Minch,Etiópia,2023,3,1149.9,1158.302222222222,1162.52,2023-05-14 20:16:22
MXP,Porto Alegre,Brasil,2023,4,1150.15,1374.261935483871,1291.23,2023-05-14 20:16:22
MXP,Tijuana,México,2023,3,1150.55,1152.3249999999998,1152.3249999999998,2023-05-14 20:16:22
MXP,Maputo,Moçambique,2023,2,1150.81,1154.8627272727272,1154.69,2023-05-14 20:16:22
MXP,Busan,Coreia do Sul,2023,11,1150.82,1151.54,1151.9,2023-05-14 20:16:22
MXP,Jeju,Coreia do Sul,2023,7,1151.37,2045.8,2136.02,2023-05-14 20:16:22
MXP,Auckland,Nova Zelândia,2023,10,1151.51,2244.563783783784,1568.58,2023-05-14 20:16:22
MXP,Moroni,Comores,2023,12,1151.8,1289.485294117647,1178.88,2023-05-14 20:16:22
MXP,Mexicali,México,2023,5,1152.0,1157.5949999999998,1157.8,2023-05-14 20:16:22
MXP,Veracruz,México,2023,10,1152.63,1153.526,1153.71,2023-05-14 20:16:22
MXP,Jaipur,Índia,2023,8,1153.26,1345.990294117647,1216.66,2023-05-14 20:16:22
MXP,Wuhan,China,2023,9,1153.53,1154.7811111111112,1155.35,2023-05-14 20:16:22
MXP,Cebu,Filipinas,2023,7,1154.12,1360.4879999999998,1371.73,2023-05-14 20:16:22
MXP,Santa Marta,Colômbia,2023,6,1154.29,1156.4133333333332,1156.82,2023-05-14 20:16:22
MXP,Kunming,China,2023,5,1154.66,1266.7722222222221,1167.29,2023-05-14 20:16:22
MXP,Tacloban City,Filipinas,2023,3,1154.78,1156.8163636363636,1157.44,2023-05-14 20:16:22
MXP,Fukuoka,Japão,2023,3,1155.05,1190.5610000000001,1159.49,2023-05-14 20:16:22
MXP,Maringá,Brasil,2023,3,1155.17,1306.6181818181817,1318.48,2023-05-14 20:16:22
MXP,Billings,Estados Unidos,2023,3,1155.71,1157.56875,1157.29,2023-05-14 20:16:22
MXP,Salina,Estados Unidos,2023,6,1155.71,1158.2741666666668,1157.29,2023-05-14 20:16:22
MXP,Luang Prabang,Laos,2023,8,1155.98,1457.1136363636363,1502.13,2023-05-14 20:16:22
MXP,Sydney,Austrália,2023,12,1157.48,1815.3300000000002,2273.28,2023-05-14 20:16:22
MXP,Punta Arenas,Chile,2023,2,1157.83,1159.289,1159.4299999999998,2023-05-14 20:16:22
MXP,Mendoza,Argentina,2023,9,1157.92,1159.46,1160.3,2023-05-14 20:16:22
MXP,Castries,Santa Lúcia,2023,3,1158.57,1182.609411764706,1196.53,2023-05-14 20:16:22
MXP,Ipatinga,Brasil,2023,7,1158.74,1160.123,1159.975,2023-05-14 20:16:22
MXP,Cody,Estados Unidos,2023,6,1159.43,1161.4077777777777,1161.02,2023-05-14 20:16:22
MXP,Zhengzhou,China,2023,4,1159.49,2399.704358974359,1297.09,2023-05-14 20:16:22
MXP,Grand Junction,Estados Unidos,2023,5,1159.69,1167.4633333333334,1167.97,2023-05-14 20:16:22
MXP,Wenzhou,China,2023,7,1159.81,1160.6533333333334,1159.81,2023-05-14 20:16:22
MXP,Chengdu,China,2023,4,1160.07,1244.6216363636363,1255.77,2023-05-14 20:16:22
MXP,La Paz,Bolívia,2023,9,1160.54,1284.954090909091,1205.495,2023-05-14 20:16:22
MXP,Auckland,Nova Zelândia,2023,6,1160.98,1472.1667499999999,1534.91,2023-05-14 20:16:22
MXP,Bozeman,Estados Unidos,2023,7,1161.22,1165.749090909091,1167.98,2023-05-14 20:16:22
MXP,Pullman,Estados Unidos,2023,4,1161.5,1162.8745454545456,1161.98,2023-05-14 20:16:22
MXP,Lafayette,Estados Unidos,2023,5,1161.62,1161.62,1161.62,2023-05-14 20:16:22
MXP,Perth,Austrália,2024,2,1161.71,1223.6175,1211.1100000000001,2023-05-14 20:16:22
MXP,Presidente Prudente,Brasil,2023,3,1161.73,1164.7536363636364,1165.96,2023-05-14 20:16:22
MXP,Pemba,Moçambique,2023,8,1162.41,1314.6157142857141,1276.36,2023-05-14 20:16:22
MXP,Grand'Anse Praslin,Seicheles,2023,8,1162.9,1400.4109677419353,1349.87,2023-05-14 20:16:22
MXP,Comox,Canadá,2023,6,1163.1,1195.86,1223.02,2023-05-14 20:16:22
MXP,Melbourne,Austrália,2023,8,1163.33,1397.9712499999998,1442.15,2023-05-14 20:16:22
MXP,Nosy Be,Madagáscar,2023,9,1163.56,1516.671818181818,1208.1,2023-05-14 20:16:22
MXP,São Luís,Brasil,2023,2,1163.84,1166.5655555555556,1167.77,2023-05-14 20:16:22
MXP,Hat Yai,Tailândia,2023,8,1164.21,1284.4172413793103,1252.66,2023-05-14 20:16:22
MXP,Melbourne,Austrália,2023,2,1164.73,1601.1852941176471,1523.28,2023-05-14 20:16:22
MXP,San Carlos DeBariloche,Argentina,2023,5,1164.96,1558.8320512820512,1377.94,2023-05-14 20:16:22
MXP,Tucson,Estados Unidos,2023,7,1166.35,1272.763333333333,1310.85,2023-05-14 20:16:22
MXP,Vilanculos,Moçambique,2023,8,1166.68,1291.4593333333332,1174.59,2023-05-14 20:16:22
MXP,Edmonton,Canadá,2023,8,1167.3,1178.7854545454545,1169.78,2023-05-14 20:16:22
MXP,Moroni,Comores,2023,7,1167.82,1354.5518421052632,1255.965,2023-05-14 20:16:22
MXP,Kailua-Kona,Estados Unidos,2023,7,1168.05,1234.9015384615386,1245.0,2023-05-14 20:16:22
MXP,Livingstone,Zâmbia,2023,2,1168.11,1170.648888888889,1171.78,2023-05-14 20:16:22
MXP,Florianópolis,Brasil,2023,7,1168.79,1205.201111111111,1171.49,2023-05-14 20:16:22
MXP,Banjarmasin,Indonésia,2023,5,1169.27,1173.2166666666667,1170.01,2023-05-14 20:16:22
MXP,Zhengzhou,China,2023,5,1169.27,1171.0427272727272,1169.42,2023-05-14 20:16:22
MXP,Rosario,Argentina,2023,5,1169.64,1371.46,1169.64,2023-05-14 20:16:22
MXP,Lafayette,Estados Unidos,2023,4,1171.01,1476.2564285714286,1314.35,2023-05-14 20:16:22
MXP,Grand-Case,São Martinho (Saint-Martin),2023,5,1171.69,1218.5458823529411,1174.3,2023-05-14 20:16:22
MXP,Tongliao,China,2023,6,1172.66,1175.78,1176.82,2023-05-14 20:16:22
MXP,Kralendijk,Países Baixos Caribenhos,2023,2,1172.67,1330.7324999999998,1292.21,2023-05-14 20:16:22
MXP,Nanaimo,Canadá,2023,6,1173.23,1174.5310000000002,1174.6950000000002,2023-05-14 20:16:22
MXP,Cidade de Belize,Belize,2023,8,1173.4,1363.7342857142855,1359.35,2023-05-14 20:16:22
MXP,Appleton,Estados Unidos,2023,7,1173.64,1182.8044444444445,1181.06,2023-05-14 20:16:22
MXP,Green Bay,Estados Unidos,2023,7,1173.64,1182.8044444444445,1181.06,2023-05-14 20:16:22
MXP,Comayagua,Honduras,2023,9,1174.44,1174.44,1174.44,2023-05-14 20:16:22
MXP,Nosy Be,Madagáscar,2023,11,1174.85,1336.2864705882353,1256.76,2023-05-14 20:16:22
MXP,Pietermaritzburg,África do Sul,2023,7,1175.25,1176.0549999999998,1176.0549999999998,2023-05-14 20:16:22
MXP,Cruz,Brasil,2023,4,1175.49,1179.3538461538462,1180.01,2023-05-14 20:16:22
MXP,Del Carmen,Filipinas,2023,6,1175.58,1177.4428571428573,1177.51,2023-05-14 20:16:22
MXP,Sapporo,Japão,2023,8,1176.03,1285.605,1181.475,2023-05-14 20:16:22
MXP,Tamuning,Guam,2024,3,1176.23,1177.624,1177.545,2023-05-14 20:16:22
MXP,Paramaribo,Suriname,2023,6,1176.87,1176.87,1176.87,2023-05-14 20:16:22
MXP,Saint-Denis,Ilha da Reunião,2023,7,1177.02,1212.0625,1210.0,2023-05-14 20:16:22
MXP,Nosy Be,Madagáscar,2023,3,1177.11,1282.9976000000001,1233.025,2023-05-14 20:16:22
MXP,Estrasburgo,França,2023,3,1178.01,1178.01,1178.01,2023-05-14 20:16:22
MXP,Oaxaca,México,2023,2,1178.28,1180.94875,1182.1599999999999,2023-05-14 20:16:22
MXP,Arequipa,Perú,2023,5,1178.33,1405.4035,1404.415,2023-05-14 20:16:22
MXP,Surabaia,Indonésia,2023,2,1178.74,1180.7985714285714,1178.74,2023-05-14 20:16:22
MXP,Freeport,Bahamas,2024,1,1178.77,1202.8,1202.8,2023-05-14 20:16:22
MXP,Chengdu,China,2023,12,1178.9,1186.392,1187.045,2023-05-14 20:16:22
MXP,Ushuaia,Argentina,2023,5,1178.93,1353.3858823529413,1181.45,2023-05-14 20:16:22
MXP,Wuhan,China,2023,11,1178.93,1180.25,1179.42,2023-05-14 20:16:22
MXP,Sarasota,Estados Unidos,2023,6,1179.01,1179.8285714285714,1179.01,2023-05-14 20:16:22
MXP,Porto Alegre,Brasil,2023,8,1179.62,1375.389,1181.405,2023-05-14 20:16:22
MXP,Siem Reap,Cambodja,2024,4,1180.51,1180.51,1180.51,2023-05-14 20:16:22
MXP,Busuanga,Filipinas,2023,3,1180.6,1206.1754999999998,1201.615,2023-05-14 20:16:22
MXP,São José do Rio Preto,Brasil,2023,4,1181.11,1186.5349999999999,1186.53,2023-05-14 20:16:22
MXP,Yonago,Japão,2023,10,1181.17,1181.9391666666668,1181.86,2023-05-14 20:16:22
MXP,La Paz,México,2023,10,1182.41,1187.5611111111111,1186.71,2023-05-14 20:16:22
MXP,Dundee,Reino Unido,2023,3,1182.7,1188.368,1188.845,2023-05-14 20:16:22
MXP,Macassar,Indonésia,2023,4,1183.38,1183.38,1183.38,2023-05-14 20:16:22
MXP,Bacólod,Filipinas,2023,2,1183.68,1184.0125,1184.06,2023-05-14 20:16:22
MXP,Penang,Malásia,2023,8,1183.7,1199.585,1199.5349999999999,2023-05-14 20:16:22
MXP,Nanjing,China,2023,10,1183.7,1235.324,1186.56,2023-05-14 20:16:22
MXP,Moncton,Canadá,2023,6,1183.97,1186.7983333333334,1187.82,2023-05-14 20:16:22
MXP,Ukunda,Quénia,2023,5,1185.02,1254.8847368421054,1189.31,2023-05-14 20:16:22
MXP,Veracruz,México,2023,4,1185.26,1196.435,1187.255,2023-05-14 20:16:22
MXP,Chennai,Índia,2023,8,1186.47,1186.47,1186.47,2023-05-14 20:16:22
MXP,Gaborone,Botsuana,2023,8,1186.58,1365.0310714285715,1261.005,2023-05-14 20:16:22
MXP,Busan,Coreia do Sul,2023,2,1188.13,1328.3228571428572,1373.72,2023-05-14 20:16:22
MXP,Kobe,Japão,2023,9,1188.35,1264.6132499999999,1232.72,2023-05-14 20:16:22
MXP,Manágua,Nicarágua,2023,8,1189.13,1552.9560000000001,1611.88,2023-05-14 20:16:22
MXP,San José,Costa Rica,2023,8,1189.25,1424.403,1404.98,2023-05-14 20:16:22
MXP,Villahermosa,México,2023,5,1189.57,1524.9258620689654,1201.75,2023-05-14 20:16:22
MXP,Boa Vista,Brasil,2023,8,1189.71,1582.853953488372,1495.68,2023-05-14 20:16:22
MXP,Udon Thani,Tailândia,2023,3,1189.93,1193.0245454545454,1194.26,2023-05-14 20:16:22
MXP,Dundee,Reino Unido,2023,8,1189.93,1191.166,1191.99,2023-05-14 20:16:22
MXP,Qingdao,China,2023,4,1190.03,2375.6595238095238,1266.6,2023-05-14 20:16:22
MXP,Lebanon,Estados Unidos,2023,7,1190.34,1194.8374999999999,1197.39,2023-05-14 20:16:22
MXP,Zhanjiang,China,2023,9,1190.81,1197.0954545454545,1199.7,2023-05-14 20:16:22
MXP,Tokushima,Japão,2023,4,1190.81,1418.0877777777778,1418.4250000000002,2023-05-14 20:16:22
MXP,Hohhot,China,2023,9,1191.55,1207.8027272727272,1200.57,2023-05-14 20:16:22
MXP,Chengdu,China,2023,10,1191.66,1191.8175,1191.72,2023-05-14 20:16:22
MXP,The Valley,Anguila,2023,5,1191.77,2015.8092000000001,2397.15,2023-05-14 20:16:22
MXP,Wuhan,China,2023,4,1192.06,1514.8253703703706,1586.185,2023-05-14 20:16:22
MXP,Natal,Brasil,2023,7,1192.29,1699.694,1332.43,2023-05-14 20:16:22
MXP,Joinville,Brasil,2023,6,1192.49,1206.388181818182,1210.07,2023-05-14 20:16:22
MXP,Acapulco,México,2023,8,1192.63,1200.0477777777778,1200.08,2023-05-14 20:16:22
MXP,Port Blair,Índia,2023,8,1193.12,1373.0460714285714,1246.12,2023-05-14 20:16:22
MXP,Pagadian,Filipinas,2023,3,1193.5,1307.3129166666665,1232.28,2023-05-14 20:16:22
MXP,Winnipeg,Canadá,2023,8,1193.57,1194.9833333333331,1196.1,2023-05-14 20:16:22
MXP,Çanakkale,Turquia,2023,4,1193.66,1194.0900000000001,1194.18,2023-05-14 20:16:22
MXP,Sacramento,Estados Unidos,2023,6,1194.06,1227.5742105263157,1196.92,2023-05-14 20:16:22
MXP,Tegucigalpa,Honduras,2023,3,1195.5,1199.3216666666667,1200.79,2023-05-14 20:16:22
MXP,Zagora,Marrocos,2023,4,1195.83,1197.6225,1197.1599999999999,2023-05-14 20:16:22
MXP,Wakkanai,Japão,2023,3,1195.9,1294.746111111111,1369.76,2023-05-14 20:16:22
MXP,Kelowna,Canadá,2023,5,1196.38,1512.5719230769232,1202.685,2023-05-14 20:16:22
MXP,Porto Alegre,Brasil,2023,7,1196.43,1200.29,1199.6,2023-05-14 20:16:22
MXP,Querétaro,México,2023,2,1196.82,1493.5185,1205.2,2023-05-14 20:16:22
MXP,Wuhan,China,2023,12,1197.37,1200.7633333333333,1201.39,2023-05-14 20:16:22
MXP,Simpson Bay,São Martinho (Sint Maarten),2023,7,1197.81,1364.7744444444443,1339.79,2023-05-14 20:16:22
MXP,Shirahama,Japão,2023,4,1198.26,1713.2177777777779,1713.1150000000002,2023-05-14 20:16:22
MXP,Santa Barbara,Estados Unidos,2023,7,1198.8,1198.8,1198.8,2023-05-14 20:16:22
MXP,San José,Costa Rica,2023,7,1199.06,1941.9866666666667,2055.22,2023-05-14 20:16:22
MXP,Quetta,Paquistão,2024,1,1199.16,1201.715,1201.19,2023-05-14 20:16:22
MXP,Roseau,Dominica,2023,5,1200.15,1200.15,1200.15,2023-05-14 20:16:22
MXP,Lampang,Tailândia,2023,1,1201.44,1202.6228571428571,1203.51,2023-05-14 20:16:22
MXP,Brisbane,Austrália,2023,9,1201.55,1631.7787096774193,1447.28,2023-05-14 20:16:22
MXP,La Paz,Bolívia,2023,12,1201.89,1201.89,1201.89,2023-05-14 20:16:22
MXP,Bahir Dar,Etiópia,2023,7,1201.96,1202.591111111111,1202.61,2023-05-14 20:16:22
MXP,Fukuoka,Japão,2023,5,1202.03,1214.8108333333332,1217.27,2023-05-14 20:16:22
MXP,Palmas,Brasil,2023,5,1202.19,1471.3253846153846,1503.25,2023-05-14 20:16:22
MXP,Cartagena,Colômbia,2023,7,1202.39,1202.39,1202.39,2023-05-14 20:16:22
MXP,Minatitlán,México,2023,9,1202.47,1386.9740909090908,1384.425,2023-05-14 20:16:22
MXP,Nuuk,Gronelândia,2023,9,1202.85,1273.7766666666666,1205.6,2023-05-14 20:16:22
MXP,Wuxi,China,2023,5,1203.58,1210.64625,1211.06,2023-05-14 20:16:22
MXP,São Tomé,São Tomé e Príncipe,2023,7,1203.88,1598.2882857142858,1588.63,2023-05-14 20:16:22
MXP,São Tomé,São Tomé e Príncipe,2023,8,1204.49,1647.9119999999998,2006.08,2023-05-14 20:16:22
MXP,Kitakyushu,Japão,2023,2,1205.21,1241.7363157894738,1261.6,2023-05-14 20:16:22
MXP,Surat Thani,Tailândia,2023,3,1205.32,1386.482380952381,1217.31,2023-05-14 20:16:22
MXP,Nagóia,Japão,2023,2,1206.16,1208.5855555555556,1209.47,2023-05-14 20:16:22
MXP,Praya,Indonésia,2023,12,1207.33,1207.33,1207.33,2023-05-14 20:16:22
MXP,Des Moines,Estados Unidos,2023,7,1207.74,1208.1522222222222,1208.45,2023-05-14 20:16:22
MXP,Cochabamba,Bolívia,2023,6,1207.86,1397.4937499999999,1402.01,2023-05-14 20:16:22
MXP,Assunção,Paraguai,2023,4,1207.89,1618.248292682927,1288.5,2023-05-14 20:16:22
MXP,Xiamen,China,2023,8,1208.43,1471.4593750000001,1212.395,2023-05-14 20:16:22
MXP,Joinville,Brasil,2023,8,1208.49,1477.6903225806452,1578.93,2023-05-14 20:16:22
MXP,Fresno,Estados Unidos,2023,6,1209.04,1307.0543750000002,1363.93,2023-05-14 20:16:22
MXP,Coxen Hole,Honduras,2023,1,1209.2,1209.2,1209.2,2023-05-14 20:16:22
MXP,Melbourne,Austrália,2023,9,1209.94,1264.6333333333334,1248.68,2023-05-14 20:16:22
MXP,Qingdao,China,2023,7,1210.35,1212.5733333333333,1213.0,2023-05-14 20:16:22
MXP,Khasab,Omã,2023,8,1210.36,1375.396,1446.22,2023-05-14 20:16:22
MXP,Medan,Indonésia,2023,8,1211.0,1212.9460000000001,1211.66,2023-05-14 20:16:22
MXP,Busan,Coreia do Sul,2023,8,1211.58,2242.866818181818,1605.59,2023-05-14 20:16:22
MXP,Ilha de Páscoa,Chile,2024,1,1211.78,1216.8333333333333,1217.05,2023-05-14 20:16:22
MXP,Nosy Be,Madagáscar,2023,1,1212.05,1423.0033333333333,1528.48,2023-05-14 20:16:22
MXP,Surat Thani,Tailândia,2023,7,1212.56,1212.56,1212.56,2023-05-14 20:16:22
MXP,Port Blair,Índia,2024,1,1213.3,1218.5445454545454,1219.2,2023-05-14 20:16:22
MXP,Ilhéus,Brasil,2023,2,1213.79,1277.3683333333333,1263.64,2023-05-14 20:16:22
MXP,Jaipur,Índia,2023,2,1215.5,1217.3733333333332,1218.31,2023-05-14 20:16:22
MXP,Manaus,Brasil,2023,8,1215.5,1392.63775,1314.33,2023-05-14 20:16:22
MXP,Kalibo,Filipinas,2023,3,1215.66,1263.3455,1287.54,2023-05-14 20:16:22
MXP,Fukuoka,Japão,2023,2,1215.98,1279.978947368421,1223.0,2023-05-14 20:16:22
MXP,Changsha,China,2023,4,1215.98,1784.0163636363636,1223.58,2023-05-14 20:16:22
MXP,Port Moresby,Papua Nova Guiné,2023,5,1216.48,1444.162,1624.5,2023-05-14 20:16:22
MXP,Campo Grande,Brasil,2023,5,1216.62,1219.684,1220.45,2023-05-14 20:16:22
MXP,Nagasaki,Japão,2023,12,1217.57,1223.7775,1223.52,2023-05-14 20:16:22
MXP,São Pedro,Cabo Verde,2023,2,1217.71,1411.3735714285715,1411.58,2023-05-14 20:16:22
MXP,Malatya,Turquia,2023,4,1217.71,1219.1,1219.295,2023-05-14 20:16:22
MXP,Neom,Arábia Saudita,2023,2,1218.64,2000.8364705882354,2677.52,2023-05-14 20:16:22
MXP,Campo Grande,Brasil,2023,8,1218.74,1219.7445454545452,1219.59,2023-05-14 20:16:22
MXP,Eugene,Estados Unidos,2023,12,1219.85,1233.4427272727273,1222.76,2023-05-14 20:16:22
MXP,Benim,Nigéria,2023,2,1220.37,2118.7000000000003,2313.71,2023-05-14 20:16:22
MXP,Fairbanks,Estados Unidos,2023,6,1220.56,1226.358,1226.565,2023-05-14 20:16:22
MXP,Taizhou,China,2023,5,1221.82,1452.787619047619,1232.92,2023-05-14 20:16:22
MXP,Puerto Princesa,Filipinas,2023,7,1221.95,1230.2311111111112,1232.06,2023-05-14 20:16:22
MXP,Durango,Estados Unidos,2023,2,1222.21,1222.255,1222.255,2023-05-14 20:16:22
MXP,Rock Sound,Bahamas,2023,6,1222.73,1223.1733333333332,1222.76,2023-05-14 20:16:22
MXP,Syracuse,Estados Unidos,2023,8,1223.43,1229.2481818181818,1230.49,2023-05-14 20:16:22
MXP,Fucheu,China,2023,4,1223.43,1398.3454838709677,1439.21,2023-05-14 20:16:22
MXP,Panglao,Filipinas,2023,4,1223.45,1414.5981818181817,1433.97,2023-05-14 20:16:22
MXP,Juazeiro Do Norte,Brasil,2023,1,1223.47,1223.892,1223.47,2023-05-14 20:16:22
MXP,Pensacola,Estados Unidos,2023,3,1223.59,1229.2125,1229.21,2023-05-14 20:16:22
MXP,Peshawar,Paquistão,2023,8,1223.64,1225.60375,1225.31,2023-05-14 20:16:22
MXP,Puebla,México,2024,1,1224.19,1229.01,1230.14,2023-05-14 20:16:22
MXP,Traverse City,Estados Unidos,2023,9,1224.21,1225.5366666666666,1226.15,2023-05-14 20:16:22
MXP,Stokmarknes,Noruega,2023,3,1224.36,1227.0949999999998,1228.49,2023-05-14 20:16:22
MXP,Saidpur,Bangladexe,2023,4,1224.82,1229.8542857142857,1230.63,2023-05-14 20:16:22
MXP,Durango,México,2023,5,1225.12,1226.0729999999999,1226.27,2023-05-14 20:16:22
MXP,Road Town,Ilhas Virgens Britânicas,2023,6,1225.6,1436.1981818181819,1335.05,2023-05-14 20:16:22
MXP,Inhambane,Moçambique,2023,3,1226.17,1230.27125,1229.745,2023-05-14 20:16:22
MXP,Hamilton,Bermudas,2023,7,1226.6,1721.738,1327.41,2023-05-14 20:16:22
MXP,George Town,Bahamas,2023,8,1226.82,1606.9425806451613,1714.42,2023-05-14 20:16:22
MXP,Xian,China,2023,3,1227.56,1364.8053846153848,1232.72,2023-05-14 20:16:22
MXP,Tampico,México,2023,8,1228.0,1237.4963636363636,1238.87,2023-05-14 20:16:22
MXP,Nuuk,Gronelândia,2023,6,1228.43,2142.67,1349.13,2023-05-14 20:16:22
MXP,Del Carmen,Filipinas,2023,11,1228.46,1230.7118181818182,1230.98,2023-05-14 20:16:22
MXP,Surabaia,Indonésia,2023,4,1228.53,1293.4928571428572,1237.11,2023-05-14 20:16:22
MXP,Saint John's,Antígua e Barbuda,2023,8,1228.95,1776.3586111111113,1965.09,2023-05-14 20:16:22
MXP,Sapporo,Japão,2023,7,1229.47,1403.045945945946,1392.91,2023-05-14 20:16:22
MXP,Santa Cruz da Serra,Bolívia,2024,1,1229.73,1230.038,1229.73,2023-05-14 20:16:22
MXP,Montevidéu,Uruguai,2023,8,1229.78,1349.3925,1308.8899999999999,2023-05-14 20:16:22
MXP,Xian,China,2023,4,1230.05,1235.9122222222222,1235.7,2023-05-14 20:16:22
MXP,Puebla,México,2023,5,1231.11,1438.9114285714284,1471.3,2023-05-14 20:16:22
MXP,Chetumal,México,2023,6,1231.36,1238.58375,1239.005,2023-05-14 20:16:22
MXP,Ilha de Páscoa,Chile,2024,2,1231.56,1231.6399999999999,1231.56,2023-05-14 20:16:22
MXP,San Luis Potosí,México,2023,7,1232.18,1232.18,1232.18,2023-05-14 20:16:22
MXP,Kumamoto,Japão,2023,5,1232.72,1232.9122222222222,1232.85,2023-05-14 20:16:22
MXP,Helena,Estados Unidos,2024,2,1232.8,1247.116923076923,1244.38,2023-05-14 20:16:22
MXP,Xian,China,2023,2,1233.06,1269.8673684210526,1235.69,2023-05-14 20:16:22
MXP,Hulunbuir,China,2023,6,1233.27,1236.555,1237.65,2023-05-14 20:16:22
MXP,Nantong,China,2023,12,1233.41,1233.7450000000001,1233.42,2023-05-14 20:16:22
MXP,Bacólod,Filipinas,2023,7,1234.25,1381.81,1381.81,2023-05-14 20:16:22
MXP,Kaohsiung,Taiwan,2023,7,1234.38,1234.38,1234.38,2023-05-14 20:16:22
MXP,Boracay,Filipinas,2023,6,1235.05,1236.965,1237.19,2023-05-14 20:16:22
MXP,Auckland,Nova Zelândia,2023,8,1235.17,1561.8727777777776,1668.16,2023-05-14 20:16:22
MXP,Belo Horizonte,Brasil,2023,7,1235.22,1236.15875,1236.16,2023-05-14 20:16:22
MXP,Jeju,Coreia do Sul,2023,6,1235.83,1468.3821052631579,1665.66,2023-05-14 20:16:22
MXP,San Carlos DeBariloche,Argentina,2023,4,1236.47,1488.49125,1680.4699999999998,2023-05-14 20:16:22
MXP,Vientiane,Laos,2023,8,1237.03,1454.5948148148148,1565.66,2023-05-14 20:16:22
MXP,Sanya,China,2023,2,1237.08,1358.315,1358.315,2023-05-14 20:16:22
MXP,Caxias Do Sul,Brasil,2023,4,1237.29,1239.1663636363637,1237.45,2023-05-14 20:16:22
MXP,Davao,Filipinas,2023,2,1237.65,1260.1072727272729,1240.29,2023-05-14 20:16:22
MXP,Taizhou,China,2023,4,1238.14,1315.0454545454545,1251.73,2023-05-14 20:16:22
MXP,Vitória,Brasil,2023,4,1238.76,1238.76,1238.76,2023-05-14 20:16:22
MXP,Brisbane,Austrália,2024,2,1239.12,1240.156,1239.12,2023-05-14 20:16:22
MXP,Ciudad Juárez,México,2023,4,1240.42,1445.5685714285714,1598.65,2023-05-14 20:16:22
MXP,Kangerlussuaq,Gronelândia,2023,8,1241.0,1242.4755555555557,1242.66,2023-05-14 20:16:22
MXP,Grande Caimão,Ilhas Cayman,2023,8,1241.46,1282.330625,1244.24,2023-05-14 20:16:22
MXP,Kailua-Kona,Estados Unidos,2023,8,1241.46,1370.258,1310.28,2023-05-14 20:16:22
MXP,Lihue,Estados Unidos,2023,8,1241.46,1811.1725000000001,2001.01,2023-05-14 20:16:22
MXP,Chongqing,China,2023,10,1241.88,1242.8866666666665,1242.05,2023-05-14 20:16:22
MXP,Yantai,China,2023,6,1241.9,1245.3809999999999,1245.32,2023-05-14 20:16:22
MXP,Kitakyushu,Japão,2023,5,1242.57,1242.57,1242.57,2023-05-14 20:16:22
MXP,Los Mochis,México,2023,5,1242.67,1248.2930000000001,1248.35,2023-05-14 20:16:22
MXP,Okinawa,Japão,2023,10,1242.81,1242.81,1242.81,2023-05-14 20:16:22
MXP,Porto Seguro,Brasil,2023,7,1242.91,1268.7800000000002,1252.38,2023-05-14 20:16:22
MXP,Kobe,Japão,2023,12,1243.15,1245.1033333333332,1246.08,2023-05-14 20:16:22
MXP,Fairbanks,Estados Unidos,2023,2,1243.47,1415.6357142857141,1243.86,2023-05-14 20:16:22
MXP,Gustávia,São Bartolomeu,2024,1,1243.72,1244.613,1243.89,2023-05-14 20:16:22
MXP,Koror,Palau,2024,1,1244.64,1246.9569999999999,1246.82,2023-05-14 20:16:22
MXP,Tirupati,Índia,2023,7,1245.15,1249.0522222222223,1246.68,2023-05-14 20:16:22
MXP,Bissau,Guiné-Bissau,2023,2,1245.28,1246.36625,1245.545,2023-05-14 20:16:22
MXP,Jinhua,China,2023,6,1245.29,1250.4855555555555,1250.71,2023-05-14 20:16:22
MXP,Hamilton,Bermudas,2023,12,1245.29,1249.6366666666665,1250.44,2023-05-14 20:16:22
MXP,Medan,Indonésia,2023,4,1245.49,1253.6860000000001,1259.065,2023-05-14 20:16:22
MXP,Comox,Canadá,2023,7,1245.52,1248.6881818181819,1248.94,2023-05-14 20:16:22
MXP,Blantyre,Malaui,2023,8,1245.62,1356.761,1442.9850000000001,2023-05-14 20:16:22
MXP,Papete,Polinésia Francesa,2023,5,1246.42,1744.1986666666667,1675.335,2023-05-14 20:16:22
MXP,Manzanillo,México,2023,5,1246.56,1246.6933333333334,1246.76,2023-05-14 20:16:22
MXP,Comayagua,Honduras,2023,8,1247.23,1337.4344999999998,1262.04,2023-05-14 20:16:22
MXP,Melbourne,Austrália,2024,1,1247.36,1282.543076923077,1250.68,2023-05-14 20:16:22
MXP,Penang,Malásia,2023,2,1247.55,1266.8792307692308,1249.22,2023-05-14 20:16:22
MXP,Busuanga,Filipinas,2023,9,1247.97,1337.393043478261,1362.28,2023-05-14 20:16:22
MXP,Brisbane,Austrália,2023,4,1248.14,1662.495806451613,1711.54,2023-05-14 20:16:22
MXP,Wakkanai,Japão,2023,7,1249.21,1251.0588888888888,1249.25,2023-05-14 20:16:22
MXP,Willemstad,Curaçao,2023,7,1251.01,1423.1494444444445,1253.9,2023-05-14 20:16:22
MXP,Jibuti,Djibuti,2023,11,1252.37,1254.8144444444445,1256.45,2023-05-14 20:16:22
MXP,Florencia,Colômbia,2023,5,1252.47,1253.8154545454545,1252.48,2023-05-14 20:16:22
MXP,Kota Kinabalu,Malásia,2023,2,1252.57,1252.57,1252.57,2023-05-14 20:16:22
MXP,Coxen Hole,Honduras,2023,8,1252.69,1255.3880000000001,1255.38,2023-05-14 20:16:22
MXP,Camberra,Austrália,2023,11,1252.98,1270.6175,1253.67,2023-05-14 20:16:22
MXP,Perth,Austrália,2023,8,1253.15,1410.5755555555556,1421.51,2023-05-14 20:16:22
MXP,Kunming,China,2023,3,1253.42,1254.7422222222222,1255.13,2023-05-14 20:16:22
MXP,Willemstad,Curaçao,2023,1,1254.16,1254.16,1254.16,2023-05-14 20:16:22
MXP,Coxen Hole,Honduras,2023,6,1255.02,1423.678148148148,1456.01,2023-05-14 20:16:22
MXP,Namibe,Angola,2023,3,1256.02,1256.02,1256.02,2023-05-14 20:16:22
MXP,Pucallpa,Perú,2023,2,1256.24,1257.538,1256.24,2023-05-14 20:16:22
MXP,Corpus Christi,Estados Unidos,2023,7,1256.56,1259.000909090909,1256.72,2023-05-14 20:16:22
MXP,Livingstone,Zâmbia,2023,8,1256.75,1258.3775,1257.5,2023-05-14 20:16:22
MXP,Puerto Escondido,México,2023,10,1257.38,1259.07,1259.97,2023-05-14 20:16:22
MXP,Hefei,China,2023,3,1257.88,1260.8266666666668,1262.12,2023-05-14 20:16:22
MXP,Dzaoudzi,Maiote,2023,9,1258.06,1260.2949999999998,1260.295,2023-05-14 20:16:22
MXP,Mont Lubin,Maurícia,2023,5,1258.18,1261.3836363636365,1261.64,2023-05-14 20:16:22
MXP,San Luis Potosí,México,2023,2,1258.2,1261.368181818182,1261.65,2023-05-14 20:16:22
MXP,Melbourne,Austrália,2024,2,1258.3,1258.3,1258.3,2023-05-14 20:16:22
MXP,Fucheu,China,2023,3,1258.54,1323.9492592592592,1333.97,2023-05-14 20:16:22
MXP,Joinville,Brasil,2023,12,1258.55,1258.55,1258.55,2023-05-14 20:16:22
MXP,St Peter Port,Guernsey,2023,6,1258.64,1263.6283333333333,1264.76,2023-05-14 20:16:22
MXP,Ambon,Indonésia,2023,3,1258.75,1261.421818181818,1261.71,2023-05-14 20:16:22
MXP,Brisbane,Austrália,2024,1,1259.68,1642.4958823529412,1905.04,2023-05-14 20:16:22
MXP,Cartagena,Colômbia,2023,9,1261.37,1309.9630000000002,1315.29,2023-05-14 20:16:22
MXP,Surakarta,Indonésia,2023,6,1261.6,1264.26,1265.86,2023-05-14 20:16:22
MXP,Addu City,Maldivas,2023,8,1263.07,1268.2614285714285,1269.06,2023-05-14 20:16:22
MXP,Busuanga,Filipinas,2023,11,1263.29,1265.7511111111112,1267.4,2023-05-14 20:16:22
MXP,Coxen Hole,Honduras,2024,3,1263.61,1270.8045454545454,1271.12,2023-05-14 20:16:22
MXP,Kemi,Finlândia,2023,12,1263.76,1267.349,1267.06,2023-05-14 20:16:22
MXP,Phu Quoc,Vietname,2023,4,1264.37,1275.999,1280.43,2023-05-14 20:16:22
MXP,Dalian,China,2023,4,1265.03,1270.083,1269.91,2023-05-14 20:16:22
MXP,Jacarta,Indonésia,2023,12,1265.17,1265.1833333333334,1265.19,2023-05-14 20:16:22
MXP,Brisbane,Austrália,2023,11,1267.18,1355.5453333333332,1281.58,2023-05-14 20:16:22
MXP,Al ‘Ulá,Arábia Saudita,2023,12,1269.44,1270.158,1270.2,2023-05-14 20:16:22
MXP,Sukhothai,Tailândia,2023,12,1270.12,1270.12,1270.12,2023-05-14 20:16:22
MXP,Kalmar,Suécia,2023,6,1271.25,1272.2779999999998,1272.15,2023-05-14 20:16:22
MXP,Busuanga,Filipinas,2024,2,1271.34,1277.384,1277.6,2023-05-14 20:16:22
MXP,Papete,Polinésia Francesa,2023,4,1271.59,1826.0441836734692,1735.04,2023-05-14 20:16:22
MXP,Ndola,Zâmbia,2023,7,1272.03,1277.5763636363636,1277.17,2023-05-14 20:16:22
MXP,Ilhéus,Brasil,2023,4,1272.22,2162.79,2162.79,2023-05-14 20:16:22
MXP,Tirupati,Índia,2023,8,1273.33,1308.608888888889,1276.1,2023-05-14 20:16:22
MXP,San Andrés,Colômbia,2023,12,1273.43,1358.245,1421.54,2023-05-14 20:16:22
MXP,Toyama,Japão,2023,10,1273.59,1590.8356140350877,1642.31,2023-05-14 20:16:22
MXP,San Andrés,Colômbia,2023,4,1273.66,1274.124,1274.22,2023-05-14 20:16:22
MXP,Cochabamba,Bolívia,2023,3,1274.64,1424.111379310345,1347.54,2023-05-14 20:16:22
MXP,Hiroshima,Japão,2023,7,1274.67,6300.691724137931,1340.7,2023-05-14 20:16:22
MXP,East London,África do Sul,2023,8,1274.96,1276.3388888888887,1276.97,2023-05-14 20:16:22
MXP,Busan,Coreia do Sul,2023,5,1275.1,1526.3529999999998,1287.8899999999999,2023-05-14 20:16:22
MXP,Brisbane,Austrália,2023,10,1276.55,1349.5953846153845,1384.79,2023-05-14 20:16:22
MXP,Richards Bay,África do Sul,2023,8,1277.68,1279.058888888889,1279.69,2023-05-14 20:16:22
MXP,Ilha de Páscoa,Chile,2023,11,1278.36,1968.5738775510204,2018.38,2023-05-14 20:16:22
MXP,Boracay,Filipinas,2023,7,1279.5,1314.312105263158,1283.53,2023-05-14 20:16:22
MXP,I Fadang,Marianas do Norte,2023,6,1280.41,2196.515,2946.58,2023-05-14 20:16:22
MXP,Durango,México,2023,6,1280.45,1283.6357142857144,1284.24,2023-05-14 20:16:22
MXP,Maceió,Brasil,2023,8,1281.48,1281.48,1281.48,2023-05-14 20:16:22
MXP,Cuzco,Perú,2023,6,1282.33,1390.807857142857,1420.93,2023-05-14 20:16:22
MXP,Nadi,Fiji,2024,2,1282.5,1282.5,1282.5,2023-05-14 20:16:22
MXP,Freeport,Bahamas,2023,5,1283.04,1742.06375,1464.6,2023-05-14 20:16:22
MXP,Cuenca,Equador,2023,6,1283.13,3206.784545454546,3927.53,2023-05-14 20:16:22
MXP,Maun,Botsuana,2023,8,1286.67,1728.243,1396.87,2023-05-14 20:16:22
MXP,Butuan,Filipinas,2023,6,1287.55,1289.025,1289.235,2023-05-14 20:16:22
MXP,Kailua-Kona,Estados Unidos,2024,1,1287.92,1297.9777777777776,1296.07,2023-05-14 20:16:22
MXP,Tamuning,Guam,2023,4,1288.22,2105.736,2245.23,2023-05-14 20:16:22
MXP,Santa Maria Huatulco,México,2023,3,1288.62,3473.622857142857,1290.86,2023-05-14 20:16:22
MXP,Tucson,Estados Unidos,2023,6,1288.76,1362.5291304347825,1295.25,2023-05-14 20:16:22
MXP,Pagadian,Filipinas,2023,7,1288.94,1595.00875,1690.26,2023-05-14 20:16:22
MXP,Macau,Macau,2023,2,1289.99,1429.9633333333334,1303.0700000000002,2023-05-14 20:16:22
MXP,Lubango,Angola,2023,6,1290.01,1291.295,1290.57,2023-05-14 20:16:22
MXP,Xiamen,China,2023,11,1291.16,1292.69,1293.9,2023-05-14 20:16:22
MXP,Ketchikan,Estados Unidos,2023,2,1291.29,1291.7608333333335,1291.7,2023-05-14 20:16:22
MXP,Juneau,Estados Unidos,2023,2,1291.29,1291.7608333333335,1291.7,2023-05-14 20:16:22
MXP,Nuuk,Gronelândia,2023,3,1291.4,1291.4,1291.4,2023-05-14 20:16:22
MXP,Paramaribo,Suriname,2023,5,1292.04,1292.48,1292.62,2023-05-14 20:16:22
MXP,Gustávia,São Bartolomeu,2023,3,1292.06,1525.4432352941176,1609.77,2023-05-14 20:16:22
MXP,Busuanga,Filipinas,2023,4,1292.85,1750.145945945946,1625.76,2023-05-14 20:16:22
MXP,Yinchuan,China,2023,2,1293.61,1295.2625,1295.82,2023-05-14 20:16:22
MXP,Grand Forks,Estados Unidos,2023,6,1293.88,1297.3225,1298.47,2023-05-14 20:16:22
MXP,La Paz,Bolívia,2023,6,1294.5,1557.5188888888888,1300.3,2023-05-14 20:16:22
MXP,Haiphong,Vietname,2023,4,1294.76,1376.813125,1296.92,2023-05-14 20:16:22
MXP,La Paz,Bolívia,2023,4,1295.17,1592.37625,1332.25,2023-05-14 20:16:22
MXP,La Paz,Bolívia,2023,2,1295.82,1820.4909677419355,1715.05,2023-05-14 20:16:22
MXP,Kuching,Malásia,2023,2,1297.28,1311.345,1309.29,2023-05-14 20:16:22
MXP,Sarasota,Estados Unidos,2023,7,1297.43,1313.2585714285717,1318.42,2023-05-14 20:16:22
MXP,Missoula,Estados Unidos,2023,5,1298.0,1298.0,1298.0,2023-05-14 20:16:22
MXP,Puerto Princesa,Filipinas,2023,8,1298.31,1306.77,1312.41,2023-05-14 20:16:22
MXP,Georgetown,Guiana,2023,6,1298.89,1301.2281818181818,1299.71,2023-05-14 20:16:22
MXP,Lamu,Quénia,2024,1,1299.42,1300.8110000000001,1301.055,2023-05-14 20:16:22
MXP,Roseau,Dominica,2023,2,1299.65,1368.9883333333335,1375.78,2023-05-14 20:16:22
MXP,Grand'Anse Praslin,Seicheles,2023,9,1300.5,1313.13,1319.84,2023-05-14 20:16:22
MXP,Phitsanulok,Tailândia,2023,7,1300.58,1304.5639999999999,1304.875,2023-05-14 20:16:22
MXP,Tumbes,Perú,2023,5,1300.63,1308.7233333333334,1308.76,2023-05-14 20:16:22
MXP,Basseterre,São Cristóvão e Neves,2023,4,1300.72,1689.8842857142859,1870.43,2023-05-14 20:16:22
MXP,Baltra,Equador,2023,10,1301.64,1534.3656250000001,1535.0,2023-05-14 20:16:22
MXP,Kumasi,Gana,2023,6,1301.78,1305.8975,1308.01,2023-05-14 20:16:22
MXP,Rayong,Tailândia,2023,2,1302.33,1604.301111111111,1302.74,2023-05-14 20:16:22
MXP,Hulunbuir,China,2023,4,1302.45,1308.6422222222222,1308.71,2023-05-14 20:16:22
MXP,Tokushima,Japão,2023,7,1302.72,1302.72,1302.72,2023-05-14 20:16:22
MXP,Cochabamba,Bolívia,2023,2,1303.7,2150.283636363636,2007.16,2023-05-14 20:16:22
MXP,Boa Vista,Brasil,2023,10,1303.97,1303.97,1303.97,2023-05-14 20:16:22
MXP,College Station,Estados Unidos,2023,6,1304.5,1308.2,1307.9,2023-05-14 20:16:22
MXP,Roseau,Dominica,2023,6,1304.89,1310.5290909090909,1311.24,2023-05-14 20:16:22
MXP,Harbin,China,2024,1,1305.01,1307.4099999999999,1307.87,2023-05-14 20:16:22
MXP,Mendoza,Argentina,2023,4,1305.25,1906.2063333333333,1707.8249999999998,2023-05-14 20:16:22
MXP,Huizhou,China,2023,3,1306.1,4445.083888888888,4438.055,2023-05-14 20:16:22
MXP,Sihanoukville,Cambodja,2023,7,1306.23,1308.78,1310.48,2023-05-14 20:16:22
MXP,Perth,Austrália,2023,2,1307.85,2143.8931034482757,1981.97,2023-05-14 20:16:22
MXP,Hayden,Estados Unidos,2023,4,1308.2,1312.3619999999999,1311.375,2023-05-14 20:16:22
MXP,Prince George,Canadá,2023,6,1308.74,1309.0677777777778,1308.75,2023-05-14 20:16:22
MXP,Pietermaritzburg,África do Sul,2023,8,1309.39,1310.8066666666666,1311.46,2023-05-14 20:16:22
MXP,Taichung,Taiwan,2023,4,1309.61,1312.01,1312.47,2023-05-14 20:16:22
MXP,Durango,México,2023,4,1309.78,1309.78,1309.78,2023-05-14 20:16:22
MXP,Yantai,China,2023,4,1309.93,1311.4822222222222,1312.71,2023-05-14 20:16:22
MXP,Roseau,Dominica,2023,12,1310.28,1375.529375,1397.22,2023-05-14 20:16:22
MXP,Fernando de Noronha,Brasil,2023,8,1310.34,1315.0272727272727,1314.7,2023-05-14 20:16:22
MXP,Kralendijk,Países Baixos Caribenhos,2023,7,1310.95,1316.8877777777777,1316.75,2023-05-14 20:16:22
MXP,Lafayette,Estados Unidos,2023,6,1311.29,1313.315,1313.315,2023-05-14 20:16:22
MXP,Mont Lubin,Maurícia,2023,8,1311.76,1377.710588235294,1321.54,2023-05-14 20:16:22
MXP,Saskatoon,Canadá,2023,6,1311.92,1317.155,1316.975,2023-05-14 20:16:22
MXP,Oral,Cazaquistão,2023,8,1312.14,1318.375789473684,1318.69,2023-05-14 20:16:22
MXP,Santa Marta,Colômbia,2023,5,1312.29,1312.29,1312.29,2023-05-14 20:16:22
MXP,Georgetown,Guiana,2023,5,1312.3,1372.575,1313.15,2023-05-14 20:16:22
MXP,Siem Reap,Cambodja,2023,2,1314.76,1408.6893333333333,1403.36,2023-05-14 20:16:22
MXP,Hermosillo,México,2023,6,1315.36,1317.12,1315.93,2023-05-14 20:16:22
MXP,Tamuning,Guam,2023,11,1315.52,1327.6363636363637,1327.69,2023-05-14 20:16:22
MXP,Shenzhen,China,2023,2,1315.69,4439.745555555555,6039.1,2023-05-14 20:16:22
MXP,Iquique,Chile,2023,3,1315.76,1316.6599999999999,1316.6599999999999,2023-05-14 20:16:22
MXP,Ilha de Páscoa,Chile,2023,9,1316.27,2264.1592307692304,2490.08,2023-05-14 20:16:22
MXP,Vitória,Brasil,2023,1,1316.89,1316.89,1316.89,2023-05-14 20:16:22
MXP,Jinhua,China,2023,3,1317.34,1327.5290909090909,1329.0,2023-05-14 20:16:22
MXP,Barreiras,Brasil,2023,3,1318.18,1321.0549999999998,1319.54,2023-05-14 20:16:22
MXP,Kuching,Malásia,2023,12,1319.53,1348.0585714285714,1322.67,2023-05-14 20:16:22
MXP,Palmas,Brasil,2023,8,1319.95,1329.5966666666668,1334.44,2023-05-14 20:16:22
MXP,Hoedspruit,África do Sul,2023,8,1320.02,1340.5804166666667,1340.82,2023-05-14 20:16:22
MXP,Akron,Estados Unidos,2023,3,1320.04,1320.04,1320.04,2023-05-14 20:16:22
MXP,Kupang,Indonésia,2023,3,1320.05,1322.6066666666666,1323.96,2023-05-14 20:16:22
MXP,Cozumel,México,2023,12,1320.13,1701.9753846153847,1326.47,2023-05-14 20:16:22
MXP,Atlantic City,Estados Unidos,2023,6,1321.23,1346.751052631579,1324.43,2023-05-14 20:16:22
MXP,Iloilo City,Filipinas,2023,7,1321.63,1323.67,1323.67,2023-05-14 20:16:22
MXP,Melbourne,Estados Unidos,2023,8,1322.4,1322.4,1322.4,2023-05-14 20:16:22
MXP,Durango,México,2023,7,1322.57,1592.5390909090909,1619.22,2023-05-14 20:16:22
MXP,Londrina,Brasil,2023,4,1322.82,1322.82,1322.82,2023-05-14 20:16:22
MXP,Tampico,México,2023,5,1322.98,1324.394,1324.65,2023-05-14 20:16:22
MXP,Lamu,Quénia,2023,3,1323.06,1324.774,1325.87,2023-05-14 20:16:22
MXP,Nosy Be,Madagáscar,2023,7,1323.06,1495.9969999999998,1349.05,2023-05-14 20:16:22
MXP,Dalian,China,2023,2,1323.72,1331.524,1333.705,2023-05-14 20:16:22
MXP,Pagadian,Filipinas,2023,2,1324.1,1414.6757142857143,1330.94,2023-05-14 20:16:22
MXP,Juneau,Estados Unidos,2023,7,1324.63,1332.44,1334.625,2023-05-14 20:16:22
MXP,Macau,Macau,2023,7,1325.06,3362.11875,3357.665,2023-05-14 20:16:22
MXP,Puerto Montt,Chile,2023,6,1326.23,1472.5504347826088,1333.48,2023-05-14 20:16:22
MXP,Road Town,Ilhas Virgens Britânicas,2023,4,1326.99,2291.096,2018.97,2023-05-14 20:16:22
MXP,Temuco,Chile,2023,5,1329.59,1331.3629999999998,1330.84,2023-05-14 20:16:22
MXP,Mendoza,Argentina,2023,6,1329.86,1490.8794736842106,1570.89,2023-05-14 20:16:22
MXP,Pagadian,Filipinas,2023,1,1329.94,1335.7728571428572,1332.23,2023-05-14 20:16:22
MXP,Grand-Case,São Martinho (Saint-Martin),2023,2,1330.31,1508.5757894736842,1333.44,2023-05-14 20:16:22
MXP,Bridgetown,Barbados,2023,8,1330.65,1664.7386666666669,1606.71,2023-05-14 20:16:22
MXP,Wilmington,Estados Unidos,2023,8,1330.65,1332.0522222222223,1332.46,2023-05-14 20:16:22
MXP,Assiut,Egito,2023,3,1331.03,1333.085,1333.085,2023-05-14 20:16:22
MXP,Pemba,Moçambique,2023,12,1331.57,1435.766,1442.55,2023-05-14 20:16:22
MXP,Haikou,China,2023,4,1332.19,1535.0754285714286,1574.96,2023-05-14 20:16:22
MXP,Kunming,China,2023,12,1332.58,1339.4363636363635,1339.09,2023-05-14 20:16:22
MXP,Aguadilla,Porto Rico,2023,7,1333.49,1333.7388888888888,1333.93,2023-05-14 20:16:22
MXP,Kasane,Botsuana,2023,5,1334.02,1334.1000000000001,1334.1,2023-05-14 20:16:22
MXP,Adelaide,Austrália,2023,5,1334.17,1483.533086419753,1497.66,2023-05-14 20:16:22
MXP,Imperatriz,Brasil,2023,5,1335.07,1336.7977777777778,1337.86,2023-05-14 20:16:22
MXP,Auckland,Nova Zelândia,2023,4,1335.43,1964.14390625,1830.245,2023-05-14 20:16:22
MXP,San Andrés,Colômbia,2023,8,1336.26,1717.3773684210526,1407.4,2023-05-14 20:16:22
MXP,Cody,Estados Unidos,2023,2,1337.95,1341.558,1342.46,2023-05-14 20:16:22
MXP,Nanjing,China,2023,2,1338.06,1338.79,1338.79,2023-05-14 20:16:22
MXP,Gaborone,Botsuana,2023,12,1339.02,1341.4783333333332,1341.95,2023-05-14 20:16:22
MXP,Everett,Estados Unidos,2023,8,1339.22,1385.649411764706,1396.88,2023-05-14 20:16:22
MXP,Jeju,Coreia do Sul,2023,5,1339.32,1339.8844444444444,1339.5,2023-05-14 20:16:22
MXP,Langkawi,Malásia,2023,2,1341.63,1368.282380952381,1387.19,2023-05-14 20:16:22
MXP,Nelspruit,África do Sul,2023,8,1342.8,1343.5822222222223,1343.22,2023-05-14 20:16:22
MXP,Fernando de Noronha,Brasil,2023,6,1344.17,1344.7366666666667,1344.23,2023-05-14 20:16:22
MXP,Kobe,Japão,2023,8,1344.65,1626.2875000000001,1780.68,2023-05-14 20:16:22
MXP,La Paz,México,2023,8,1344.91,1350.326,1351.68,2023-05-14 20:16:22
MXP,Sihanoukville,Cambodja,2023,4,1345.48,1354.0310000000002,1354.7800000000002,2023-05-14 20:16:22
MXP,Reno,Estados Unidos,2023,7,1345.69,1348.71,1348.71,2023-05-14 20:16:22
MXP,Nuuk,Gronelândia,2023,2,1347.29,1355.126,1353.81,2023-05-14 20:16:22
MXP,Puerto Montt,Chile,2023,9,1348.36,1415.5294736842104,1351.03,2023-05-14 20:16:22
MXP,Del Carmen,Filipinas,2023,4,1349.53,1786.487857142857,1357.53,2023-05-14 20:16:22
MXP,Lhasa,China,2023,5,1350.17,1852.3375757575757,1392.28,2023-05-14 20:16:22
MXP,Cuenca,Equador,2023,5,1350.34,1604.0815384615385,1357.14,2023-05-14 20:16:22
MXP,Porto Velho,Brasil,2023,3,1350.99,1516.385,1356.95,2023-05-14 20:16:22
MXP,Kasane,Botsuana,2023,4,1351.07,1361.1855555555555,1358.94,2023-05-14 20:16:22
MXP,Seattle,Estados Unidos,2023,7,1352.06,1352.3825,1352.49,2023-05-14 20:16:22
MXP,Puerto Escondido,México,2023,4,1352.1,1352.1,1352.1,2023-05-14 20:16:22
MXP,Brisbane,Austrália,2023,6,1352.33,1821.1532727272727,1529.9,2023-05-14 20:16:22
MXP,Armênia,Colômbia,2023,3,1352.44,1352.44,1352.44,2023-05-14 20:16:22
MXP,Komatsu,Japão,2023,5,1352.59,1352.59,1352.59,2023-05-14 20:16:22
MXP,Udon Thani,Tailândia,2023,2,1352.85,1355.66625,1355.13,2023-05-14 20:16:22
MXP,Missoula,Estados Unidos,2023,8,1352.89,1354.0900000000001,1354.16,2023-05-14 20:16:22
MXP,Saint George.s,Granada,2023,5,1353.01,1355.7549999999999,1356.07,2023-05-14 20:16:22
MXP,Kobe,Japão,2023,3,1353.37,1777.9348148148147,1801.49,2023-05-14 20:16:22
MXP,Adelaide,Austrália,2024,3,1355.13,1358.379090909091,1359.52,2023-05-14 20:16:22
MXP,Nagasaki,Japão,2023,5,1355.15,1355.1833333333334,1355.2,2023-05-14 20:16:22
MXP,Del Carmen,Filipinas,2023,5,1355.31,1395.5854545454545,1416.75,2023-05-14 20:16:22
MXP,Sorong,Indonésia,2023,8,1355.42,1360.9857142857143,1361.84,2023-05-14 20:16:22
MXP,Sétif,Argélia,2023,4,1355.91,1355.91,1355.91,2023-05-14 20:16:22
MXP,Roseau,Dominica,2023,8,1356.07,1960.4863636363634,2314.5950000000003,2023-05-14 20:16:22
MXP,Sibu,Malásia,2023,8,1356.54,1362.077142857143,1366.23,2023-05-14 20:16:22
MXP,Nuuk,Gronelândia,2023,5,1356.57,1392.6033333333332,1362.58,2023-05-14 20:16:22
MXP,Surabaia,Indonésia,2023,8,1356.99,1425.6783333333333,1387.01,2023-05-14 20:16:22
MXP,Dundee,Reino Unido,2023,4,1357.48,1359.2977777777778,1359.24,2023-05-14 20:16:22
MXP,Monterey,Estados Unidos,2023,3,1358.0,1360.3491666666666,1361.49,2023-05-14 20:16:22
MXP,Nagua,República Dominicana,2023,12,1358.6,1360.9424999999999,1360.9699999999998,2023-05-14 20:16:22
MXP,Temuco,Chile,2023,2,1358.75,1360.2877777777778,1359.31,2023-05-14 20:16:22
MXP,Walvis Bay,Namíbia,2023,4,1359.08,1359.08,1359.08,2023-05-14 20:16:22
MXP,Kuala Terengganu,Malásia,2023,8,1359.62,1615.7156666666667,1517.96,2023-05-14 20:16:22
MXP,Ciudad del Carmen,México,2023,7,1361.31,1370.263,1376.1399999999999,2023-05-14 20:16:22
MXP,Macau,Macau,2023,4,1361.36,1362.9850000000001,1363.21,2023-05-14 20:16:22
MXP,Libéria,Costa Rica,2023,6,1361.41,1414.6509523809525,1437.91,2023-05-14 20:16:22
MXP,Moroni,Comores,2023,8,1362.2,1535.5241025641026,1512.84,2023-05-14 20:16:22
MXP,Surat Thani,Tailândia,2023,2,1362.21,1362.26,1362.26,2023-05-14 20:16:22
MXP,Kano,Nigéria,2023,4,1362.84,1362.84,1362.84,2023-05-14 20:16:22
MXP,Rosario,Argentina,2024,2,1363.1,1364.3975,1363.1,2023-05-14 20:16:22
MXP,Adelaide,Austrália,2023,11,1364.14,1389.9663157894738,1390.33,2023-05-14 20:16:22
MXP,João Pessoa,Brasil,2023,7,1364.15,1365.588888888889,1366.01,2023-05-14 20:16:22
MXP,Brisbane,Austrália,2023,5,1364.15,1670.5358441558442,1542.7,2023-05-14 20:16:22
MXP,Surat Thani,Tailândia,2023,8,1365.06,1368.84,1368.8,2023-05-14 20:16:22
MXP,Changsha,China,2023,6,1365.24,1370.692,1370.505,2023-05-14 20:16:22
MXP,Armênia,Colômbia,2023,8,1365.6,1369.278888888889,1365.6,2023-05-14 20:16:22
MXP,Comayagua,Honduras,2023,12,1365.66,1373.7177777777777,1378.3,2023-05-14 20:16:22
MXP,Sendai,Japão,2023,1,1365.74,1365.74,1365.74,2023-05-14 20:16:22
MXP,Ilhéus,Brasil,2023,3,1365.81,1365.81,1365.81,2023-05-14 20:16:22
MXP,Cozumel,México,2023,8,1366.27,1710.0700000000002,1679.95,2023-05-14 20:16:22
MXP,Bay City,Estados Unidos,2023,2,1366.29,1366.29,1366.29,2023-05-14 20:16:22
MXP,Paramaribo,Suriname,2023,2,1367.01,1368.0363636363636,1367.57,2023-05-14 20:16:22
MXP,Cancún,México,2023,7,1367.24,1367.24,1367.24,2023-05-14 20:16:22
MXP,Adelaide,Austrália,2023,10,1368.53,1371.9966666666667,1373.73,2023-05-14 20:16:22
MXP,Yangzhou,China,2023,6,1368.64,1368.64,1368.64,2023-05-14 20:16:22
MXP,Yellowknife,Canadá,2023,4,1370.5,1377.488,1380.42,2023-05-14 20:16:22
MXP,Haikou,China,2023,2,1370.68,1372.29,1372.29,2023-05-14 20:16:22
MXP,Port Moresby,Papua Nova Guiné,2023,2,1370.68,1371.625,1370.96,2023-05-14 20:16:22
MXP,Baotou,China,2023,6,1371.01,1374.6625000000001,1375.88,2023-05-14 20:16:22
MXP,Foz do Iguaçu,Brasil,2024,3,1371.34,1371.34,1371.34,2023-05-14 20:16:22
MXP,Córdova,Argentina,2023,2,1372.51,1582.614705882353,1375.44,2023-05-14 20:16:22
MXP,Saint-Denis,Ilha da Reunião,2023,12,1372.98,1547.78,1547.78,2023-05-14 20:16:22
MXP,Port Moresby,Papua Nova Guiné,2023,6,1373.17,1514.1233333333332,1381.49,2023-05-14 20:16:22
MXP,Medford,Estados Unidos,2023,7,1373.2,1373.77,1373.36,2023-05-14 20:16:22
MXP,Goiânia,Brasil,2023,8,1374.03,1380.4544444444446,1380.19,2023-05-14 20:16:22
MXP,Kingstown,São Vicente e Granadinas,2023,5,1374.8,1441.5992307692309,1380.78,2023-05-14 20:16:22
MXP,Baltra,Equador,2023,1,1374.82,1374.82,1374.82,2023-05-14 20:16:22
MXP,Bandar Seri Begawan,Brunei,2023,8,1375.27,1522.3071428571427,1559.61,2023-05-14 20:16:22
MXP,Ilha de Páscoa,Chile,2023,10,1375.91,1376.4557142857143,1375.91,2023-05-14 20:16:22
MXP,San Miguel de Tucumán,Argentina,2023,5,1376.7,1971.654761904762,2508.52,2023-05-14 20:16:22
MXP,Adelaide,Austrália,2023,3,1377.51,1653.6266666666668,1631.59,2023-05-14 20:16:22
MXP,Luang Prabang,Laos,2023,3,1378.59,1380.4344444444444,1380.37,2023-05-14 20:16:22
MXP,Cruz,Brasil,2023,6,1379.56,1383.8254545454545,1384.19,2023-05-14 20:16:22
MXP,Santa Cruz da Serra,Bolívia,2023,7,1380.07,1815.756666666667,1380.07,2023-05-14 20:16:22
MXP,Adelaide,Austrália,2024,2,1380.49,1380.5966666666666,1380.65,2023-05-14 20:16:22
MXP,São Pedro,Cabo Verde,2023,8,1381.06,1436.6066666666666,1387.78,2023-05-14 20:16:22
MXP,Shirahama,Japão,2023,10,1381.71,2220.8166666666666,1387.82,2023-05-14 20:16:22
MXP,Tokushima,Japão,2023,10,1381.71,2219.358333333333,1387.82,2023-05-14 20:16:22
MXP,Zhangjiajie,China,2023,8,1382.71,1385.845,1387.27,2023-05-14 20:16:22
MXP,Ishigaki,Japão,2023,12,1382.78,1389.825,1389.53,2023-05-14 20:16:22
MXP,Busan,Coreia do Sul,2023,3,1383.2,2409.58,1389.9,2023-05-14 20:16:22
MXP,Ciudad del Carmen,México,2023,4,1383.52,1386.2150000000001,1386.78,2023-05-14 20:16:22
MXP,Cúcuta,Colômbia,2023,8,1383.68,1387.56875,1388.32,2023-05-14 20:16:22
MXP,Haikou,China,2023,10,1384.11,1384.11,1384.11,2023-05-14 20:16:22
MXP,Querétaro,México,2023,3,1384.53,1386.758,1385.29,2023-05-14 20:16:22
MXP,Porto Plata,República Dominicana,2023,8,1385.6,1387.907,1386.56,2023-05-14 20:16:22
MXP,Sihanoukville,Cambodja,2023,8,1386.16,1514.8783333333333,1492.05,2023-05-14 20:16:22
MXP,Shenyang,China,2023,7,1386.93,1413.2892857142856,1391.52,2023-05-14 20:16:22
MXP,Baltra,Equador,2023,3,1387.81,1541.9930555555557,1424.3,2023-05-14 20:16:22
MXP,Tamuning,Guam,2023,8,1387.95,1388.142,1388.19,2023-05-14 20:16:22
MXP,Kahului,Estados Unidos,2023,12,1391.4,1678.42,1746.99,2023-05-14 20:16:22
MXP,Sucre,Bolívia,2023,3,1392.01,1393.79,1392.01,2023-05-14 20:16:22
MXP,Acapulco,México,2023,1,1393.27,1393.27,1393.27,2023-05-14 20:16:22
MXP,Nan,Tailândia,2023,4,1393.48,1400.68,1403.56,2023-05-14 20:16:22
MXP,Port Blair,Índia,2024,2,1394.43,1396.295,1396.53,2023-05-14 20:16:22
MXP,Pendleton,Estados Unidos,2023,2,1394.53,1396.3141666666668,1396.92,2023-05-14 20:16:22
MXP,Dodoma,Tanzânia,2023,8,1395.86,1396.2144444444446,1395.88,2023-05-14 20:16:22
MXP,Moroni,Comores,2024,1,1396.84,1779.0930769230768,1844.89,2023-05-14 20:16:22
MXP,Kalamazoo,Estados Unidos,2023,6,1396.84,1398.1299999999999,1397.44,2023-05-14 20:16:22
MXP,Mahajanga,Madagáscar,2023,6,1397.31,1397.31,1397.31,2023-05-14 20:16:22
MXP,Saint Thomas Island,Ilhas Virgens Americanas,2023,9,1397.37,1397.37,1397.37,2023-05-14 20:16:22
MXP,Chongqing,China,2023,9,1398.57,1444.820588235294,1414.3,2023-05-14 20:16:22
MXP,Xining,China,2023,5,1399.55,1401.9083333333335,1400.16,2023-05-14 20:16:22
MXP,Assiut,Egito,2023,8,1399.65,1402.16,1401.99,2023-05-14 20:16:22
MXP,Veracruz,México,2023,7,1399.92,1406.718888888889,1410.04,2023-05-14 20:16:22
MXP,Okayama,Japão,2023,7,1399.99,1404.0049999999999,1404.55,2023-05-14 20:16:22
MXP,Chengdu,China,2023,2,1401.53,1403.41,1403.35,2023-05-14 20:16:22
MXP,Shenyang,China,2023,2,1403.03,1413.732,1413.33,2023-05-14 20:16:22
MXP,Changchun,China,2023,4,1403.41,1403.41,1403.41,2023-05-14 20:16:22
MXP,Puerto Montt,Chile,2023,3,1405.16,1405.16,1405.16,2023-05-14 20:16:22
MXP,Puebla,México,2023,3,1406.46,1583.7822222222221,1630.36,2023-05-14 20:16:22
MXP,Jinhua,China,2023,10,1407.66,1410.114,1410.46,2023-05-14 20:16:22
MXP,Darwin,Austrália,2023,4,1408.27,1449.934705882353,1413.01,2023-05-14 20:16:22
MXP,Cuzco,Perú,2023,7,1408.54,1408.54,1408.54,2023-05-14 20:16:22
MXP,Blantyre,Malaui,2023,7,1408.89,1417.1566666666668,1415.89,2023-05-14 20:16:22
MXP,Simpson Bay,São Martinho (Sint Maarten),2023,12,1409.18,1976.75,1483.305,2023-05-14 20:16:22
MXP,Puebla,México,2023,6,1409.69,1418.3545454545454,1419.2,2023-05-14 20:16:22
MXP,João Pessoa,Brasil,2023,8,1410.41,1586.2135714285716,1630.93,2023-05-14 20:16:22
MXP,Kagoshima,Japão,2023,3,1410.77,1412.581111111111,1414.03,2023-05-14 20:16:22
MXP,Tawau,Malásia,2023,12,1411.38,1418.1831578947367,1418.0,2023-05-14 20:16:22
MXP,Libéria,Costa Rica,2023,7,1411.89,1413.069,1412.87,2023-05-14 20:16:22
MXP,Santa Marta,Colômbia,2023,8,1413.25,1414.9233333333334,1413.25,2023-05-14 20:16:22
MXP,Lihue,Estados Unidos,2024,1,1413.38,1413.38,1413.38,2023-05-14 20:16:22
MXP,Adelaide,Austrália,2023,6,1413.78,1552.3714705882353,1497.52,2023-05-14 20:16:22
MXP,Trujillo,Perú,2023,5,1415.6,1423.56,1422.46,2023-05-14 20:16:22
MXP,São José do Rio Preto,Brasil,2023,2,1415.63,1415.63,1415.63,2023-05-14 20:16:22
MXP,Busuanga,Filipinas,2023,5,1417.19,1418.6555555555556,1417.96,2023-05-14 20:16:22
MXP,Iquitos,Perú,2023,9,1417.64,1418.7022222222222,1417.66,2023-05-14 20:16:22
MXP,Santa Rosa,Estados Unidos,2023,6,1417.66,1418.97,1418.27,2023-05-14 20:16:22
MXP,Angeles City,Filipinas,2023,8,1418.24,1765.2794117647059,1675.72,2023-05-14 20:16:22
MXP,Cotonou,Benin,2023,8,1420.08,1425.4781818181818,1426.26,2023-05-14 20:16:22
MXP,Valparaíso,Estados Unidos,2023,3,1421.21,1427.74125,1427.74,2023-05-14 20:16:22
MXP,Nantong,China,2023,5,1421.28,1642.5565,1424.69,2023-05-14 20:16:22
MXP,Maun,Botsuana,2023,2,1422.97,1652.640625,1826.76,2023-05-14 20:16:22
MXP,Xiamen,China,2023,2,1426.74,1458.0700000000002,1465.955,2023-05-14 20:16:22
MXP,Haikou,China,2023,9,1427.19,1429.481,1429.45,2023-05-14 20:16:22
MXP,Nanning,China,2023,4,1427.19,1427.19,1427.19,2023-05-14 20:16:22
MXP,Helena,Estados Unidos,2023,9,1427.31,1430.66,1428.3,2023-05-14 20:16:22
MXP,Auckland,Nova Zelândia,2023,7,1427.6,1662.235,1615.67,2023-05-14 20:16:22
MXP,Auckland,Nova Zelândia,2023,2,1428.16,1774.7545454545455,1717.47,2023-05-14 20:16:22
MXP,Cuzco,Perú,2023,8,1428.22,1550.124,1565.9499999999998,2023-05-14 20:16:22
MXP,Rochester,Estados Unidos,2023,1,1429.98,1429.98,1429.98,2023-05-14 20:16:22
MXP,Yichang,China,2023,12,1430.32,1434.3725000000002,1435.12,2023-05-14 20:16:22
MXP,Auckland,Nova Zelândia,2024,2,1430.95,1462.449090909091,1443.96,2023-05-14 20:16:22
MXP,Toyama,Japão,2023,8,1431.16,1431.16,1431.16,2023-05-14 20:16:22
MXP,Gustávia,São Bartolomeu,2023,2,1432.14,1432.14,1432.14,2023-05-14 20:16:22
MXP,Natal,Brasil,2023,1,1432.32,1432.32,1432.32,2023-05-14 20:16:22
MXP,Hohhot,China,2023,7,1433.36,1436.4676470588236,1438.03,2023-05-14 20:16:22
MXP,Wuxi,China,2023,3,1433.85,1438.1027272727272,1440.2,2023-05-14 20:16:22
MXP,La Romana,República Dominicana,2023,8,1435.15,1755.2609375,1564.7350000000001,2023-05-14 20:16:22
MXP,Rio Branco,Brasil,2023,4,1436.03,1440.95,1440.68,2023-05-14 20:16:22
MXP,Cochabamba,Bolívia,2023,4,1436.68,1789.237843137255,1829.56,2023-05-14 20:16:22
MXP,Vail,Estados Unidos,2023,4,1436.89,1441.46,1440.375,2023-05-14 20:16:22
MXP,Wenzhou,China,2023,8,1437.26,1597.7333333333333,1646.59,2023-05-14 20:16:22
MXP,Grand'Anse Praslin,Seicheles,2024,1,1437.35,1439.0774999999999,1437.35,2023-05-14 20:16:22
MXP,Puebla,México,2023,2,1437.68,1446.1644444444444,1450.99,2023-05-14 20:16:22
MXP,Saint George.s,Granada,2023,8,1438.59,1628.5310714285715,1709.47,2023-05-14 20:16:22
MXP,Baltra,Equador,2023,4,1439.58,1737.7655813953488,1849.22,2023-05-14 20:16:22
MXP,Khasab,Omã,2023,7,1441.43,1441.43,1441.43,2023-05-14 20:16:22
MXP,Helena,Estados Unidos,2023,6,1442.1,1446.194,1445.8600000000001,2023-05-14 20:16:22
MXP,Tiruchirapalli,Índia,2023,4,1442.42,1442.42,1442.42,2023-05-14 20:16:22
MXP,Fernando de Noronha,Brasil,2023,3,1444.29,1801.8463157894737,2118.06,2023-05-14 20:16:22
MXP,Lilongwe,Malaui,2023,4,1444.7,2007.466666666667,2288.76,2023-05-14 20:16:22
MXP,Addu City,Maldivas,2023,7,1444.82,1452.7691666666667,1454.88,2023-05-14 20:16:22
MXP,West Yellowstone,Estados Unidos,2023,5,1447.28,1448.5854545454547,1448.98,2023-05-14 20:16:22
MXP,Pietermaritzburg,África do Sul,2023,4,1448.36,1450.4533333333334,1449.22,2023-05-14 20:16:22
MXP,Malé,Maldivas,2023,12,1448.91,1448.91,1448.91,2023-05-14 20:16:22
MXP,Narsarsuaq,Gronelândia,2023,7,1449.59,1450.9190909090908,1449.64,2023-05-14 20:16:22
MXP,El Calafate,Argentina,2023,4,1451.07,1742.5666666666666,1801.26,2023-05-14 20:16:22
MXP,Scarborough,Trinidad e Tobago,2023,4,1453.0,2563.7400000000002,2785.71,2023-05-14 20:16:22
MXP,San José del Cabo,México,2023,7,1454.18,2030.26,1456.1750000000002,2023-05-14 20:16:22
MXP,Paramaribo,Suriname,2023,3,1454.27,1483.1284615384614,1458.26,2023-05-14 20:16:22
MXP,Dalian,China,2023,7,1454.46,1459.326,1461.5349999999999,2023-05-14 20:16:22
MXP,Papete,Polinésia Francesa,2023,9,1456.29,1779.2050000000002,1778.72,2023-05-14 20:16:22
MXP,Saint George.s,Granada,2023,1,1456.6,1458.868,1458.8,2023-05-14 20:16:22
MXP,Pagadian,Filipinas,2023,8,1456.87,2442.5272727272727,1989.25,2023-05-14 20:16:22
MXP,Lanzhou,China,2023,2,1457.83,1459.674,1459.855,2023-05-14 20:16:22
MXP,Cochabamba,Bolívia,2024,1,1457.9,1461.0666666666668,1462.65,2023-05-14 20:16:22
MXP,Tamuning,Guam,2023,3,1457.98,1517.7229411764706,1463.58,2023-05-14 20:16:22
MXP,Busuanga,Filipinas,2023,6,1458.65,3908.629,4521.905,2023-05-14 20:16:22
MXP,Ipoh,Malásia,2023,3,1460.96,1466.1918181818182,1468.05,2023-05-14 20:16:22
MXP,Mérida,México,2023,7,1461.32,1988.0188235294117,2252.4,2023-05-14 20:16:22
MXP,Numêá,Nova Caledónia,2023,11,1461.5,1495.0683333333334,1495.58,2023-05-14 20:16:22
MXP,Saint John's,Antígua e Barbuda,2023,5,1462.4,1462.43,1462.43,2023-05-14 20:16:22
MXP,Okayama,Japão,2023,10,1462.48,1463.4408333333333,1463.35,2023-05-14 20:16:22
MXP,Auckland,Nova Zelândia,2024,1,1462.67,1464.514,1462.67,2023-05-14 20:16:22
MXP,Navegantes,Brasil,2023,4,1463.83,1463.83,1463.83,2023-05-14 20:16:22
MXP,Tamuning,Guam,2023,5,1465.84,1471.1333333333334,1467.21,2023-05-14 20:16:22
MXP,Guaiaquil,Equador,2023,8,1466.72,1466.72,1466.72,2023-05-14 20:16:22
MXP,Montrose,Estados Unidos,2023,5,1468.02,1468.02,1468.02,2023-05-14 20:16:22
MXP,Grand'Anse Praslin,Seicheles,2023,12,1468.58,1471.9741666666666,1469.96,2023-05-14 20:16:22
MXP,Basco,Filipinas,2023,3,1468.84,1471.7016666666666,1472.3,2023-05-14 20:16:22
MXP,Zhangjiajie,China,2023,10,1470.69,1478.2899999999997,1481.33,2023-05-14 20:16:22
MXP,Ilhéus,Brasil,2023,12,1471.93,1471.93,1471.93,2023-05-14 20:16:22
MXP,Del Carmen,Filipinas,2024,1,1472.44,1472.6000000000001,1472.68,2023-05-14 20:16:22
MXP,Koror,Palau,2023,5,1472.89,1472.89,1472.89,2023-05-14 20:16:22
MXP,Mexicali,México,2023,8,1473.56,1477.0163636363636,1474.58,2023-05-14 20:16:22
MXP,Zhuhai,China,2023,3,1473.76,6071.608888888889,6061.215,2023-05-14 20:16:22
MXP,Navegantes,Brasil,2023,12,1474.52,1481.2757142857142,1484.04,2023-05-14 20:16:22
MXP,Adelaide,Austrália,2023,9,1475.03,1620.41,1596.255,2023-05-14 20:16:22
MXP,Arequipa,Perú,2023,9,1475.81,1477.8025,1476.815,2023-05-14 20:16:22
MXP,Cairns,Austrália,2023,12,1476.21,1685.8970967741934,1725.19,2023-05-14 20:16:22
MXP,Puerto Princesa,Filipinas,2023,12,1476.79,1480.073076923077,1481.47,2023-05-14 20:16:22
MXP,Shirahama,Japão,2023,8,1477.61,1775.0888888888887,1785.21,2023-05-14 20:16:22
MXP,Little Rock,Estados Unidos,2023,7,1478.42,1480.5577777777778,1479.3,2023-05-14 20:16:22
MXP,Nha Trang,Vietname,2023,2,1478.7,1485.143,1487.31,2023-05-14 20:16:22
MXP,Tijuana,México,2023,4,1479.21,1487.0154545454545,1490.25,2023-05-14 20:16:22
MXP,Fargo,Estados Unidos,2023,7,1481.64,1483.225,1483.2150000000001,2023-05-14 20:16:22
MXP,Numêá,Nova Caledónia,2023,9,1483.52,1550.095,1485.575,2023-05-14 20:16:22
MXP,Hat Yai,Tailândia,2023,12,1483.69,1492.9166666666667,1492.96,2023-05-14 20:16:22
MXP,Numêá,Nova Caledónia,2023,4,1483.78,2035.6246153846155,1945.8200000000002,2023-05-14 20:16:22
MXP,Coolangatta,Austrália,2023,5,1484.7,1498.2818181818184,1485.64,2023-05-14 20:16:22
MXP,Dharavandhoo,Maldivas,2023,3,1485.36,1486.85375,1485.97,2023-05-14 20:16:22
MXP,Aracaju,Brasil,2023,12,1486.55,1498.98,1499.605,2023-05-14 20:16:22
MXP,Macau,Macau,2023,8,1492.35,1494.13,1494.13,2023-05-14 20:16:22
MXP,Lucknow,Índia,2023,2,1493.25,1536.4205263157894,1564.92,2023-05-14 20:16:22
MXP,Lhasa,China,2024,1,1494.53,1518.474,1520.215,2023-05-14 20:16:22
MXP,Whitehorse,Canadá,2023,6,1494.68,1497.9792857142857,1495.62,2023-05-14 20:16:22
MXP,Atlantic City,Estados Unidos,2023,5,1496.01,1502.8045454545454,1506.78,2023-05-14 20:16:22
MXP,Papete,Polinésia Francesa,2023,3,1496.93,1540.1378571428572,1506.6100000000001,2023-05-14 20:16:22
MXP,Rayong,Tailândia,2023,8,1498.92,1501.64625,1498.92,2023-05-14 20:16:22
MXP,The Valley,Anguila,2023,10,1499.03,1502.345,1502.345,2023-05-14 20:16:22
MXP,Copiapó,Chile,2023,8,1499.24,1512.4654545454543,1516.1,2023-05-14 20:16:22
MXP,Wuxi,China,2023,7,1499.47,2731.619523809524,3833.96,2023-05-14 20:16:22
MXP,Punta Arenas,Chile,2023,5,1499.67,1577.9650000000001,1510.46,2023-05-14 20:16:22
MXP,Kralendijk,Países Baixos Caribenhos,2023,8,1500.58,1737.990625,1598.98,2023-05-14 20:16:22
MXP,Basseterre,São Cristóvão e Neves,2023,7,1501.76,1501.856,1501.76,2023-05-14 20:16:22
MXP,Nagóia,Japão,2023,8,1503.3,1892.4453333333333,1551.53,2023-05-14 20:16:22
MXP,Numêá,Nova Caledónia,2023,10,1503.48,1504.3175,1504.52,2023-05-14 20:16:22
MXP,Puerto Montt,Chile,2023,8,1504.62,2203.1490000000003,2747.15,2023-05-14 20:16:22
MXP,Asahikawa,Japão,2023,8,1505.14,1521.209090909091,1519.07,2023-05-14 20:16:22
MXP,Papete,Polinésia Francesa,2023,2,1505.29,1537.2091304347825,1509.09,2023-05-14 20:16:22
MXP,Melbourne,Austrália,2023,7,1505.55,1727.8766666666668,1519.9,2023-05-14 20:16:22
MXP,Al Qurayyāt,Arábia Saudita,2023,8,1505.62,1511.1483333333333,1505.62,2023-05-14 20:16:22
MXP,Fernando de Noronha,Brasil,2023,4,1508.98,2128.5216666666665,1520.3600000000001,2023-05-14 20:16:22
MXP,Ilha de Páscoa,Chile,2023,7,1510.62,1743.6166666666668,1512.19,2023-05-14 20:16:22
MXP,Neom,Arábia Saudita,2023,4,1515.56,1515.56,1515.56,2023-05-14 20:16:22
MXP,Ilhéus,Brasil,2023,5,1516.59,1642.2866666666666,1701.23,2023-05-14 20:16:22
MXP,Cozumel,México,2023,7,1516.75,1522.6911111111112,1522.88,2023-05-14 20:16:22
MXP,Redding,Estados Unidos,2023,8,1517.65,1521.2246153846152,1522.77,2023-05-14 20:16:22
MXP,Iquitos,Perú,2023,5,1518.14,1522.45,1522.1,2023-05-14 20:16:22
MXP,Ushuaia,Argentina,2024,2,1518.29,1810.7277777777779,1599.09,2023-05-14 20:16:22
MXP,Lanzhou,China,2023,3,1519.03,1729.2791666666665,1768.87,2023-05-14 20:16:22
MXP,Pereira,Colômbia,2023,12,1520.2,1520.2066666666667,1520.2,2023-05-14 20:16:22
MXP,Phu Quoc,Vietname,2023,8,1520.49,1992.0689655172414,1957.46,2023-05-14 20:16:22
MXP,Phitsanulok,Tailândia,2023,4,1522.17,1530.0342857142857,1533.18,2023-05-14 20:16:22
MXP,Ras Al Khaimah,Emirados Árabes Unidos,2023,2,1525.64,1526.1363636363637,1526.3,2023-05-14 20:16:22
MXP,Brisbane,Austrália,2023,2,1526.36,1933.1756249999999,1943.165,2023-05-14 20:16:22
MXP,Toyooka,Japão,2023,10,1526.4,1542.4371428571428,1548.15,2023-05-14 20:16:22
MXP,Baltra,Equador,2023,2,1527.42,2175.6286666666665,2476.81,2023-05-14 20:16:22
MXP,Lhasa,China,2023,3,1527.44,1873.0475000000001,1531.44,2023-05-14 20:16:22
MXP,Acapulco,México,2023,4,1527.9,1527.9,1527.9,2023-05-14 20:16:22
MXP,Cidade de Belize,Belize,2023,6,1528.78,1528.95625,1528.83,2023-05-14 20:16:22
MXP,Montevidéu,Uruguai,2023,7,1532.31,1537.8077777777778,1535.56,2023-05-14 20:16:22
MXP,Del Carmen,Filipinas,2023,7,1532.92,2835.205,1563.925,2023-05-14 20:16:22
MXP,Dumaguete City,Filipinas,2023,7,1533.13,1535.495,1535.495,2023-05-14 20:16:22
MXP,Ürümqi,China,2023,11,1534.96,1543.0577777777778,1544.05,2023-05-14 20:16:22
MXP,Cochabamba,Bolívia,2023,5,1535.78,1702.9616129032258,1711.67,2023-05-14 20:16:22
MXP,Aguadilla,Porto Rico,2023,4,1535.91,1535.91,1535.91,2023-05-14 20:16:22
MXP,Ushuaia,Argentina,2023,3,1535.96,2657.6093333333333,3144.94,2023-05-14 20:16:22
MXP,Papete,Polinésia Francesa,2023,6,1537.34,2516.9865714285716,1731.15,2023-05-14 20:16:22
MXP,Ribeirão Preto,Brasil,2023,4,1537.72,1540.568,1540.72,2023-05-14 20:16:22
MXP,Hamilton,Canadá,2023,5,1537.95,1537.95,1537.95,2023-05-14 20:16:22
MXP,Jogjacarta,Indonésia,2023,8,1538.73,1905.5395652173916,1937.47,2023-05-14 20:16:22
MXP,Saba Island,Países Baixos Caribenhos,2023,6,1540.14,1548.52,1548.455,2023-05-14 20:16:22
MXP,Lhasa,China,2023,6,1540.83,1704.8654545454547,1717.14,2023-05-14 20:16:22
MXP,Manizales,Colômbia,2023,4,1541.3,1541.3,1541.3,2023-05-14 20:16:22
MXP,Grand Junction,Estados Unidos,2023,8,1541.47,1547.9142857142856,1541.47,2023-05-14 20:16:22
MXP,Jaguaruna,Brasil,2023,4,1541.75,1546.8375,1546.75,2023-05-14 20:16:22
MXP,Papete,Polinésia Francesa,2023,11,1542.54,1893.5006666666668,1715.33,2023-05-14 20:16:22
MXP,Labuan Bajo,Indonésia,2023,7,1542.73,1542.855,1542.855,2023-05-14 20:16:22
MXP,Komatsu,Japão,2023,8,1543.07,1543.07,1543.07,2023-05-14 20:16:22
MXP,Baltra,Equador,2023,5,1544.25,1634.2862499999999,1612.33,2023-05-14 20:16:22
MXP,Jeju,Coreia do Sul,2023,10,1544.79,1546.148,1546.185,2023-05-14 20:16:22
MXP,I Fadang,Marianas do Norte,2023,3,1545.15,1558.99,1561.86,2023-05-14 20:16:22
MXP,Lamu,Quénia,2023,7,1545.9,1553.13,1552.83,2023-05-14 20:16:22
MXP,Rosario,Argentina,2023,1,1546.55,1547.88,1547.88,2023-05-14 20:16:22
MXP,Ketchikan,Estados Unidos,2023,8,1547.07,1622.21,1634.09,2023-05-14 20:16:22
MXP,Aguadilla,Porto Rico,2023,8,1548.38,1550.46,1550.39,2023-05-14 20:16:22
MXP,Iloilo City,Filipinas,2023,2,1549.73,1550.15875,1550.22,2023-05-14 20:16:22
MXP,Port Moresby,Papua Nova Guiné,2023,3,1550.72,1636.7541379310346,1589.66,2023-05-14 20:16:22
MXP,Jogjacarta,Indonésia,2023,9,1551.67,1554.5,1556.71,2023-05-14 20:16:22
MXP,Cochabamba,Bolívia,2023,8,1552.23,1832.452,1555.62,2023-05-14 20:16:22
MXP,Caiena,Guiana Francesa,2023,8,1552.58,1823.1026086956522,1777.43,2023-05-14 20:16:22
MXP,Nuuk,Gronelândia,2023,7,1553.38,1601.0027272727275,1556.92,2023-05-14 20:16:22
MXP,Shirahama,Japão,2023,7,1555.23,1555.23,1555.23,2023-05-14 20:16:22
MXP,Porto Seguro,Brasil,2023,12,1559.22,1564.36375,1564.28,2023-05-14 20:16:22
MXP,Angeles City,Filipinas,2023,12,1561.67,1604.84,1572.59,2023-05-14 20:16:22
MXP,Nadi,Fiji,2023,2,1566.93,2044.5883333333334,1884.45,2023-05-14 20:16:22
MXP,Belo Horizonte,Brasil,2024,1,1567.53,1567.795,1567.795,2023-05-14 20:16:22
MXP,Wellington,Nova Zelândia,2023,5,1568.3,1773.761842105263,1764.0700000000002,2023-05-14 20:16:22
MXP,Camberra,Austrália,2023,2,1568.52,2079.719090909091,2351.15,2023-05-14 20:16:22
MXP,Perth,Austrália,2023,12,1568.81,1694.4366666666665,1568.81,2023-05-14 20:16:22
MXP,Camberra,Austrália,2023,5,1569.3,1717.4773684210527,1697.2,2023-05-14 20:16:22
MXP,Camberra,Austrália,2023,9,1570.13,1748.0633333333333,1811.22,2023-05-14 20:16:22
MXP,Piura,Perú,2023,7,1570.76,1576.3483333333334,1575.98,2023-05-14 20:16:22
MXP,Grande Prairie,Canadá,2023,4,1571.24,1571.49,1571.49,2023-05-14 20:16:22
MXP,Nadi,Fiji,2023,9,1571.62,1736.4299999999998,1630.72,2023-05-14 20:16:22
MXP,Gustávia,São Bartolomeu,2023,4,1573.65,1683.255,1706.425,2023-05-14 20:16:22
MXP,San Salvador de Jujuy,Argentina,2023,3,1573.69,1577.6014285714284,1578.34,2023-05-14 20:16:22
MXP,Baltra,Equador,2023,6,1574.29,1638.6323809523808,1611.02,2023-05-14 20:16:22
MXP,Tarapoto,Perú,2023,3,1575.84,1575.84,1575.84,2023-05-14 20:16:22
MXP,Tokushima,Japão,2023,8,1576.17,1673.7908333333335,1703.15,2023-05-14 20:16:22
MXP,Elko,Estados Unidos,2023,2,1576.31,1582.6083333333333,1582.68,2023-05-14 20:16:22
MXP,La Paz,Bolívia,2023,8,1577.61,1713.2388888888888,1819.76,2023-05-14 20:16:22
MXP,Gustávia,São Bartolomeu,2023,6,1577.9,1601.6444444444446,1584.97,2023-05-14 20:16:22
MXP,Shijiazhuang,China,2023,4,1578.24,1588.618,1595.4299999999998,2023-05-14 20:16:22
MXP,Ciudad Obregón,México,2023,4,1578.24,1586.284,1589.66,2023-05-14 20:16:22
MXP,San Cristobal,Equador,2023,5,1580.41,2686.056666666667,1905.15,2023-05-14 20:16:22
MXP,Malabo,Guiné Equatorial,2023,12,1582.21,1587.6277777777777,1587.33,2023-05-14 20:16:22
MXP,Tamuning,Guam,2023,7,1582.9,1588.1950000000002,1590.6,2023-05-14 20:16:22
MXP,Querétaro,México,2023,4,1584.67,1590.49,1584.67,2023-05-14 20:16:22
MXP,Qionghai,China,2023,3,1585.62,1592.9940000000001,1593.6950000000002,2023-05-14 20:16:22
MXP,Adelaide,Austrália,2023,4,1587.8,2155.5227272727275,2170.15,2023-05-14 20:16:22
MXP,Cairns,Austrália,2023,5,1587.9,1810.6278846153846,1784.02,2023-05-14 20:16:22
MXP,Puebla,México,2023,7,1587.9,1637.7920000000001,1593.65,2023-05-14 20:16:22
MXP,Qionghai,China,2023,4,1588.12,4463.58,5319.45,2023-05-14 20:16:22
MXP,I Fadang,Marianas do Norte,2023,5,1588.59,1715.5528571428572,1738.63,2023-05-14 20:16:22
MXP,Brisbane,Austrália,2023,12,1588.81,2997.2922222222223,1724.59,2023-05-14 20:16:22
MXP,Dalat,Vietname,2023,2,1590.83,1597.7649999999999,1600.1,2023-05-14 20:16:22
MXP,Blenheim,Nova Zelândia,2023,9,1591.11,1668.87,1727.53,2023-05-14 20:16:22
MXP,Nadi,Fiji,2023,10,1591.79,1836.885918367347,1824.1,2023-05-14 20:16:22
MXP,Sihanoukville,Cambodja,2023,2,1592.12,1594.831111111111,1594.3,2023-05-14 20:16:22
MXP,Auckland,Nova Zelândia,2023,3,1594.43,3875.1066666666666,1947.09,2023-05-14 20:16:22
MXP,Qingdao,China,2023,8,1595.07,1596.3781818181817,1596.17,2023-05-14 20:16:22
MXP,Jeju,Coreia do Sul,2023,8,1596.9,1674.1607692307693,1622.81,2023-05-14 20:16:22
MXP,Neuquén,Argentina,2023,5,1598.44,1822.0628571428572,1605.16,2023-05-14 20:16:22
MXP,San Miguel de Tucumán,Argentina,2023,4,1598.55,1836.1185185185184,1774.98,2023-05-14 20:16:22
MXP,Lhasa,China,2023,10,1599.02,1599.1375,1599.02,2023-05-14 20:16:22
MXP,Numêá,Nova Caledónia,2023,5,1599.18,1751.196170212766,1741.05,2023-05-14 20:16:22
MXP,Tegucigalpa,Honduras,2023,6,1599.6,1600.4916666666668,1600.71,2023-05-14 20:16:22
MXP,Lhasa,China,2023,4,1600.16,1617.9309523809525,1612.35,2023-05-14 20:16:22
MXP,Córdova,Argentina,2023,7,1600.5,1604.8133333333335,1606.97,2023-05-14 20:16:22
MXP,Kuching,Malásia,2023,8,1606.45,1627.1545454545455,1627.55,2023-05-14 20:16:22
MXP,Eugene,Estados Unidos,2023,7,1606.52,1615.60375,1616.49,2023-05-14 20:16:22
MXP,Cairns,Austrália,2023,10,1608.67,2755.9016666666666,1609.36,2023-05-14 20:16:22
MXP,Mendoza,Argentina,2023,7,1609.58,1682.7484210526316,1617.4,2023-05-14 20:16:22
MXP,Ketchikan,Estados Unidos,2023,6,1612.3,1619.961,1620.2350000000001,2023-05-14 20:16:22
MXP,Nadi,Fiji,2023,5,1615.93,1857.698148148148,1927.1,2023-05-14 20:16:22
MXP,Changzhou,China,2023,5,1616.79,1618.208,1618.245,2023-05-14 20:16:22
MXP,San Carlos DeBariloche,Argentina,2023,8,1617.7,1917.8470588235296,2180.92,2023-05-14 20:16:22
MXP,Antofagasta,Chile,2023,3,1617.81,1621.475,1623.1399999999999,2023-05-14 20:16:22
MXP,Yanbu,Arábia Saudita,2023,3,1619.47,1623.105,1623.82,2023-05-14 20:16:22
MXP,Ouarzazate,Marrocos,2024,1,1620.39,1620.39,1620.39,2023-05-14 20:16:22
MXP,Rosario,Argentina,2023,7,1621.11,1622.684,1622.63,2023-05-14 20:16:22
MXP,Santa Marta,Colômbia,2023,12,1626.1,1630.71,1631.56,2023-05-14 20:16:22
MXP,San Cristobal,Equador,2023,4,1627.22,3286.8881818181817,4219.21,2023-05-14 20:16:22
MXP,La Paz,Bolívia,2023,7,1630.16,1632.25875,1630.36,2023-05-14 20:16:22
MXP,Puerto Iguazú,Argentina,2023,5,1634.58,1634.58,1634.58,2023-05-14 20:16:22
MXP,Vinh City,Vietname,2023,4,1637.91,1637.91,1637.91,2023-05-14 20:16:22
MXP,Roxas City,Filipinas,2023,7,1638.41,1640.935,1640.935,2023-05-14 20:16:22
MXP,Cairns,Austrália,2023,4,1640.61,1756.9846153846154,1834.0,2023-05-14 20:16:22
MXP,Del Carmen,Filipinas,2023,2,1640.89,1640.89,1640.89,2023-05-14 20:16:22
MXP,Shijiazhuang,China,2023,3,1642.17,1644.7,1644.7,2023-05-14 20:16:22
MXP,Jogjacarta,Indonésia,2023,10,1643.33,1650.27,1649.565,2023-05-14 20:16:22
MXP,Qostanay,Cazaquistão,2023,4,1645.27,1660.4016666666666,1663.77,2023-05-14 20:16:22
MXP,Scarborough,Trinidad e Tobago,2024,2,1646.48,1648.6177777777777,1648.02,2023-05-14 20:16:22
MXP,Rotorua,Nova Zelândia,2023,9,1647.12,1655.808888888889,1656.88,2023-05-14 20:16:22
MXP,Ulã Bator,Mongólia,2023,1,1647.51,1647.51,1647.51,2023-05-14 20:16:22
MXP,Numêá,Nova Caledónia,2024,2,1648.58,1656.055833333333,1653.77,2023-05-14 20:16:22
MXP,El Calafate,Argentina,2023,3,1649.62,2135.057777777778,1863.08,2023-05-14 20:16:22
MXP,Zhengzhou,China,2023,7,1650.38,1658.229,1658.51,2023-05-14 20:16:22
MXP,Cayman Brac,Ilhas Cayman,2023,7,1651.8,1651.9599999999998,1651.82,2023-05-14 20:16:22
MXP,Tepic,México,2023,4,1652.38,1655.6919999999998,1655.83,2023-05-14 20:16:22
MXP,Port Moresby,Papua Nova Guiné,2023,4,1652.69,1862.1436842105265,2032.42,2023-05-14 20:16:22
MXP,Sanya,China,2023,10,1652.82,1652.82,1652.82,2023-05-14 20:16:22
MXP,Trujillo,Perú,2023,4,1654.06,1769.81,1769.81,2023-05-14 20:16:22
MXP,Wellington,Nova Zelândia,2023,8,1654.49,1657.5041666666666,1656.21,2023-05-14 20:16:22
MXP,Hilo,Estados Unidos,2023,7,1656.73,1660.6209090909092,1657.88,2023-05-14 20:16:22
MXP,Roxas City,Filipinas,2023,2,1657.34,1657.7949999999998,1657.86,2023-05-14 20:16:22
MXP,Papete,Polinésia Francesa,2023,10,1658.91,1785.655,1782.635,2023-05-14 20:16:22
MXP,Brisbane,Austrália,2023,8,1660.29,2000.5766666666668,1933.14,2023-05-14 20:16:22
MXP,Antuérpia,Bélgica,2023,8,1662.99,1665.2109090909091,1663.7,2023-05-14 20:16:22
MXP,Nadi,Fiji,2023,3,1666.15,2209.012307692308,1872.05,2023-05-14 20:16:22
MXP,Okinawa,Japão,2023,7,1667.03,1869.9199999999998,1914.64,2023-05-14 20:16:22
MXP,Tawau,Malásia,2023,2,1667.41,1677.239,1679.985,2023-05-14 20:16:22
MXP,Yellowknife,Canadá,2023,2,1671.6,1672.7549999999999,1671.945,2023-05-14 20:16:22
MXP,International Falls,Estados Unidos,2023,1,1672.52,1672.75,1672.52,2023-05-14 20:16:22
MXP,Manta,Equador,2023,5,1675.01,1678.78,1680.29,2023-05-14 20:16:22
MXP,Hangzhou,China,2023,8,1675.77,1677.1509090909092,1676.94,2023-05-14 20:16:22
MXP,Laramie,Estados Unidos,2023,7,1676.48,1676.48,1676.48,2023-05-14 20:16:22
MXP,Johor Bahru,Malásia,2023,2,1676.86,1680.35,1679.69,2023-05-14 20:16:22
MXP,Ciudad del Carmen,México,2023,5,1677.73,1679.7369999999999,1680.02,2023-05-14 20:16:22
MXP,Camberra,Austrália,2023,4,1677.77,1748.219090909091,1771.36,2023-05-14 20:16:22
MXP,Papete,Polinésia Francesa,2023,1,1678.14,1678.495,1678.495,2023-05-14 20:16:22
MXP,Sapporo,Japão,2023,4,1679.58,2201.194848484848,2008.57,2023-05-14 20:16:22
MXP,Akron,Estados Unidos,2023,4,1680.73,1680.9479999999999,1680.73,2023-05-14 20:16:22
MXP,Formosa,Argentina,2023,3,1682.91,1688.5325,1687.81,2023-05-14 20:16:22
MXP,Grand-Case,São Martinho (Saint-Martin),2023,8,1683.03,2072.5025,1687.705,2023-05-14 20:16:22
MXP,Hobart,Austrália,2023,5,1684.38,1857.1299999999999,1926.24,2023-05-14 20:16:22
MXP,Dunedin,Nova Zelândia,2024,2,1686.06,1687.534,1687.5749999999998,2023-05-14 20:16:22
MXP,Papete,Polinésia Francesa,2023,8,1686.06,2552.1289473684214,2505.24,2023-05-14 20:16:22
MXP,Salta,Argentina,2023,10,1687.43,1692.7675,1695.5,2023-05-14 20:16:22
MXP,Queenstown,Nova Zelândia,2023,11,1688.28,1688.28,1688.28,2023-05-14 20:16:22
MXP,Rotorua,Nova Zelândia,2023,10,1690.79,1692.914,1693.35,2023-05-14 20:16:22
MXP,Auckland,Nova Zelândia,2023,12,1691.33,3115.7219999999998,2082.29,2023-05-14 20:16:22
MXP,Manado,Indonésia,2023,2,1692.69,1696.2125,1695.545,2023-05-14 20:16:22
MXP,Cali,Colômbia,2023,7,1694.92,1694.92,1694.92,2023-05-14 20:16:22
MXP,Cochabamba,Bolívia,2023,7,1695.12,1705.6666666666667,1705.72,2023-05-14 20:16:22
MXP,San Miguel de Tucumán,Argentina,2023,3,1699.36,1701.8754545454542,1702.31,2023-05-14 20:16:22
MXP,Brisbane,Austrália,2023,7,1702.93,1930.67625,1928.53,2023-05-14 20:16:22
MXP,Ushuaia,Argentina,2023,8,1703.97,3955.8827906976744,2340.05,2023-05-14 20:16:22
MXP,Arequipa,Perú,2023,7,1705.08,1713.519090909091,1710.45,2023-05-14 20:16:22
MXP,Labuan Bajo,Indonésia,2023,8,1705.13,1900.7688571428573,1827.44,2023-05-14 20:16:22
MXP,Georgetown,Guiana,2023,8,1707.24,1709.1366666666665,1707.79,2023-05-14 20:16:22
MXP,Tokunoshima,Japão,2023,5,1707.95,1710.506666666667,1708.03,2023-05-14 20:16:22
MXP,Marsh Harbour,Bahamas,2023,8,1709.15,1714.0040000000001,1713.6100000000001,2023-05-14 20:16:22
MXP,San Cristobal,Equador,2023,6,1712.04,2198.138085106383,1800.82,2023-05-14 20:16:22
MXP,Fukuoka,Japão,2023,8,1712.57,2902.735909090909,2771.62,2023-05-14 20:16:22
MXP,Port Elizabeth,África do Sul,2023,3,1712.67,1716.51125,1717.03,2023-05-14 20:16:22
MXP,Tijuana,México,2024,1,1714.25,1714.25,1714.25,2023-05-14 20:16:22
MXP,Papete,Polinésia Francesa,2024,1,1717.3,1719.9483333333335,1721.145,2023-05-14 20:16:22
MXP,Hue,Vietname,2023,7,1718.57,1725.0691666666664,1728.76,2023-05-14 20:16:22
MXP,Lhasa,China,2023,9,1720.15,1722.4575,1722.26,2023-05-14 20:16:22
MXP,Punta Arenas,Chile,2023,4,1721.63,1738.4545454545455,1740.25,2023-05-14 20:16:22
MXP,Dong Hoi,Vietname,2023,8,1725.45,1730.343,1729.9450000000002,2023-05-14 20:16:22
MXP,Loreto,México,2023,4,1726.21,1730.4922222222222,1732.03,2023-05-14 20:16:22
MXP,Cayman Brac,Ilhas Cayman,2023,11,1727.31,2407.6583333333333,2745.93,2023-05-14 20:16:22
MXP,Jayapura,Indonésia,2023,7,1728.94,1730.8045454545454,1728.96,2023-05-14 20:16:22
MXP,Nadi,Fiji,2024,1,1729.37,1809.8708333333334,1733.13,2023-05-14 20:16:22
MXP,San Cristobal,Equador,2024,3,1734.59,1736.846,1734.59,2023-05-14 20:16:22
MXP,Neuquén,Argentina,2023,8,1735.3,1735.8036363636363,1735.32,2023-05-14 20:16:22
MXP,Juneau,Estados Unidos,2023,6,1735.62,1743.8700000000001,1744.165,2023-05-14 20:16:22
MXP,Port Moresby,Papua Nova Guiné,2023,7,1736.21,1814.5233333333333,1741.26,2023-05-14 20:16:22
MXP,Saint Thomas Island,Ilhas Virgens Americanas,2023,12,1736.66,1791.8228571428572,1746.96,2023-05-14 20:16:22
MXP,Grand-Case,São Martinho (Saint-Martin),2023,4,1738.22,1742.3700000000001,1742.915,2023-05-14 20:16:22
MXP,Coolangatta,Austrália,2023,4,1738.5,1928.2777419354838,1991.36,2023-05-14 20:16:22
MXP,Queenstown,Nova Zelândia,2023,9,1742.24,1744.3963636363637,1745.22,2023-05-14 20:16:22
MXP,Papete,Polinésia Francesa,2023,12,1746.11,1791.155,1791.1,2023-05-14 20:16:22
MXP,Lagos,Nigéria,2023,12,1746.39,1746.39,1746.39,2023-05-14 20:16:22
MXP,Wellington,Nova Zelândia,2023,11,1750.65,1759.8575,1758.8600000000001,2023-05-14 20:16:22
MXP,San Carlos DeBariloche,Argentina,2023,3,1751.4,1757.6283333333333,1757.22,2023-05-14 20:16:22
MXP,Papete,Polinésia Francesa,2024,2,1753.36,1753.36,1753.36,2023-05-14 20:16:22
MXP,Jogjacarta,Indonésia,2023,3,1753.7,1761.11125,1765.55,2023-05-14 20:16:22
MXP,Sanya,China,2023,7,1754.59,1763.8427272727274,1767.68,2023-05-14 20:16:22
MXP,Baltra,Equador,2024,3,1757.57,2660.44,2660.365,2023-05-14 20:16:22
MXP,Wellington,Nova Zelândia,2023,9,1760.65,3975.545555555556,1764.25,2023-05-14 20:16:22
MXP,Assunção,Paraguai,2023,12,1760.68,1762.065,1760.68,2023-05-14 20:16:22
MXP,Nha Trang,Vietname,2023,8,1763.94,1766.22,1767.62,2023-05-14 20:16:22
MXP,Gregory Town,Bahamas,2023,7,1764.64,1769.0729999999999,1769.54,2023-05-14 20:16:22
MXP,Fernando de Noronha,Brasil,2023,5,1765.28,1765.28,1765.28,2023-05-14 20:16:22
MXP,Wellington,Nova Zelândia,2023,10,1766.45,1832.9752631578947,1767.7,2023-05-14 20:16:22
MXP,São Luís,Brasil,2023,3,1766.48,1769.971,1769.295,2023-05-14 20:16:22
MXP,Paramaribo,Suriname,2023,9,1772.51,1774.2591666666667,1772.53,2023-05-14 20:16:22
MXP,Phu Quoc,Vietname,2023,12,1776.97,1799.385294117647,1780.59,2023-05-14 20:16:22
MXP,Papete,Polinésia Francesa,2023,7,1777.6,1879.6375,1777.8249999999998,2023-05-14 20:16:22
MXP,Querétaro,México,2023,6,1777.67,1777.67,1777.67,2023-05-14 20:16:22
MXP,Basseterre,São Cristóvão e Neves,2023,8,1779.94,1781.0675,1779.995,2023-05-14 20:16:22
MXP,Nadi,Fiji,2023,6,1780.59,2145.7842372881355,2192.21,2023-05-14 20:16:22
MXP,Lhasa,China,2023,2,1783.82,2029.8046666666667,2088.99,2023-05-14 20:16:22
MXP,Adelaide,Austrália,2023,2,1784.04,1927.8949999999998,1784.1100000000001,2023-05-14 20:16:22
MXP,Saba Island,Países Baixos Caribenhos,2023,8,1788.86,1791.9527272727273,1791.94,2023-05-14 20:16:22
MXP,Numêá,Nova Caledónia,2023,3,1792.77,2221.422941176471,1972.15,2023-05-14 20:16:22
MXP,Nadi,Fiji,2023,11,1793.2,1793.2,1793.2,2023-05-14 20:16:22
MXP,Whitehorse,Canadá,2023,4,1793.33,1912.3631249999999,1813.01,2023-05-14 20:16:22
MXP,Macassar,Indonésia,2023,8,1797.87,1799.7490909090907,1798.65,2023-05-14 20:16:22
MXP,Port Moresby,Papua Nova Guiné,2023,8,1798.78,2137.9683333333332,1876.83,2023-05-14 20:16:22
MXP,Antsiranana,Madagáscar,2023,4,1801.79,1801.79,1801.79,2023-05-14 20:16:22
MXP,Apia,Samoa,2023,10,1801.95,1813.6033333333332,1814.49,2023-05-14 20:16:22
MXP,Bayingol,China,2023,6,1805.88,1807.946,1808.24,2023-05-14 20:16:22
MXP,Harbin,China,2023,2,1807.68,1830.14,1832.84,2023-05-14 20:16:22
MXP,Nantong,China,2023,2,1813.8,1815.2233333333334,1813.8,2023-05-14 20:16:22
MXP,Tetuão,Marrocos,2023,10,1818.39,1818.39,1818.39,2023-05-14 20:16:22
MXP,Camberra,Austrália,2023,6,1821.84,1829.3228571428572,1830.47,2023-05-14 20:16:22
MXP,Porto de Espanha,Trinidad e Tobago,2023,7,1826.22,1826.22,1826.22,2023-05-14 20:16:22
MXP,Coolangatta,Austrália,2023,3,1826.89,1836.3975,1832.9050000000002,2023-05-14 20:16:22
MXP,Georgetown,Guiana,2023,9,1833.32,1835.1308333333334,1833.34,2023-05-14 20:16:22
MXP,Punta del Este,Uruguai,2023,2,1834.66,1845.359090909091,1847.07,2023-05-14 20:16:22
MXP,Maroochydore,Austrália,2023,3,1834.84,1834.84,1834.84,2023-05-14 20:16:22
MXP,Nanjing,China,2023,7,1837.07,1840.7975,1841.23,2023-05-14 20:16:22
MXP,Calama,Chile,2023,10,1838.63,1846.1814285714286,1847.34,2023-05-14 20:16:22
MXP,San Cristobal,Equador,2023,3,1838.71,2144.6983999999998,2028.17,2023-05-14 20:16:22
MXP,Castries,Santa Lúcia,2023,8,1839.1,1839.1,1839.1,2023-05-14 20:16:22
MXP,Jackson,Estados Unidos,2023,7,1843.55,1845.4611111111112,1844.56,2023-05-14 20:16:22
MXP,Nadi,Fiji,2023,8,1844.97,2293.726060606061,2322.3,2023-05-14 20:16:22
MXP,El Calafate,Argentina,2023,2,1849.58,1915.082142857143,1852.145,2023-05-14 20:16:22
MXP,Suva,Fiji,2023,8,1849.81,3155.113214285714,3121.53,2023-05-14 20:16:22
MXP,Puebla,México,2023,12,1852.6,1853.699,1853.88,2023-05-14 20:16:22
MXP,Jeju,Coreia do Sul,2023,2,1852.75,1856.1483333333333,1856.8,2023-05-14 20:16:22
MXP,Papete,Polinésia Francesa,2024,3,1854.41,1855.184,1855.7,2023-05-14 20:16:22
MXP,Toledo,Estados Unidos,2023,6,1857.04,1876.8672727272728,1874.23,2023-05-14 20:16:22
MXP,Maroochydore,Austrália,2023,5,1863.05,1868.337,1867.905,2023-05-14 20:16:22
MXP,Puerto Iguazú,Argentina,2023,2,1866.02,2443.431666666667,1875.66,2023-05-14 20:16:22
MXP,Nadi,Fiji,2023,7,1867.36,2090.8009523809524,2215.35,2023-05-14 20:16:22
MXP,Darwin,Austrália,2023,7,1870.21,1873.6416666666667,1874.3,2023-05-14 20:16:22
MXP,Ushuaia,Argentina,2023,7,1870.44,1870.97,1870.5,2023-05-14 20:16:22
MXP,Rarotonga,Ilhas Cook,2023,11,1872.64,1872.64,1872.64,2023-05-14 20:16:22
MXP,Ningbo,China,2023,4,1875.23,1878.725,1878.52,2023-05-14 20:16:22
MXP,Kamloops,Canadá,2023,5,1875.72,1920.7973333333332,1879.58,2023-05-14 20:16:22
MXP,Harbin,China,2023,3,1881.29,1881.29,1881.29,2023-05-14 20:16:22
MXP,Cabo Frio,Brasil,2023,5,1882.45,1882.45,1882.45,2023-05-14 20:16:22
MXP,Darwin,Austrália,2023,10,1886.35,1890.562,1892.71,2023-05-14 20:16:22
MXP,Hobart,Austrália,2023,4,1887.63,1887.63,1887.63,2023-05-14 20:16:22
MXP,Townsville,Austrália,2023,5,1888.94,1896.3036363636363,1899.93,2023-05-14 20:16:22
MXP,Kingstown,São Vicente e Granadinas,2023,8,1894.95,1901.2900000000002,1904.17,2023-05-14 20:16:22
MXP,Zhanjiang,China,2023,1,1895.94,1899.4216666666664,1900.09,2023-05-14 20:16:22
MXP,Andenes,Noruega,2023,3,1896.53,1897.9522222222222,1896.65,2023-05-14 20:16:22
MXP,Donegal,Irlanda,2023,3,1897.53,1905.8275,1905.92,2023-05-14 20:16:22
MXP,Adelaide,Austrália,2023,7,1900.14,1902.8933333333334,1904.27,2023-05-14 20:16:22
MXP,Hobart,Austrália,2023,9,1901.13,1908.3225,1908.3,2023-05-14 20:16:22
MXP,Wellington,Nova Zelândia,2023,3,1903.65,1903.6500000000003,1903.65,2023-05-14 20:16:22
MXP,Grande Caimão,Ilhas Cayman,2023,7,1904.13,1906.618888888889,1908.35,2023-05-14 20:16:22
MXP,Broome,Austrália,2023,9,1907.38,1909.625,1909.625,2023-05-14 20:16:22
MXP,Darwin,Austrália,2023,3,1907.73,1911.5700000000002,1912.97,2023-05-14 20:16:22
MXP,Queenstown,Nova Zelândia,2023,7,1908.2,2119.7063636363637,2113.695,2023-05-14 20:16:22
MXP,Mobile,Estados Unidos,2023,8,1915.64,1918.238888888889,1920.15,2023-05-14 20:16:22
MXP,Porto Velho,Brasil,2023,5,1921.2,1927.2,1927.2,2023-05-14 20:16:22
MXP,Ushuaia,Argentina,2023,1,1925.35,1925.35,1925.35,2023-05-14 20:16:22
MXP,Cairns,Austrália,2023,3,1934.86,1939.56125,1939.07,2023-05-14 20:16:22
MXP,Sinop,Brasil,2023,2,1936.63,1941.1644444444444,1943.16,2023-05-14 20:16:22
MXP,Christchurch,Nova Zelândia,2023,5,1937.69,1945.5970000000002,1944.01,2023-05-14 20:16:22
MXP,The Valley,Anguila,2023,6,1942.19,2409.1342857142854,2590.52,2023-05-14 20:16:22
MXP,Coolangatta,Austrália,2023,6,1942.19,2165.0819047619048,2153.57,2023-05-14 20:16:22
MXP,Osorno,Chile,2023,3,1942.47,1946.9099999999999,1947.42,2023-05-14 20:16:22
MXP,Baltra,Equador,2023,7,1945.0,2951.074761904762,2401.89,2023-05-14 20:16:22
MXP,Nadi,Fiji,2023,4,1952.36,2190.0756,2257.16,2023-05-14 20:16:22
MXP,Jinhua,China,2023,7,1953.88,1964.509,1964.425,2023-05-14 20:16:22
MXP,Adelaide,Austrália,2023,8,1957.1,1963.139,1966.38,2023-05-14 20:16:22
MXP,Sendai,Japão,2023,4,1966.34,1983.68,1988.45,2023-05-14 20:16:22
MXP,Christchurch,Nova Zelândia,2023,7,1970.73,1971.3763636363635,1971.59,2023-05-14 20:16:22
MXP,Bandar Seri Begawan,Brunei,2023,2,1972.82,1984.4450000000002,1987.695,2023-05-14 20:16:22
MXP,Kralendijk,Países Baixos Caribenhos,2023,12,1978.11,1983.0581818181818,1983.37,2023-05-14 20:16:22
MXP,Hobart,Austrália,2023,2,1978.94,2048.1133333333332,2070.56,2023-05-14 20:16:22
MXP,Nosy Be,Madagáscar,2023,2,1985.58,1985.58,1985.58,2023-05-14 20:16:22
MXP,Gustávia,São Bartolomeu,2023,12,1996.56,2035.2051515151516,2042.53,2023-05-14 20:16:22
MXP,Basseterre,São Cristóvão e Neves,2023,3,2000.3,2003.385,2003.385,2023-05-14 20:16:22
MXP,Wellington,Nova Zelândia,2023,4,2000.87,2092.5204166666667,2070.325,2023-05-14 20:16:22
MXP,Rarotonga,Ilhas Cook,2023,9,2001.02,2091.4944444444445,2098.81,2023-05-14 20:16:22
MXP,Bydgoszcz,Polónia,2023,8,2003.3,2007.416,2010.16,2023-05-14 20:16:22
MXP,Christchurch,Nova Zelândia,2023,4,2006.12,2144.487391304348,2201.99,2023-05-14 20:16:22
MXP,Sydney,Austrália,2023,8,2007.22,2007.22,2007.22,2023-05-14 20:16:22
MXP,Newcastle,Austrália,2023,9,2009.65,2120.736956521739,2133.99,2023-05-14 20:16:22
MXP,Road Town,Ilhas Virgens Britânicas,2023,7,2010.89,2013.967142857143,2010.89,2023-05-14 20:16:22
MXP,Scarborough,Trinidad e Tobago,2023,12,2019.89,2055.7439999999997,2024.78,2023-05-14 20:16:22
MXP,Apia,Samoa,2023,9,2023.87,2035.7949999999996,2039.13,2023-05-14 20:16:22
MXP,Vieques,Porto Rico,2023,6,2023.9,2024.8022222222223,2024.74,2023-05-14 20:16:22
MXP,Port Lincoln,Austrália,2023,5,2027.11,2042.9366666666667,2039.93,2023-05-14 20:16:22
MXP,Bonito,Brasil,2023,2,2032.72,2032.795,2032.795,2023-05-14 20:16:22
MXP,Port Lincoln,Austrália,2023,9,2038.84,2084.46,2040.76,2023-05-14 20:16:22
MXP,Vancouver,Canadá,2023,12,2043.4,2043.4,2043.4,2023-05-14 20:16:22
MXP,Georgetown,Guiana,2023,4,2045.05,2045.05,2045.05,2023-05-14 20:16:22
MXP,Yantai,China,2023,7,2046.84,2048.8987500000003,2047.68,2023-05-14 20:16:22
MXP,Nantong,China,2023,8,2047.18,2050.2391666666667,2047.27,2023-05-14 20:16:22
MXP,Learmonth,Austrália,2023,12,2048.86,2058.8144444444447,2063.68,2023-05-14 20:16:22
MXP,Hamilton Island,Austrália,2023,9,2049.76,2075.0983333333334,2085.98,2023-05-14 20:16:22
MXP,Ipatinga,Brasil,2023,4,2051.73,2056.483333333333,2058.65,2023-05-14 20:16:22
MXP,Puerto Escondido,México,2023,8,2052.09,2060.5950000000003,2063.9,2023-05-14 20:16:22
MXP,Whyalla,Austrália,2023,9,2052.12,2198.4466666666667,2309.78,2023-05-14 20:16:22
MXP,Wellington,Nova Zelândia,2023,7,2056.25,2310.9216666666666,2108.325,2023-05-14 20:16:22
MXP,Owensboro,Estados Unidos,2023,9,2058.6,2067.9244444444444,2067.71,2023-05-14 20:16:22
MXP,Jaguaruna,Brasil,2023,2,2058.94,2059.2128571428575,2059.01,2023-05-14 20:16:22
MXP,Vaitape,Polinésia Francesa,2023,2,2063.35,2894.0875,2894.3,2023-05-14 20:16:22
MXP,Numêá,Nova Caledónia,2023,2,2064.19,2073.905,2073.32,2023-05-14 20:16:22
MXP,Hobart,Austrália,2023,7,2065.1,2072.4440000000004,2072.38,2023-05-14 20:16:22
MXP,Learmonth,Austrália,2023,5,2067.71,2141.7285,2141.3450000000003,2023-05-14 20:16:22
MXP,Coolangatta,Austrália,2023,12,2068.53,2076.739,2077.53,2023-05-14 20:16:22
MXP,Hobart,Austrália,2023,8,2069.22,2070.4908333333333,2070.56,2023-05-14 20:16:22
MXP,Kalgoorlie-Boulder,Austrália,2023,5,2070.43,2076.233,2076.13,2023-05-14 20:16:22
MXP,Apia,Samoa,2023,6,2072.28,2414.1063636363633,2444.56,2023-05-14 20:16:22
MXP,Penticton,Canadá,2023,5,2073.98,2076.752727272727,2074.87,2023-05-14 20:16:22
MXP,Ushuaia,Argentina,2023,4,2075.82,2299.2285714285713,2081.11,2023-05-14 20:16:22
MXP,Camberra,Austrália,2023,8,2078.75,2119.394761904762,2089.5,2023-05-14 20:16:22
MXP,Alice Springs,Austrália,2023,9,2079.71,2097.109,2097.9849999999997,2023-05-14 20:16:22
MXP,Cairns,Austrália,2023,6,2081.25,2145.1407142857142,2150.5,2023-05-14 20:16:22
MXP,Toyooka,Japão,2023,7,2094.56,2099.054,2102.05,2023-05-14 20:16:22
MXP,Francistown,Botsuana,2023,8,2103.85,2112.632222222222,2113.01,2023-05-14 20:16:22
MXP,Cabo Frio,Brasil,2023,9,2106.43,2107.193333333333,2106.48,2023-05-14 20:16:22
MXP,San Carlos DeBariloche,Argentina,2023,2,2111.22,2115.8399999999997,2117.74,2023-05-14 20:16:22
MXP,El Aiune,Sara Ocidental,2023,7,2115.96,2132.6355555555556,2120.45,2023-05-14 20:16:22
MXP,Taichung,Taiwan,2023,12,2117.3,2121.4255555555555,2124.19,2023-05-14 20:16:22
MXP,Labuan Bajo,Indonésia,2023,4,2123.11,2123.11,2123.11,2023-05-14 20:16:22
MXP,Vaitape,Polinésia Francesa,2023,11,2124.89,2205.2426923076923,2166.6,2023-05-14 20:16:22
MXP,Baton Rouge,Estados Unidos,2023,9,2127.18,2134.77,2134.77,2023-05-14 20:16:22
MXP,Kingscote,Austrália,2023,9,2128.47,2139.7055555555553,2138.87,2023-05-14 20:16:22
MXP,Queenstown,Nova Zelândia,2023,4,2129.36,2136.859090909091,2136.54,2023-05-14 20:16:22
MXP,Maroochydore,Austrália,2023,6,2138.48,2276.573,2309.4849999999997,2023-05-14 20:16:22
MXP,Rarotonga,Ilhas Cook,2023,10,2143.33,2153.5190909090907,2155.69,2023-05-14 20:16:22
MXP,San Cristobal,Equador,2023,7,2151.94,3137.3645161290324,3414.08,2023-05-14 20:16:22
MXP,Christchurch,Nova Zelândia,2023,3,2152.75,2157.005,2156.1800000000003,2023-05-14 20:16:22
MXP,Aomori,Japão,2023,4,2157.71,2176.7445454545455,2181.98,2023-05-14 20:16:22
MXP,Mérida,México,2023,12,2163.35,2176.117777777778,2183.38,2023-05-14 20:16:22
MXP,Melbourne,Austrália,2023,12,2164.49,2196.6855555555553,2217.99,2023-05-14 20:16:22
MXP,Vaitape,Polinésia Francesa,2023,6,2164.67,2821.7324561403507,2603.45,2023-05-14 20:16:22
MXP,Vaitape,Polinésia Francesa,2023,10,2168.27,2345.6749999999997,2331.415,2023-05-14 20:16:22
MXP,Vaitape,Polinésia Francesa,2024,1,2172.09,2173.4225,2172.125,2023-05-14 20:16:22
MXP,Tiputa,Polinésia Francesa,2023,11,2172.82,2176.8450000000003,2177.06,2023-05-14 20:16:22
MXP,Baltra,Equador,2023,12,2173.23,2176.9333333333334,2176.175,2023-05-14 20:16:22
MXP,Yeosu,Coreia do Sul,2023,6,2173.56,2175.566,2174.49,2023-05-14 20:16:22
MXP,Coolangatta,Austrália,2023,7,2174.52,2177.3266666666664,2179.06,2023-05-14 20:16:22
MXP,Roxas City,Filipinas,2023,4,2178.17,2183.779090909091,2183.97,2023-05-14 20:16:22
MXP,Vaitape,Polinésia Francesa,2024,2,2179.95,2188.2844444444445,2190.55,2023-05-14 20:16:22
MXP,Vaitape,Polinésia Francesa,2023,5,2187.15,2799.656338028169,2338.32,2023-05-14 20:16:22
MXP,Baltra,Equador,2023,8,2189.49,2508.855,2629.12,2023-05-14 20:16:22
MXP,Numêá,Nova Caledónia,2023,12,2192.57,2218.55,2193.04,2023-05-14 20:16:22
MXP,Vaitape,Polinésia Francesa,2023,4,2194.59,2550.9067391304347,2238.5,2023-05-14 20:16:22
MXP,Saint George.s,Granada,2024,1,2195.37,2204.014,2206.04,2023-05-14 20:16:22
MXP,Kasane,Botsuana,2023,7,2197.2,2201.813333333333,2204.12,2023-05-14 20:16:22
MXP,Camberra,Austrália,2023,7,2197.22,2197.7949999999996,2197.91,2023-05-14 20:16:22
MXP,Proserpine,Austrália,2023,6,2204.41,2208.41875,2204.41,2023-05-14 20:16:22
MXP,Maroochydore,Austrália,2023,2,2220.61,2506.236666666667,2220.78,2023-05-14 20:16:22
MXP,Raiatea,Polinésia Francesa,2023,8,2232.13,2242.2609090909095,2248.19,2023-05-14 20:16:22
MXP,Nelson (Nova Zelândia),Nova Zelândia,2023,3,2238.11,2750.9114285714286,2943.72,2023-05-14 20:16:22
MXP,Sohag,Egito,2023,10,2238.66,2246.6736363636364,2249.52,2023-05-14 20:16:22
MXP,Assiut,Egito,2023,10,2239.59,2247.6036363636363,2250.45,2023-05-14 20:16:22
MXP,Libreville,Gabão,2023,12,2243.17,2245.7122222222224,2244.1,2023-05-14 20:16:22
MXP,Vaitape,Polinésia Francesa,2023,3,2249.4,3654.5212500000002,2348.95,2023-05-14 20:16:22
MXP,Kilindoni,Tanzânia,2023,2,2251.01,2253.6855555555553,2254.02,2023-05-14 20:16:22
MXP,Punta Arenas,Chile,2023,8,2262.46,2268.80125,2263.69,2023-05-14 20:16:22
MXP,Maupiti,Polinésia Francesa,2023,11,2268.52,2280.488888888889,2281.96,2023-05-14 20:16:22
MXP,Suva,Fiji,2023,3,2269.21,4861.26,4550.39,2023-05-14 20:16:22
MXP,Broome,Austrália,2023,5,2272.13,2278.5060000000003,2278.39,2023-05-14 20:16:22
MXP,Vaitape,Polinésia Francesa,2023,7,2278.63,2864.9184615384615,2586.6400000000003,2023-05-14 20:16:22
MXP,Fakarava,Polinésia Francesa,2023,5,2281.56,2287.1349999999998,2288.72,2023-05-14 20:16:22
MXP,Pereira,Colômbia,2023,2,2281.87,2299.05,2299.38,2023-05-14 20:16:22
MXP,Toyooka,Japão,2023,5,2289.74,2304.0026315789473,2306.21,2023-05-14 20:16:22
MXP,Wellington,Nova Zelândia,2023,2,2294.8,2326.8518181818185,2299.82,2023-05-14 20:16:22
MXP,Hohhot,China,2023,8,2300.18,2300.4133333333334,2300.25,2023-05-14 20:16:22
MXP,Kalibo,Filipinas,2023,4,2304.97,2310.908181818182,2311.11,2023-05-14 20:16:22
MXP,Launceston,Austrália,2023,2,2310.74,2316.912,2317.7,2023-05-14 20:16:22
MXP,Port Vila,Vanuatu,2023,6,2314.16,2315.490909090909,2315.77,2023-05-14 20:16:22
MXP,Cidade Antiga de Lijiang,China,2023,1,2314.77,2316.8766666666666,2317.77,2023-05-14 20:16:22
MXP,Raiatea,Polinésia Francesa,2023,9,2315.94,2321.9654545454546,2324.37,2023-05-14 20:16:22
MXP,Qionghai,China,2023,10,2317.53,2317.53,2317.53,2023-05-14 20:16:22
MXP,Gustávia,São Bartolomeu,2023,8,2326.19,2327.395,2327.395,2023-05-14 20:16:22
MXP,Geraldton,Austrália,2023,4,2331.2,2331.2,2331.2,2023-05-14 20:16:22
MXP,Camberra,Austrália,2023,12,2331.48,2335.255,2335.255,2023-05-14 20:16:22
MXP,Rio Grande,Argentina,2023,7,2333.63,2336.41,2336.41,2023-05-14 20:16:22
MXP,Maupiti,Polinésia Francesa,2023,9,2333.83,2333.83,2333.83,2023-05-14 20:16:22
MXP,San Carlos DeBariloche,Argentina,2023,12,2335.22,2339.365,2339.365,2023-05-14 20:16:22
MXP,I Fadang,Marianas do Norte,2023,7,2336.54,2339.335,2339.73,2023-05-14 20:16:22
MXP,Broome,Austrália,2023,4,2339.68,2458.7086666666664,2515.0,2023-05-14 20:16:22
MXP,Rarotonga,Ilhas Cook,2023,8,2343.51,2607.1748484848486,2579.92,2023-05-14 20:16:22
MXP,Toyooka,Japão,2023,4,2344.69,2514.308333333333,2546.1,2023-05-14 20:16:22
MXP,Fakarava,Polinésia Francesa,2023,2,2347.76,2350.525,2350.525,2023-05-14 20:16:22
MXP,Mount Gambier,Austrália,2023,3,2350.47,2361.752727272727,2362.77,2023-05-14 20:16:22
MXP,Maupiti,Polinésia Francesa,2023,10,2351.13,2362.694,2363.7349999999997,2023-05-14 20:16:22
MXP,Tikehau,Polinésia Francesa,2023,10,2356.78,2436.016666666667,2483.44,2023-05-14 20:16:22
MXP,Pellston,Estados Unidos,2023,7,2357.75,2357.75,2357.75,2023-05-14 20:16:22
MXP,Burnie,Austrália,2023,3,2361.69,2366.8489999999997,2364.14,2023-05-14 20:16:22
MXP,Kingscote,Austrália,2023,3,2368.51,2377.1233333333334,2375.64,2023-05-14 20:16:22
MXP,Lafayette,Estados Unidos,2023,7,2370.46,2381.7233333333334,2381.85,2023-05-14 20:16:22
MXP,Vaitape,Polinésia Francesa,2023,9,2372.28,2648.2534,2436.4,2023-05-14 20:16:22
MXP,Rosario,Argentina,2023,4,2373.21,2373.21,2373.21,2023-05-14 20:16:22
MXP,Karratha,Austrália,2023,5,2375.02,2378.2016666666664,2378.77,2023-05-14 20:16:22
MXP,Hervey Bay,Austrália,2023,2,2376.68,2387.036,2390.52,2023-05-14 20:16:22
MXP,Vaitape,Polinésia Francesa,2023,8,2384.1,3341.118,3197.96,2023-05-14 20:16:22
MXP,Suva,Fiji,2023,5,2388.29,2841.5016666666666,3194.485,2023-05-14 20:16:22
MXP,Cairns,Austrália,2023,8,2396.25,2424.6392307692304,2402.0,2023-05-14 20:16:22
MXP,Rockhampton,Austrália,2023,2,2398.22,2400.51125,2399.21,2023-05-14 20:16:22
MXP,Tiputa,Polinésia Francesa,2023,10,2400.9,2409.7166666666667,2400.9,2023-05-14 20:16:22
MXP,Rarotonga,Ilhas Cook,2023,5,2415.76,2821.44,2982.35,2023-05-14 20:16:22
MXP,El Calafate,Argentina,2023,5,2415.8,2418.4144444444446,2419.61,2023-05-14 20:16:22
MXP,Geraldton,Austrália,2023,12,2422.96,2434.7355555555555,2440.49,2023-05-14 20:16:22
MXP,San Carlos DeBariloche,Argentina,2023,7,2427.0,2787.811666666667,2844.32,2023-05-14 20:16:22
MXP,Vaitape,Polinésia Francesa,2023,12,2435.01,3032.418823529412,2460.96,2023-05-14 20:16:22
MXP,San Pedro Town,Belize,2023,4,2452.35,2454.1945454545453,2453.36,2023-05-14 20:16:22
MXP,Darwin,Austrália,2023,8,2459.62,2464.334,2465.52,2023-05-14 20:16:22
MXP,Sendai,Japão,2023,2,2466.81,2472.705,2473.48,2023-05-14 20:16:22
MXP,Tikehau,Polinésia Francesa,2023,5,2467.9,2487.1755555555555,2483.52,2023-05-14 20:16:22
MXP,Queenstown,Nova Zelândia,2023,12,2468.68,2471.9790909090907,2469.74,2023-05-14 20:16:22
MXP,Mount Gambier,Austrália,2023,9,2469.83,2512.157619047619,2535.41,2023-05-14 20:16:22
MXP,Feira de Santana,Brasil,2024,2,2478.55,2481.7342857142858,2482.85,2023-05-14 20:16:22
MXP,Tijuana,México,2023,7,2491.92,2655.801904761905,2532.33,2023-05-14 20:16:22
MXP,Tiputa,Polinésia Francesa,2023,9,2495.93,2496.13,2496.13,2023-05-14 20:16:22
MXP,Cockburn Town,Ilhas Turcas e Caicos,2023,4,2500.44,7136.383499999999,7361.74,2023-05-14 20:16:22
MXP,Albany,Austrália,2023,2,2503.65,2510.371,2513.415,2023-05-14 20:16:22
MXP,Sanya,China,2023,11,2504.03,2508.292222222222,2507.45,2023-05-14 20:16:22
MXP,Mahajanga,Madagáscar,2023,7,2505.83,2540.9192000000003,2532.13,2023-05-14 20:16:22
MXP,San José del Cabo,México,2023,11,2516.39,2522.186,2526.05,2023-05-14 20:16:22
MXP,Maupiti,Polinésia Francesa,2023,6,2517.49,2520.9011111111113,2523.41,2023-05-14 20:16:22
MXP,Santa Cruz da Graciosa,Portugal,2023,7,2522.71,2527.3416666666667,2528.23,2023-05-14 20:16:22
MXP,Antsiranana,Madagáscar,2023,7,2526.05,2547.4195238095235,2534.27,2023-05-14 20:16:22
MXP,Parauapebas,Brasil,2023,3,2528.46,2532.76,2534.21,2023-05-14 20:16:22
MXP,Porto Plata,República Dominicana,2023,12,2535.37,2536.128333333333,2536.47,2023-05-14 20:16:22
MXP,Apia,Samoa,2023,5,2536.75,2752.6336842105266,2909.46,2023-05-14 20:16:22
MXP,Ushuaia,Argentina,2023,2,2563.48,3032.183571428571,3220.78,2023-05-14 20:16:22
MXP,San Luis,Argentina,2023,2,2568.78,2569.5,2569.59,2023-05-14 20:16:22
MXP,Hilo,Estados Unidos,2023,3,2574.42,2585.3025000000002,2591.82,2023-05-14 20:16:22
MXP,Rarotonga,Ilhas Cook,2023,4,2579.36,2743.4058333333337,2587.75,2023-05-14 20:16:22
MXP,Kralendijk,Países Baixos Caribenhos,2023,4,2583.77,2583.77,2583.77,2023-05-14 20:16:22
MXP,Coolangatta,Austrália,2023,2,2586.26,2748.4833333333336,2586.45,2023-05-14 20:16:22
MXP,Ixtapa,México,2023,11,2600.02,2606.5709090909095,2607.15,2023-05-14 20:16:22
MXP,Taichung,Taiwan,2023,2,2604.48,2604.48,2604.48,2023-05-14 20:16:22
MXP,Port Elizabeth,África do Sul,2023,12,2605.46,3809.8903076923075,3789.8,2023-05-14 20:16:22
MXP,The Valley,Anguila,2023,7,2607.75,2612.577,2612.835,2023-05-14 20:16:22
MXP,Nanchong,China,2023,4,2608.2,2618.6169999999997,2618.26,2023-05-14 20:16:22
MXP,Numêá,Nova Caledónia,2023,6,2612.5,2620.4775,2625.2,2023-05-14 20:16:22
MXP,El Calafate,Argentina,2023,9,2612.76,2620.3055555555557,2624.48,2023-05-14 20:16:22
MXP,San Cristobal,Equador,2023,12,2613.62,2700.7715,2636.165,2023-05-14 20:16:22
MXP,Port Vila,Vanuatu,2023,5,2631.82,2633.953,2633.685,2023-05-14 20:16:22
MXP,Szymany,Polónia,2023,7,2632.54,2642.2033333333334,2632.54,2023-05-14 20:16:22
MXP,Lincoln,Estados Unidos,2023,4,2642.44,2946.640263157895,3020.53,2023-05-14 20:16:22
MXP,Hong Kong,Hong Kong,2023,8,2651.75,2651.75,2651.75,2023-05-14 20:16:22
MXP,Hilo,Estados Unidos,2023,4,2657.34,2660.5375,2659.84,2023-05-14 20:16:22
MXP,Cali,Colômbia,2023,12,2662.92,2662.92,2662.92,2023-05-14 20:16:22
MXP,Darwin,Austrália,2023,2,2677.47,2690.6554545454546,2695.57,2023-05-14 20:16:22
MXP,San Carlos DeBariloche,Argentina,2024,1,2687.24,2687.24,2687.24,2023-05-14 20:16:22
MXP,Apia,Samoa,2023,3,2689.46,3021.0074999999997,3084.245,2023-05-14 20:16:22
MXP,Assiut,Egito,2023,6,2689.56,2693.159090909091,2690.72,2023-05-14 20:16:22
MXP,Toyama,Japão,2023,5,2692.44,2692.44,2692.44,2023-05-14 20:16:22
MXP,New Plymouth,Nova Zelândia,2023,4,2698.39,2709.784,2708.625,2023-05-14 20:16:22
MXP,Tauranga,Nova Zelândia,2023,7,2710.82,2718.42,2718.28,2023-05-14 20:16:22
MXP,Blenheim,Nova Zelândia,2023,7,2722.4,2722.635,2722.635,2023-05-14 20:16:22
MXP,Tiputa,Polinésia Francesa,2023,8,2724.47,3170.132105263158,3532.97,2023-05-14 20:16:22
MXP,Nagóia,Japão,2024,4,2730.23,2735.566153846154,2737.27,2023-05-14 20:16:22
MXP,Yellowknife,Canadá,2023,3,2743.71,2749.6355555555556,2749.68,2023-05-14 20:16:22
MXP,San Cristobal,Equador,2023,8,2746.15,3259.57,3317.28,2023-05-14 20:16:22
MXP,Christchurch,Nova Zelândia,2023,2,2758.07,2765.8325,2769.21,2023-05-14 20:16:22
MXP,Invercargill,Nova Zelândia,2023,5,2781.59,2789.565,2790.64,2023-05-14 20:16:22
MXP,Ixtapa,México,2023,5,2801.78,2801.885,2801.885,2023-05-14 20:16:22
MXP,João Pessoa,Brasil,2023,4,2806.98,2806.98,2806.98,2023-05-14 20:16:22
MXP,Port Lincoln,Austrália,2023,3,2808.65,2866.350909090909,2823.17,2023-05-14 20:16:22
MXP,Shenzhen,China,2023,1,2817.72,2819.773333333333,2817.72,2023-05-14 20:16:22
MXP,Suva,Fiji,2023,11,2823.92,2825.6549999999997,2825.09,2023-05-14 20:16:22
MXP,Vishakhapatnam,Índia,2023,2,2824.68,2841.1463636363637,2843.78,2023-05-14 20:16:22
MXP,Grand-Case,São Martinho (Saint-Martin),2024,1,2828.97,2832.7554545454545,2830.19,2023-05-14 20:16:22
MXP,Wellington,Nova Zelândia,2023,1,2845.28,2845.28,2845.28,2023-05-14 20:16:22
MXP,Newcastle,Austrália,2023,2,2870.83,2870.83,2870.83,2023-05-14 20:16:22
MXP,Nelson (Nova Zelândia),Nova Zelândia,2023,4,2884.2,2884.2,2884.2,2023-05-14 20:16:22
MXP,Ciudad del Carmen,México,2023,8,2887.38,2894.43875,2896.45,2023-05-14 20:16:22
MXP,Toyooka,Japão,2023,3,2929.64,2929.64,2929.64,2023-05-14 20:16:22
MXP,Cairns,Austrália,2023,2,2950.1,2960.383333333333,2958.6949999999997,2023-05-14 20:16:22
MXP,Grand Rapids,Estados Unidos,2023,11,2959.06,2963.81,2963.1,2023-05-14 20:16:22
MXP,Darwin,Austrália,2023,6,2971.63,2973.685,2972.245,2023-05-14 20:16:22
MXP,Mossoró,Brasil,2023,5,2990.26,3009.866666666667,3012.9,2023-05-14 20:16:22
MXP,Kununurra,Austrália,2023,4,2992.94,3007.6549999999997,3008.98,2023-05-14 20:16:22
MXP,Rarotonga,Ilhas Cook,2023,6,3012.02,3012.02,3012.02,2023-05-14 20:16:22
MXP,Hilo,Estados Unidos,2023,6,3036.6,3047.7475,3042.86,2023-05-14 20:16:22
MXP,Roswell,Estados Unidos,2023,7,3049.84,3065.6042857142857,3071.91,2023-05-14 20:16:22
MXP,Maseru,Lesoto,2023,3,3067.88,3079.766,3079.825,2023-05-14 20:16:22
MXP,Bandar Seri Begawan,Brunei,2023,9,3108.5,3117.705,3121.215,2023-05-14 20:16:22
MXP,Antsiranana,Madagáscar,2023,8,3117.75,3127.1536363636365,3132.67,2023-05-14 20:16:22
MXP,Lihue,Estados Unidos,2023,6,3119.7,3119.8959999999997,3119.7,2023-05-14 20:16:22
MXP,Christchurch,Nova Zelândia,2023,1,3179.81,3183.4489999999996,3183.965,2023-05-14 20:16:22
MXP,Port Vila,Vanuatu,2023,8,3180.52,3187.5750000000003,3184.86,2023-05-14 20:16:22
MXP,Tucson,Estados Unidos,2023,12,3204.68,3225.223,3226.375,2023-05-14 20:16:22
MXP,Kerikeri,Nova Zelândia,2023,2,3208.3,3214.191666666667,3215.32,2023-05-14 20:16:22
MXP,Dillingham,Estados Unidos,2023,6,3232.37,3235.374444444444,3235.73,2023-05-14 20:16:22
MXP,Walvis Bay,Namíbia,2023,11,3244.52,3244.52,3244.52,2023-05-14 20:16:22
MXP,Fare,Polinésia Francesa,2023,8,3256.32,3258.971666666667,3258.59,2023-05-14 20:16:22
MXP,Invercargill,Nova Zelândia,2023,3,3262.71,3262.71,3262.71,2023-05-14 20:16:22
MXP,Apia,Samoa,2023,2,3295.01,3300.143,3299.99,2023-05-14 20:16:22
MXP,Apia,Samoa,2023,4,3302.3,3318.5370000000003,3320.0,2023-05-14 20:16:22
MXP,Tikehau,Polinésia Francesa,2023,8,3341.85,3341.85,3341.85,2023-05-14 20:16:22
MXP,Maupiti,Polinésia Francesa,2023,8,3351.51,3370.358571428572,3367.76,2023-05-14 20:16:22
MXP,Maroochydore,Austrália,2023,7,3374.39,3376.655,3374.42,2023-05-14 20:16:22
MXP,Savusavu,Fiji,2023,8,3377.67,4601.3150000000005,4928.24,2023-05-14 20:16:22
MXP,Veneza,Itália,2024,1,3490.2,3503.2125,3507.55,2023-05-14 20:16:22
MXP,Tiputa,Polinésia Francesa,2023,4,3516.54,3533.2955555555554,3532.69,2023-05-14 20:16:22
MXP,Quito,Equador,2023,12,3541.2,3541.1999999999994,3541.2,2023-05-14 20:16:22
MXP,Ilha de Páscoa,Chile,2023,8,3564.43,3716.1664705882354,3835.95,2023-05-14 20:16:22
MXP,Spokane,Estados Unidos,2023,6,3628.04,3635.4610000000002,3634.925,2023-05-14 20:16:22
MXP,Suva,Fiji,2023,6,3643.7,3650.1463636363637,3652.12,2023-05-14 20:16:22
MXP,Rarotonga,Ilhas Cook,2023,3,3683.72,3683.72,3683.72,2023-05-14 20:16:22
MXP,Ilha de Páscoa,Chile,2023,4,3709.94,4440.505833333334,4358.32,2023-05-14 20:16:22
MXP,Suva,Fiji,2023,4,3713.69,3718.62,3714.18,2023-05-14 20:16:22
MXP,San Cristobal,Equador,2023,10,3750.35,3760.1322222222225,3766.95,2023-05-14 20:16:22
MXP,Chennai,Índia,2023,10,3793.38,3802.9166666666665,3793.38,2023-05-14 20:16:22
MXP,Cruz,Brasil,2023,2,3837.54,3838.796363636364,3839.21,2023-05-14 20:16:22
MXP,State College,Estados Unidos,2023,4,3879.56,3882.467777777778,3879.81,2023-05-14 20:16:22
MXP,Ushuaia,Argentina,2023,9,3923.71,3935.042222222222,3941.31,2023-05-14 20:16:22
MXP,Cabo Frio,Brasil,2023,2,3925.64,3925.64,3925.64,2023-05-14 20:16:22
MXP,Honiara,Ilhas Salomão,2023,2,3959.85,3968.7149999999997,3973.2,2023-05-14 20:16:22
MXP,Kotzebue,Estados Unidos,2023,4,4026.9,4039.508888888889,4031.83,2023-05-14 20:16:22
MXP,Mar del Plata,Argentina,2023,5,4085.68,4108.187,4109.9349999999995,2023-05-14 20:16:22
MXP,Mar del Plata,Argentina,2023,4,4087.82,4095.428999999999,4094.9799999999996,2023-05-14 20:16:22
MXP,Deadman's Cay,Bahamas,2023,5,4118.6,4123.486,4123.21,2023-05-14 20:16:22
MXP,Bahia Blanca,Argentina,2023,5,4146.28,4169.121,4170.895,2023-05-14 20:16:22
MXP,Ilha de Páscoa,Chile,2023,1,4168.59,4168.745,4168.745,2023-05-14 20:16:22
MXP,Mar del Plata,Argentina,2023,9,4175.92,4179.801111111111,4180.26,2023-05-14 20:16:22
MXP,Ilha de Páscoa,Chile,2023,3,4197.72,4197.72,4197.72,2023-05-14 20:16:22
MXP,Monastir,Tunísia,2023,12,4225.39,4225.39,4225.39,2023-05-14 20:16:22
MXP,Comodoro Rivadavia,Argentina,2023,5,4294.43,4300.849999999999,4294.62,2023-05-14 20:16:22
MXP,Lae,Papua Nova Guiné,2023,4,4300.56,4321.706,4323.610000000001,2023-05-14 20:16:22
MXP,Lebanon,Estados Unidos,2023,2,4307.13,4316.7775,4321.66,2023-05-14 20:16:22
MXP,Chengdu,China,2023,7,4344.59,4345.8237500000005,4344.64,2023-05-14 20:16:22
MXP,Ha Long,Vietname,2023,3,4601.8,4606.97125,4609.78,2023-05-14 20:16:22
MXP,Puerto Iguazú,Argentina,2023,3,4623.06,4623.06,4623.06,2023-05-14 20:16:22
MXP,Camberra,Austrália,2023,3,4770.74,5210.034736842105,4780.94,2023-05-14 20:16:22
MXP,Mar del Plata,Argentina,2023,8,4841.04,4842.444545454546,4841.09,2023-05-14 20:16:22
MXP,Nadi,Fiji,2024,4,4891.38,4891.38,4891.38,2023-05-14 20:16:22
MXP,Patna,Índia,2023,2,4957.45,4986.342727272727,4990.96,2023-05-14 20:16:22
MXP,Cordova,Estados Unidos,2023,4,4985.71,4993.4,4993.4,2023-05-14 20:16:22
MXP,Taveuni Island,Fiji,2023,11,5207.77,5214.756666666666,5214.52,2023-05-14 20:16:22
MXP,Labasa,Fiji,2023,8,5274.36,5293.232727272727,5291.9,2023-05-14 20:16:22
MXP,Savusavu,Fiji,2023,6,5339.42,5348.867272727272,5351.76,2023-05-14 20:16:22
MXP,Qionghai,China,2023,5,5394.5,5398.351818181818,5397.68,2023-05-14 20:16:22
MXP,Porto Alegre,Brasil,2023,12,5477.86,5482.1722222222215,5479.58,2023-05-14 20:16:22
MXP,Alotau,Papua Nova Guiné,2023,3,5582.13,5592.376666666667,5594.34,2023-05-14 20:16:22
MXP,Bundaberg,Austrália,2023,2,5626.71,5651.23,5659.48,2023-05-14 20:16:22
MXP,Alotau,Papua Nova Guiné,2023,11,5680.9,5714.2325,5716.18,2023-05-14 20:16:22
MXP,Lethbridge,Canadá,2023,4,5701.32,5711.268999999999,5712.68,2023-05-14 20:16:22
MXP,Suva,Fiji,2023,9,5720.26,5720.26,5720.26,2023-05-14 20:16:22
MXP,Adak Island,Estados Unidos,2023,4,5791.32,5809.453333333334,5798.41,2023-05-14 20:16:22
MXP,Savusavu,Fiji,2023,9,5792.94,5792.94,5792.94,2023-05-14 20:16:22
MXP,Virgin Gorda,Ilhas Virgens Britânicas,2023,2,5811.89,5822.555,5824.6,2023-05-14 20:16:22
MXP,Rabaul,Papua Nova Guiné,2023,5,5899.28,5905.636363636364,5899.34,2023-05-14 20:16:22
MXP,Culebra,Porto Rico,2023,4,6090.26,6096.4525,6094.415,2023-05-14 20:16:22
MXP,Surakarta,Indonésia,2023,2,6537.61,6537.61,6537.61,2023-05-14 20:16:22
MXP,Popondetta,Papua Nova Guiné,2023,3,6607.46,6638.830909090909,6618.84,2023-05-14 20:16:22
MXP,Virgin Gorda,Ilhas Virgens Britânicas,2023,5,6609.91,6611.714999999999,6609.98,2023-05-14 20:16:22
MXP,Flores,Guatemala,2023,4,6693.72,6700.4675,6696.49,2023-05-14 20:16:22
MXP,Suva,Fiji,2023,2,6740.1,6752.468333333333,6754.84,2023-05-14 20:16:22
MXP,Labasa,Fiji,2023,2,6774.1,6786.535,6788.92,2023-05-14 20:16:22
MXP,Sidney,Estados Unidos,2023,4,6792.16,6825.045833333334,6822.53,2023-05-14 20:16:22
MXP,Flores,Guatemala,2023,8,6794.32,6806.79,6809.18,2023-05-14 20:16:22
MXP,Savusavu,Fiji,2023,2,6808.11,6820.6033333333335,6823.0,2023-05-14 20:16:22
MXP,Virgin Gorda,Ilhas Virgens Britânicas,2023,4,6846.32,6881.556363636363,6879.77,2023-05-14 20:16:22
MXP,Madang,Papua Nova Guiné,2023,4,6861.68,7003.33076923077,6911.33,2023-05-14 20:16:22
MXP,Pierre,Estados Unidos,2023,4,6935.58,6966.483636363637,6966.59,2023-05-14 20:16:22
MXP,Numêá,Nova Caledónia,2023,8,6946.34,6946.34,6946.34,2023-05-14 20:16:22
MXP,Cockburn Town,Ilhas Turcas e Caicos,2023,6,7040.74,7056.602500000001,7057.02,2023-05-14 20:16:22
MXP,Cockburn Harbour,Ilhas Turcas e Caicos,2023,6,7064.51,7075.85125,7074.15,2023-05-14 20:16:22
MXP,Niigata,Japão,2023,7,7084.44,7160.083636363636,7150.02,2023-05-14 20:16:22
MXP,Kwajalein,Ilhas Marshall,2023,4,7193.07,7202.727777777778,7202.79,2023-05-14 20:16:22
MXP,Labasa,Fiji,2023,6,7231.33,7244.130909090909,7248.05,2023-05-14 20:16:22
MXP,Majuro,Ilhas Marshall,2023,4,7298.99,7307.6900000000005,7307.6900000000005,2023-05-14 20:16:22
MXP,Virgin Gorda,Ilhas Virgens Britânicas,2023,12,7530.05,7562.975483870968,7566.2,2023-05-14 20:16:22
MXP,Koror,Palau,2023,8,7597.47,7614.67125,7622.49,2023-05-14 20:16:22
MXP,Cockburn Town,Ilhas Turcas e Caicos,2023,7,7629.28,7658.28,7662.48,2023-05-14 20:16:22
MXP,Cockburn Town,Ilhas Turcas e Caicos,2023,3,7629.71,7818.4325,7919.3,2023-05-14 20:16:22
MXP,Newcastle,São Cristóvão e Neves,2023,4,7670.15,7684.223333333332,7686.92,2023-05-14 20:16:22
MXP,Tikehau,Polinésia Francesa,2023,6,7968.59,8011.947,8011.605,2023-05-14 20:16:22
MXP,Kwajalein,Ilhas Marshall,2023,7,7970.81,7979.075384615384,7974.11,2023-05-14 20:16:22
MXP,Alotau,Papua Nova Guiné,2023,8,8020.7,8055.656,8067.42,2023-05-14 20:16:22
MXP,Tsushima,Japão,2023,4,8057.0,9626.056,10645.47,2023-05-14 20:16:22
MXP,Cockburn Town,Ilhas Turcas e Caicos,2023,12,8384.62,8393.878,8395.035,2023-05-14 20:16:22
MXP,Port Vila,Vanuatu,2024,2,8550.32,8552.653999999999,8550.41,2023-05-14 20:16:22
MXP,Kwajalein,Ilhas Marshall,2023,8,9023.98,9029.722,9027.695,2023-05-14 20:16:22
MXP,Majuro,Ilhas Marshall,2023,11,9109.37,9118.5525,9113.14,2023-05-14 20:16:22
MXP,Nanyang,China,2023,4,9441.43,9441.43,9441.43,2023-05-14 20:16:22
MXP,Hiroshima,Japão,2023,3,9637.97,9694.663333333334,9694.11,2023-05-14 20:16:22
MXP,Koror,Palau,2023,3,10078.69,10084.524545454546,10079.02,2023-05-14 20:16:22
MXP,Virgin Gorda,Ilhas Virgens Britânicas,2023,3,13465.85,13470.698999999999,13471.71,2023-05-14 20:16:22
