CityOrigin,City,Country,year_depart,month_depart,minPrice,meanPrice,medianPrice,timestamp
MXP,Londres,Reino Unido,2023,3,13.81,25.502298136645962,20.24,2023-04-07 14:14:10
MXP,Nápoles,Itália,2023,3,16.56,34.89557377049181,32.65,2023-04-07 14:14:10
MXP,Londres,Reino Unido,2023,1,16.58,16.58,16.58,2023-04-07 14:14:10
MXP,Londres,Reino Unido,2023,2,17.47,20.987777777777776,21.46,2023-04-07 14:14:10
MXP,Lamezia Terme,Itália,2023,3,18.62,29.985149253731343,29.045,2023-04-07 14:14:10
MXP,Bucareste,Roménia,2023,3,19.3,55.791428571428575,51.89,2023-04-07 14:14:10
MXP,Brindisi,Itália,2023,2,19.3,36.846000000000004,26.71,2023-04-07 14:14:10
MXP,Catânia,Itália,2023,2,19.3,25.4795,26.67,2023-04-07 14:14:10
MXP,Nápoles,Itália,2023,2,19.3,32.24913043478261,26.67,2023-04-07 14:14:10
MXP,Lamezia Terme,Itália,2023,5,19.31,28.14510638297872,28.56,2023-04-07 14:14:10
MXP,Olbia,Itália,2023,6,19.67,55.1756338028169,47.7,2023-04-07 14:14:10
MXP,Catânia,Itália,2023,5,20.23,34.10219178082192,32.96,2023-04-07 14:14:10
MXP,Aarhus,Dinamarca,2023,1,21.12,35.712857142857146,21.15,2023-04-07 14:14:10
MXP,Londres,Reino Unido,2023,5,21.22,33.58597826086957,30.645000000000003,2023-04-07 14:14:10
MXP,Palma de Maiorca,Espanha,2023,5,21.4,43.109032258064516,39.83,2023-04-07 14:14:10
MXP,Palermo,Itália,2023,3,21.54,38.166393442622955,28.295,2023-04-07 14:14:10
MXP,Budapeste,Hungria,2023,3,22.03,58.51,50.445,2023-04-07 14:14:10
MXP,Bari,Itália,2023,5,22.24,29.337441860465116,29.06,2023-04-07 14:14:10
MXP,Málaga,Espanha,2023,3,22.37,53.848045977011495,45.07,2023-04-07 14:14:10
MXP,Bari,Itália,2023,3,22.43,79.1,34.05,2023-04-07 14:14:10
MXP,Catânia,Itália,2023,4,22.77,49.066111111111105,37.980000000000004,2023-04-07 14:14:10
MXP,Catânia,Itália,2023,3,23.0,31.54934640522876,29.03,2023-04-07 14:14:10
MXP,Palma de Maiorca,Espanha,2023,3,23.15,34.2716393442623,28.81,2023-04-07 14:14:10
MXP,Palma de Maiorca,Espanha,2023,4,23.2,31.946901408450703,30.35,2023-04-07 14:14:10
MXP,Palermo,Itália,2023,4,23.9,40.815555555555555,36.6,2023-04-07 14:14:10
MXP,Lamezia Terme,Itália,2023,6,23.99,36.52969696969697,30.44,2023-04-07 14:14:10
MXP,Manchester,Reino Unido,2023,3,24.23,70.75650943396226,52.24,2023-04-07 14:14:10
MXP,Barcelona,Espanha,2023,3,24.35,38.65073170731708,33.510000000000005,2023-04-07 14:14:10
MXP,Viena,Áustria,2023,5,24.69,37.34298507462687,34.52,2023-04-07 14:14:10
MXP,Brindisi,Itália,2023,3,24.79,40.0731914893617,38.54,2023-04-07 14:14:10
MXP,Palermo,Itália,2023,2,24.79,28.451875,26.665,2023-04-07 14:14:10
MXP,Cagliari,Itália,2023,3,24.82,38.546176470588236,36.53,2023-04-07 14:14:10
MXP,Cagliari,Itália,2023,2,24.82,31.023636363636363,30.82,2023-04-07 14:14:10
MXP,Bari,Itália,2023,2,24.85,40.97222222222222,26.69,2023-04-07 14:14:10
MXP,Lamezia Terme,Itália,2023,4,24.94,48.163888888888884,30.37,2023-04-07 14:14:10
MXP,Porto,Portugal,2023,5,25.43,48.25642857142857,40.305,2023-04-07 14:14:10
MXP,Podgorica,Montenegro,2023,2,25.53,52.60516129032258,32.26,2023-04-07 14:14:10
MXP,Viena,Áustria,2023,6,25.74,94.58959999999999,41.51,2023-04-07 14:14:10
MXP,Lamezia Terme,Itália,2023,2,25.74,27.746785714285714,26.69,2023-04-07 14:14:10
MXP,Barcelona,Espanha,2023,5,25.75,42.208414634146344,39.03,2023-04-07 14:14:10
MXP,Podgorica,Montenegro,2023,4,25.75,136.00477272727272,153.185,2023-04-07 14:14:10
MXP,Bari,Itália,2023,8,25.75,32.51857142857143,35.1,2023-04-07 14:14:10
MXP,Barcelona,Espanha,2023,4,25.83,45.90888888888889,38.11,2023-04-07 14:14:10
MXP,Algueiro,Itália,2023,5,25.93,37.3315873015873,37.38,2023-04-07 14:14:10
MXP,Barcelona,Espanha,2023,10,25.93,36.47538461538461,39.9,2023-04-07 14:14:10
MXP,Aarhus,Dinamarca,2023,4,26.02,137.44813559322034,107.0,2023-04-07 14:14:10
MXP,Podgorica,Montenegro,2023,3,26.12,138.51788732394365,157.26,2023-04-07 14:14:10
MXP,Bari,Itália,2023,6,26.52,37.30843137254902,31.64,2023-04-07 14:14:10
MXP,Manchester,Reino Unido,2023,2,26.61,89.122,55.31,2023-04-07 14:14:10
MXP,Palermo,Itália,2023,5,26.66,35.06390804597701,32.96,2023-04-07 14:14:10
MXP,Barcelona,Espanha,2023,2,26.68,40.229285714285716,39.55,2023-04-07 14:14:10
MXP,Málaga,Espanha,2023,5,26.69,54.80263157894737,55.63,2023-04-07 14:14:10
MXP,Bucareste,Roménia,2023,2,26.71,56.45944444444444,44.635000000000005,2023-04-07 14:14:10
MXP,Cagliari,Itália,2023,4,26.79,42.80016666666666,37.34,2023-04-07 14:14:10
MXP,Nápoles,Itália,2023,6,26.79,38.44714285714286,36.25,2023-04-07 14:14:10
MXP,Bari,Itália,2023,4,27.06,50.96211538461539,33.835,2023-04-07 14:14:10
MXP,Viena,Áustria,2023,3,27.13,48.454552845528454,41.49,2023-04-07 14:14:10
MXP,Alicante,Espanha,2023,5,27.44,48.48025641025641,42.885,2023-04-07 14:14:10
MXP,Porto,Portugal,2023,3,27.53,59.614382022471915,46.72,2023-04-07 14:14:10
MXP,Catânia,Itália,2023,10,27.84,32.180588235294124,32.21,2023-04-07 14:14:10
MXP,Cracóvia,Polónia,2023,3,27.99,100.39779816513762,76.29,2023-04-07 14:14:10
MXP,Algueiro,Itália,2023,3,28.2,47.73603174603174,39.83,2023-04-07 14:14:10
MXP,Algueiro,Itália,2023,4,28.21,45.927582417582414,40.12,2023-04-07 14:14:10
MXP,Bilbau,Espanha,2023,6,28.35,105.97931506849315,91.56,2023-04-07 14:14:10
MXP,Budapeste,Hungria,2023,5,28.38,68.28090909090909,65.14,2023-04-07 14:14:10
MXP,Budapeste,Hungria,2023,2,28.56,48.238571428571426,45.09,2023-04-07 14:14:10
MXP,Cagliari,Itália,2023,5,28.56,37.33152777777778,37.22,2023-04-07 14:14:10
MXP,Paris,França,2023,5,29.14,47.480625,44.945,2023-04-07 14:14:10
MXP,Budapeste,Hungria,2023,4,29.65,72.19735294117648,53.69,2023-04-07 14:14:10
MXP,Londres,Reino Unido,2023,4,29.86,50.321999999999996,46.65,2023-04-07 14:14:10
MXP,Palma de Maiorca,Espanha,2023,6,30.1,44.39204081632653,41.18,2023-04-07 14:14:10
MXP,Málaga,Espanha,2023,6,30.27,70.22052631578947,63.93,2023-04-07 14:14:10
MXP,Praga,República Checa,2023,2,30.33,38.924,39.61,2023-04-07 14:14:10
MXP,Escópia,Macedónia do Norte,2023,5,30.34,132.18942857142858,156.96,2023-04-07 14:14:10
MXP,Praga,República Checa,2023,3,30.73,57.29819672131148,48.33,2023-04-07 14:14:10
MXP,Praga,República Checa,2023,4,30.87,53.69457142857143,48.32,2023-04-07 14:14:10
MXP,Palermo,Itália,2023,10,31.02,39.557,38.04,2023-04-07 14:14:10
MXP,Paris,França,2023,9,31.03,49.37576923076923,46.53,2023-04-07 14:14:10
MXP,Brindisi,Itália,2023,5,31.1,40.7638,38.69,2023-04-07 14:14:10
MXP,Pristina,Kosovo,2023,2,31.2,126.44534482758621,84.285,2023-04-07 14:14:10
MXP,Bruxelas,Bélgica,2023,2,31.25,61.8678947368421,66.25,2023-04-07 14:14:10
MXP,Viena,Áustria,2023,2,31.25,47.69608695652174,39.57,2023-04-07 14:14:10
MXP,Budapeste,Hungria,2023,1,31.25,31.296666666666667,31.32,2023-04-07 14:14:10
MXP,Nápoles,Itália,2023,5,31.26,36.871818181818185,34.79,2023-04-07 14:14:10
MXP,Nápoles,Itália,2023,4,31.8,44.62708333333333,37.599999999999994,2023-04-07 14:14:10
MXP,Nápoles,Itália,2023,8,31.91,38.329,39.980000000000004,2023-04-07 14:14:10
MXP,Viena,Áustria,2023,4,31.97,51.840857142857146,44.18,2023-04-07 14:14:10
MXP,Nápoles,Itália,2023,7,32.01,36.437,37.205,2023-04-07 14:14:10
MXP,Bari,Itália,2023,9,32.24,39.2825,39.56,2023-04-07 14:14:10
MXP,Málaga,Espanha,2023,10,32.25,39.82857142857143,37.73,2023-04-07 14:14:10
MXP,Barcelona,Espanha,2023,6,32.47,49.00685714285714,49.68,2023-04-07 14:14:10
MXP,Luqa,Malta,2023,5,32.88,62.404315789473685,54.54,2023-04-07 14:14:10
MXP,Luqa,Malta,2023,4,33.1,64.13673913043478,62.27,2023-04-07 14:14:10
MXP,Atenas,Grécia,2023,3,33.11,67.90473684210527,60.73,2023-04-07 14:14:10
MXP,Lisboa,Portugal,2023,3,33.16,57.688013698630144,51.79,2023-04-07 14:14:10
MXP,Bari,Itália,2023,10,33.2,1663.4233333333332,33.2,2023-04-07 14:14:10
MXP,Málaga,Espanha,2023,9,33.25,51.83428571428571,54.25,2023-04-07 14:14:10
MXP,Luxemburgo,Luxemburgo,2023,3,33.35,73.33428571428571,48.51,2023-04-07 14:14:10
MXP,Podgorica,Montenegro,2023,5,33.64,107.80607142857143,115.28,2023-04-07 14:14:10
MXP,Bruxelas,Bélgica,2023,3,33.67,71.91071428571429,65.29,2023-04-07 14:14:10
MXP,Palermo,Itália,2023,6,33.69,58.44869565217391,49.82,2023-04-07 14:14:10
MXP,Praga,República Checa,2023,6,33.69,57.03733333333333,49.5,2023-04-07 14:14:10
MXP,Londres,Reino Unido,2023,6,33.75,44.982,43.37,2023-04-07 14:14:10
MXP,Olbia,Itália,2023,7,33.87,48.52148148148149,46.65,2023-04-07 14:14:10
MXP,Barcelona,Espanha,2023,9,33.93,39.82,40.455,2023-04-07 14:14:10
MXP,Praga,República Checa,2023,8,34.01,37.93222222222222,39.47,2023-04-07 14:14:10
MXP,Lampedusa,Itália,2023,3,34.01,63.917886178861785,41.24,2023-04-07 14:14:10
MXP,Brindisi,Itália,2023,4,34.02,48.86,42.095,2023-04-07 14:14:10
MXP,Palma de Maiorca,Espanha,2023,10,34.13,67.175,47.474999999999994,2023-04-07 14:14:10
MXP,Zadar,Croácia,2023,6,34.13,99.73100000000001,63.205,2023-04-07 14:14:10
MXP,Catânia,Itália,2023,9,34.45,48.736000000000004,35.78,2023-04-07 14:14:10
MXP,Bilbau,Espanha,2023,4,34.59,166.93632352941177,149.15,2023-04-07 14:14:10
MXP,Viena,Áustria,2023,7,34.72,46.3135,38.68,2023-04-07 14:14:10
MXP,Comiso,Itália,2023,4,34.75,76.89859649122808,49.45,2023-04-07 14:14:10
MXP,Cagliari,Itália,2023,6,34.76,44.83111111111111,43.3,2023-04-07 14:14:10
MXP,Bruxelas,Bélgica,2023,4,34.85,93.1413043478261,91.85,2023-04-07 14:14:10
MXP,Valência,Espanha,2023,5,34.93,52.19271739130434,44.7,2023-04-07 14:14:10
MXP,Paris,França,2023,3,35.0,48.70953488372093,49.69,2023-04-07 14:14:10
MXP,Luxemburgo,Luxemburgo,2023,4,35.36,99.34104761904761,78.39,2023-04-07 14:14:10
MXP,Paris,França,2023,4,35.36,51.86756756756756,50.76,2023-04-07 14:14:10
MXP,Tallin,Estónia,2023,3,35.39,142.51794520547944,112.26,2023-04-07 14:14:10
MXP,Ibiza,Espanha,2023,4,35.45,47.033154362416106,40.94,2023-04-07 14:14:10
MXP,Pristina,Kosovo,2023,4,35.45,157.29440860215053,121.36,2023-04-07 14:14:10
MXP,Bacau,Roménia,2023,5,35.54,75.54729999999999,53.32,2023-04-07 14:14:10
MXP,Luqa,Malta,2023,9,35.87,59.84214285714285,56.535,2023-04-07 14:14:10
MXP,Algueiro,Itália,2023,2,35.89,42.666,40.94,2023-04-07 14:14:10
MXP,Brindisi,Itália,2023,10,35.98,36.0,36.0,2023-04-07 14:14:10
MXP,Madrid,Espanha,2023,3,36.25,71.80550000000001,64.23,2023-04-07 14:14:10
MXP,Berlim,Alemanha,2023,3,36.34,85.80166666666666,85.16,2023-04-07 14:14:10
MXP,Londres,Reino Unido,2023,9,36.38,42.4525,39.53,2023-04-07 14:14:10
MXP,Alicante,Espanha,2023,10,36.39,49.27142857142858,36.56,2023-04-07 14:14:10
MXP,Alicante,Espanha,2023,3,36.44,96.30363636363636,62.855000000000004,2023-04-07 14:14:10
MXP,Madrid,Espanha,2023,5,36.74,53.83563218390805,47.4,2023-04-07 14:14:10
MXP,Ibiza,Espanha,2023,6,36.77,66.67708333333333,57.965,2023-04-07 14:14:10
MXP,Lampedusa,Itália,2023,4,36.85,60.2640206185567,37.73,2023-04-07 14:14:10
MXP,Brindisi,Itália,2023,6,37.06,54.964615384615385,52.345,2023-04-07 14:14:10
MXP,Quichinau,Moldávia,2023,3,37.25,126.41933333333333,99.95,2023-04-07 14:14:10
MXP,Paris,França,2023,6,37.5,51.03212121212121,49.25,2023-04-07 14:14:10
MXP,Praga,República Checa,2023,5,37.6,53.61573333333333,51.66,2023-04-07 14:14:10
MXP,Luxemburgo,Luxemburgo,2023,2,37.62,66.33222222222223,48.86,2023-04-07 14:14:10
MXP,Berlim,Alemanha,2023,1,37.68,51.482000000000006,37.77,2023-04-07 14:14:10
MXP,Dublin,Irlanda,2023,3,37.74,64.18976,52.81,2023-04-07 14:14:10
MXP,Budapeste,Hungria,2023,6,37.77,94.03870967741935,70.91,2023-04-07 14:14:10
MXP,Split,Croácia,2023,6,37.98,133.7418918918919,142.14,2023-04-07 14:14:10
MXP,Brindisi,Itália,2023,9,38.04,53.897777777777776,47.04,2023-04-07 14:14:10
MXP,Barcelona,Espanha,2023,7,38.31,54.480000000000004,46.405,2023-04-07 14:14:10
MXP,Comiso,Itália,2023,5,38.35,45.38011627906977,43.99,2023-04-07 14:14:10
MXP,Praga,República Checa,2023,9,38.4,42.715999999999994,40.375,2023-04-07 14:14:10
MXP,Londres,Reino Unido,2023,12,38.54,38.54,38.54,2023-04-07 14:14:10
MXP,Zadar,Croácia,2023,8,38.54,96.67960264900663,69.14,2023-04-07 14:14:10
MXP,Madrid,Espanha,2023,6,38.61,50.63933333333333,41.769999999999996,2023-04-07 14:14:10
MXP,Málaga,Espanha,2023,4,38.62,89.29833333333333,62.89,2023-04-07 14:14:10
MXP,Valência,Espanha,2023,2,38.62,59.49730769230769,43.14,2023-04-07 14:14:10
MXP,Corfú,Grécia,2023,6,38.91,70.22100558659217,60.38,2023-04-07 14:14:10
MXP,Olbia,Itália,2023,3,39.03,88.0916,60.79,2023-04-07 14:14:10
MXP,Comiso,Itália,2023,3,39.08,53.762750000000004,44.525,2023-04-07 14:14:10
MXP,Bilbau,Espanha,2023,5,39.08,116.36093023255815,94.69,2023-04-07 14:14:10
MXP,Olbia,Itália,2023,5,39.09,50.89906976744186,50.73,2023-04-07 14:14:10
MXP,Ibiza,Espanha,2023,5,39.14,62.66903225806452,54.63,2023-04-07 14:14:10
MXP,Olbia,Itália,2023,4,39.18,77.27142857142857,52.885000000000005,2023-04-07 14:14:10
MXP,Manchester,Reino Unido,2023,4,39.21,102.72943181818182,83.03999999999999,2023-04-07 14:14:10
MXP,Bordéus,França,2023,6,39.34,96.83200000000001,98.64,2023-04-07 14:14:10
MXP,Luqa,Malta,2023,6,39.57,93.17628571428571,68.17,2023-04-07 14:14:10
MXP,Viena,Áustria,2023,1,39.61,39.61,39.61,2023-04-07 14:14:10
MXP,Alicante,Espanha,2023,4,40.04,130.28617021276597,86.04,2023-04-07 14:14:10
MXP,Berlim,Alemanha,2023,6,40.12,54.920370370370364,50.81,2023-04-07 14:14:10
MXP,Luqa,Malta,2023,3,40.22,75.5628947368421,56.035,2023-04-07 14:14:10
MXP,Alicante,Espanha,2023,6,40.24,73.56076923076922,53.38,2023-04-07 14:14:10
MXP,Paris,França,2023,12,40.31,40.31,40.31,2023-04-07 14:14:10
MXP,Berlim,Alemanha,2023,5,40.37,63.53170731707318,55.34,2023-04-07 14:14:10
MXP,Berlim,Alemanha,2023,10,40.42,55.31666666666666,58.185,2023-04-07 14:14:10
MXP,Atenas,Grécia,2023,6,40.44,79.63172413793104,70.25,2023-04-07 14:14:10
MXP,Tirana,Albânia,2023,5,40.44,55.724,54.82,2023-04-07 14:14:10
MXP,Alicante,Espanha,2023,2,40.44,65.14,49.1,2023-04-07 14:14:10
MXP,Madrid,Espanha,2023,2,40.44,46.20909090909091,42.37,2023-04-07 14:14:10
MXP,Cagliari,Itália,2023,10,40.44,42.82142857142857,40.5,2023-04-07 14:14:10
MXP,Madrid,Espanha,2023,4,40.46,69.3327027027027,67.83,2023-04-07 14:14:10
MXP,Alicante,Espanha,2023,7,40.47,87.19739130434782,76.79,2023-04-07 14:14:10
MXP,Lisboa,Portugal,2023,2,40.47,45.575,44.88,2023-04-07 14:14:10
MXP,Algueiro,Itália,2023,9,40.49,54.355000000000004,46.004999999999995,2023-04-07 14:14:10
MXP,Manchester,Reino Unido,2023,5,40.53,82.545,81.22,2023-04-07 14:14:10
MXP,Zadar,Croácia,2023,7,40.55,74.51238636363637,65.92,2023-04-07 14:14:10
MXP,Cracóvia,Polónia,2023,4,40.56,106.2889,82.7,2023-04-07 14:14:10
MXP,Nápoles,Itália,2023,9,40.67,47.075,47.075,2023-04-07 14:14:10
MXP,La Corunha,Espanha,2023,5,40.95,135.72954545454547,96.57,2023-04-07 14:14:10
MXP,Valência,Espanha,2023,6,41.15,73.814,50.57,2023-04-07 14:14:10
MXP,Luqa,Malta,2023,10,41.15,50.666666666666664,52.66,2023-04-07 14:14:10
MXP,Cagliari,Itália,2023,9,41.36,66.87,66.87,2023-04-07 14:14:10
MXP,Marraquexe,Marrocos,2023,3,41.36,71.20634146341463,63.974999999999994,2023-04-07 14:14:10
MXP,Palma de Maiorca,Espanha,2023,9,41.38,47.558,43.21,2023-04-07 14:14:10
MXP,Bari,Itália,2023,7,41.49,55.476,49.18,2023-04-07 14:14:10
MXP,Porto,Portugal,2023,4,41.69,121.50117647058823,74.49,2023-04-07 14:14:10
MXP,Marraquexe,Marrocos,2023,5,41.75,77.57727272727273,70.58,2023-04-07 14:14:10
MXP,Algueiro,Itália,2023,6,41.94,58.931875,53.475,2023-04-07 14:14:10
MXP,Tirana,Albânia,2023,4,42.09,65.75061224489797,59.85,2023-04-07 14:14:10
MXP,Porto,Portugal,2023,2,42.28,80.135,61.144999999999996,2023-04-07 14:14:10
MXP,Bucareste,Roménia,2023,5,42.31,85.58269565217391,67.34,2023-04-07 14:14:10
MXP,Catânia,Itália,2023,6,42.38,57.57416666666666,55.32,2023-04-07 14:14:10
MXP,Porto,Portugal,2023,6,42.38,76.30758620689656,71.66,2023-04-07 14:14:10
MXP,Arrecife,Espanha,2023,6,42.44,76.47073170731707,71.675,2023-04-07 14:14:10
MXP,Madrid,Espanha,2023,9,42.98,50.54666666666666,48.015,2023-04-07 14:14:10
MXP,Algueiro,Itália,2023,10,43.16,49.25,49.25,2023-04-07 14:14:10
MXP,La Corunha,Espanha,2023,4,43.2,159.3905263157895,143.59,2023-04-07 14:14:10
MXP,Cagliari,Itália,2023,7,43.38,73.9725,87.42,2023-04-07 14:14:10
MXP,Tirana,Albânia,2023,3,43.8,61.312716049382715,50.57,2023-04-07 14:14:10
MXP,Ibiza,Espanha,2023,3,44.04,55.8328125,54.290000000000006,2023-04-07 14:14:10
MXP,Dublin,Irlanda,2023,2,44.06,61.4,49.605000000000004,2023-04-07 14:14:10
MXP,Dublin,Irlanda,2023,1,44.12,45.794,45.06,2023-04-07 14:14:10
MXP,Valência,Espanha,2023,3,44.15,97.83755102040816,63.82,2023-04-07 14:14:10
MXP,Valência,Espanha,2023,4,44.18,77.14641509433962,65.51,2023-04-07 14:14:10
MXP,Comiso,Itália,2023,10,44.26,48.559333333333335,46.97,2023-04-07 14:14:10
MXP,Berlim,Alemanha,2023,4,44.67,86.45474576271187,82.29,2023-04-07 14:14:10
MXP,Olbia,Itália,2023,8,44.94,62.02057142857142,48.77,2023-04-07 14:14:10
MXP,Paris,França,2023,2,45.04,52.458181818181814,53.37,2023-04-07 14:14:10
MXP,Aarhus,Dinamarca,2023,3,45.07,235.3095652173913,193.61,2023-04-07 14:14:10
MXP,Viena,Áustria,2023,8,45.09,50.522000000000006,47.39,2023-04-07 14:14:10
MXP,Málaga,Espanha,2023,7,45.21,73.4496,57.24,2023-04-07 14:14:10
MXP,Paris,França,2024,3,45.25,45.355000000000004,45.355000000000004,2023-04-07 14:14:10
MXP,Praga,República Checa,2023,7,45.59,67.37454545454545,65.33,2023-04-07 14:14:10
MXP,Veneza,Itália,2023,3,45.59,141.23752293577982,82.72,2023-04-07 14:14:10
MXP,Sevilha,Espanha,2023,5,45.6,68.98789473684211,64.57,2023-04-07 14:14:10
MXP,Bacau,Roménia,2023,3,45.63,114.32323529411765,54.32,2023-04-07 14:14:10
MXP,Lampedusa,Itália,2023,5,45.63,136.2853125,66.37,2023-04-07 14:14:10
MXP,Madrid,Espanha,2023,8,45.77,61.188,71.32,2023-04-07 14:14:10
MXP,Comiso,Itália,2023,9,45.78,78.22333333333334,78.21000000000001,2023-04-07 14:14:10
MXP,Cracóvia,Polónia,2023,2,45.96,90.84575757575757,81.98,2023-04-07 14:14:10
MXP,Mahón,Espanha,2023,6,46.06,100.10641791044776,94.63,2023-04-07 14:14:10
MXP,Funchal,Portugal,2023,3,46.06,87.50559633027524,83.75,2023-04-07 14:14:10
MXP,Tirana,Albânia,2023,6,46.12,78.74614035087718,54.87,2023-04-07 14:14:10
MXP,Zadar,Croácia,2023,9,46.2,95.82166666666667,50.685,2023-04-07 14:14:10
MXP,La Corunha,Espanha,2023,6,46.3,98.57939393939394,75.27,2023-04-07 14:14:10
MXP,Palermo,Itália,2023,9,46.39,48.1,48.1,2023-04-07 14:14:10
MXP,Valência,Espanha,2023,7,46.52,86.342,67.58500000000001,2023-04-07 14:14:10
MXP,Paris,França,2023,10,46.64,50.22,46.99,2023-04-07 14:14:10
MXP,Poznań,Polónia,2023,3,46.76,126.79719626168223,93.11,2023-04-07 14:14:10
MXP,Telavive,Israel,2023,3,46.79,89.8560576923077,80.48500000000001,2023-04-07 14:14:10
MXP,Copenhaga,Dinamarca,2023,5,46.83,79.35953488372093,69.88499999999999,2023-04-07 14:14:10
MXP,Copenhaga,Dinamarca,2023,4,46.83,91.76,81.81,2023-04-07 14:14:10
MXP,Cracóvia,Polónia,2023,5,46.99,86.1359090909091,85.025,2023-04-07 14:14:10
MXP,Paris,França,2023,11,47.04,47.0425,47.04,2023-04-07 14:14:10
MXP,Comiso,Itália,2023,6,47.09,88.93810810810811,71.04,2023-04-07 14:14:10
MXP,Alicante,Espanha,2023,9,47.45,116.90636363636364,63.44,2023-04-07 14:14:10
MXP,Sevilha,Espanha,2023,4,47.49,104.95932584269661,80.24,2023-04-07 14:14:10
MXP,Bacau,Roménia,2023,4,47.65,132.12206896551723,82.53,2023-04-07 14:14:10
MXP,Valência,Espanha,2023,8,47.7,89.21375,75.28,2023-04-07 14:14:10
MXP,Tallin,Estónia,2023,2,47.76,144.4758823529412,133.445,2023-04-07 14:14:10
MXP,Atenas,Grécia,2023,5,47.85,73.27971830985915,64.74,2023-04-07 14:14:10
MXP,Valência,Espanha,2023,10,47.96,53.835,53.835,2023-04-07 14:14:10
MXP,Marraquexe,Marrocos,2023,4,48.09,91.6875,68.91,2023-04-07 14:14:10
MXP,Lárnaca,Chipre,2023,5,48.46,131.65403225806452,131.95,2023-04-07 14:14:10
MXP,Amã,Jordânia,2024,2,48.47,54.04333333333333,56.83,2023-04-07 14:14:10
MXP,Sevilha,Espanha,2023,6,48.67,96.0562962962963,94.87,2023-04-07 14:14:10
MXP,Dublin,Irlanda,2023,5,48.7,78.67383333333333,73.785,2023-04-07 14:14:10
MXP,Tirana,Albânia,2023,2,48.71,59.37416666666667,50.61,2023-04-07 14:14:10
MXP,Algueiro,Itália,2023,7,48.82,60.69916666666666,59.92,2023-04-07 14:14:10
MXP,Alicante,Espanha,2023,1,48.82,48.82,48.82,2023-04-07 14:14:10
MXP,Atenas,Grécia,2023,4,48.88,105.18652173913043,95.42,2023-04-07 14:14:10
MXP,Amã,Jordânia,2024,1,49.07,56.66090909090909,49.32,2023-04-07 14:14:10
MXP,Luqa,Malta,2023,1,49.63,49.63666666666666,49.63,2023-04-07 14:14:10
MXP,Lublin,Polónia,2023,3,49.63,151.04285714285714,120.66,2023-04-07 14:14:10
MXP,Bacau,Roménia,2023,2,49.66,106.86888888888889,80.02,2023-04-07 14:14:10
MXP,Edimburgo,Reino Unido,2023,3,50.03,80.64,65.185,2023-04-07 14:14:10
MXP,Porto,Portugal,2023,9,50.13,61.12111111111111,60.36,2023-04-07 14:14:10
MXP,Aarhus,Dinamarca,2023,2,50.15,101.86291666666666,65.18,2023-04-07 14:14:10
MXP,Podgorica,Montenegro,2023,7,50.18,127.37389830508475,131.82,2023-04-07 14:14:10
MXP,Roma,Itália,2023,3,50.18,66.35761904761904,61.67,2023-04-07 14:14:10
MXP,Ibiza,Espanha,2023,10,50.19,70.38,75.45,2023-04-07 14:14:10
MXP,Berlim,Alemanha,2023,7,50.46,67.94217391304348,61.87,2023-04-07 14:14:10
MXP,Sevilha,Espanha,2023,3,50.49,86.39687500000001,75.36500000000001,2023-04-07 14:14:10
MXP,Telavive,Israel,2023,2,50.5,68.56307692307692,74.75,2023-04-07 14:14:10
MXP,Palma de Maiorca,Espanha,2023,7,50.5,67.38909090909091,61.72,2023-04-07 14:14:10
MXP,Roma,Itália,2023,2,50.55,62.46476190476191,56.91,2023-04-07 14:14:10
MXP,Paris,França,2023,7,50.57,51.425,51.425,2023-04-07 14:14:10
MXP,Roma,Itália,2023,5,50.66,73.45984126984128,68.65,2023-04-07 14:14:10
MXP,Amã,Jordânia,2023,11,51.06,92.86355555555555,75.74,2023-04-07 14:14:10
MXP,Amã,Jordânia,2023,12,51.26,57.053333333333335,59.87,2023-04-07 14:14:10
MXP,Nápoles,Itália,2023,10,51.43,51.43,51.43,2023-04-07 14:14:10
MXP,Katovice,Polónia,2023,3,51.43,116.66056074766355,114.76,2023-04-07 14:14:10
MXP,Berlim,Alemanha,2023,8,51.44,60.76888888888888,59.74,2023-04-07 14:14:10
MXP,Amã,Jordânia,2023,2,51.47,114.59051724137932,104.295,2023-04-07 14:14:10
MXP,Luqa,Malta,2023,2,51.5,56.495,52.32,2023-04-07 14:14:10
MXP,Varsóvia,Polónia,2023,3,51.53,80.71094827586207,73.71,2023-04-07 14:14:10
MXP,Brindisi,Itália,2023,7,51.89,122.58599999999998,97.69,2023-04-07 14:14:10
MXP,Copenhaga,Dinamarca,2023,3,52.04,89.3248611111111,86.025,2023-04-07 14:14:10
MXP,Veneza,Itália,2023,2,52.3,120.68586206896552,89.25,2023-04-07 14:14:10
MXP,Lourdes,França,2023,4,52.32,143.08448275862068,103.39,2023-04-07 14:14:10
MXP,Arrecife,Espanha,2023,5,52.32,112.50649122807017,106.06,2023-04-07 14:14:10
MXP,Funchal,Portugal,2023,1,52.39,58.3975,58.42,2023-04-07 14:14:10
MXP,Atenas,Grécia,2023,7,52.4,95.89058823529412,92.68,2023-04-07 14:14:10
MXP,Sevilha,Espanha,2023,10,52.73,52.73,52.73,2023-04-07 14:14:10
MXP,Gdansk,Polónia,2023,3,52.88,103.22233766233767,73.7,2023-04-07 14:14:10
MXP,Escópia,Macedónia do Norte,2023,3,53.08,133.03,113.78,2023-04-07 14:14:10
MXP,Lourdes,França,2023,6,53.21,143.5364,168.31,2023-04-07 14:14:10
MXP,Granadilla de Abona,Espanha,2023,5,53.31,98.19025,102.195,2023-04-07 14:14:10
MXP,Santa Cruz de Tenerife,Espanha,2023,5,53.31,92.08640449438202,92.58,2023-04-07 14:14:10
MXP,Sófia,Bulgária,2023,3,53.31,119.65835051546392,84.75,2023-04-07 14:14:10
MXP,Roma,Itália,2023,1,53.43,53.43,53.43,2023-04-07 14:14:10
MXP,Lisboa,Portugal,2023,6,53.52,74.79179487179488,73.54,2023-04-07 14:14:10
MXP,Alicante,Espanha,2023,8,53.54,140.43,153.86,2023-04-07 14:14:10
MXP,Lisboa,Portugal,2023,12,53.57,54.53333333333333,53.81,2023-04-07 14:14:10
MXP,Luxemburgo,Luxemburgo,2023,5,53.77,96.22541666666666,77.07,2023-04-07 14:14:10
MXP,Bordéus,França,2023,4,53.79,136.28156862745098,124.69,2023-04-07 14:14:10
MXP,Birmingham,Reino Unido,2023,6,53.9,205.56153846153848,214.39,2023-04-07 14:14:10
MXP,Luxemburgo,Luxemburgo,2023,6,53.96,82.62571428571428,70.71,2023-04-07 14:14:10
MXP,Copenhaga,Dinamarca,2023,11,53.96,67.94875,55.705,2023-04-07 14:14:10
MXP,Berlim,Alemanha,2023,9,54.25,64.32208333333334,57.05500000000001,2023-04-07 14:14:10
MXP,Mahón,Espanha,2023,8,54.35,144.66666666666666,124.12,2023-04-07 14:14:10
MXP,Lisboa,Portugal,2023,5,54.52,74.40731707317073,67.92,2023-04-07 14:14:10
MXP,Tallin,Estónia,2023,12,54.63,129.56307692307692,128.94,2023-04-07 14:14:10
MXP,Pescara,Itália,2023,3,54.66,107.06837209302324,70.85,2023-04-07 14:14:10
MXP,Marsa Alam,Egito,2023,3,54.7,214.97262295081967,219.93,2023-04-07 14:14:10
MXP,Cracóvia,Polónia,2023,11,54.92,57.03666666666667,57.025000000000006,2023-04-07 14:14:10
MXP,Praga,República Checa,2023,11,55.05,55.18,55.05,2023-04-07 14:14:10
MXP,Las Palmas,Espanha,2023,3,55.05,88.5505504587156,83.16,2023-04-07 14:14:10
MXP,Atenas,Grécia,2023,1,55.15,55.15,55.15,2023-04-07 14:14:10
MXP,Lárnaca,Chipre,2023,3,55.17,90.63333333333333,82.125,2023-04-07 14:14:10
MXP,Budapeste,Hungria,2023,7,55.34,67.09071428571428,65.48,2023-04-07 14:14:10
MXP,Lisboa,Portugal,2023,11,55.34,62.29692307692308,61.59,2023-04-07 14:14:10
MXP,Santa Cruz de Tenerife,Espanha,2023,6,55.36,97.2330303030303,78.62,2023-04-07 14:14:10
MXP,Granadilla de Abona,Espanha,2023,6,55.36,108.9651219512195,90.7,2023-04-07 14:14:10
MXP,Amã,Jordânia,2023,3,55.46,137.44351851851852,117.47,2023-04-07 14:14:10
MXP,Atenas,Grécia,2023,9,55.55,80.56230769230768,76.56,2023-04-07 14:14:10
MXP,Faro,Portugal,2023,3,55.58,118.67539682539683,85.73,2023-04-07 14:14:10
MXP,Split,Croácia,2023,5,55.76,160.63771428571428,152.74,2023-04-07 14:14:10
MXP,Corfú,Grécia,2023,7,55.99,81.35171428571428,74.35,2023-04-07 14:14:10
MXP,Bordéus,França,2023,3,56.06,99.2739024390244,90.7,2023-04-07 14:14:10
MXP,Vilnius,Lituânia,2023,3,56.1,147.85731182795698,113.2,2023-04-07 14:14:10
MXP,Bremen,Alemanha,2023,3,56.11,174.37824324324325,166.895,2023-04-07 14:14:10
MXP,Oslo,Noruega,2023,3,56.13,109.65423913043479,84.72999999999999,2023-04-07 14:14:10
MXP,Toulouse,França,2023,3,56.13,110.32359550561797,94.76,2023-04-07 14:14:10
MXP,Nantes,França,2023,3,56.19,97.03048192771084,86.75,2023-04-07 14:14:10
MXP,Málaga,Espanha,2023,8,56.51,98.24,98.24,2023-04-07 14:14:10
MXP,Bristol,Reino Unido,2023,4,56.69,162.03284210526314,170.09,2023-04-07 14:14:10
MXP,Bacau,Roménia,2023,11,56.7,56.94833333333333,56.93,2023-04-07 14:14:10
MXP,Chania,Grécia,2023,10,56.91,89.91214285714285,66.76,2023-04-07 14:14:10
MXP,Bilbau,Espanha,2023,9,56.91,91.49624999999999,75.20500000000001,2023-04-07 14:14:10
MXP,Saragoça,Espanha,2023,3,57.03,146.48854166666666,129.06,2023-04-07 14:14:10
MXP,Míconos,Grécia,2023,6,57.11,89.65268907563025,73.4,2023-04-07 14:14:10
MXP,Marsa Alam,Egito,2023,5,57.44,165.43414634146342,170.19,2023-04-07 14:14:10
MXP,Arrecife,Espanha,2023,3,57.62,99.47869565217391,84.28,2023-04-07 14:14:10
MXP,Edimburgo,Reino Unido,2023,2,57.9,85.39750000000001,66.185,2023-04-07 14:14:10
MXP,Mahón,Espanha,2023,9,58.24,73.09777777777778,65.28,2023-04-07 14:14:10
MXP,Olbia,Itália,2023,9,58.28,72.57928571428572,64.57,2023-04-07 14:14:10
MXP,Katovice,Polónia,2023,2,58.55,134.71,99.97,2023-04-07 14:14:10
MXP,Kosice,Eslováquia,2023,3,58.71,159.00944444444445,180.47,2023-04-07 14:14:10
MXP,Podgorica,Montenegro,2023,6,58.86,103.94631578947369,76.63499999999999,2023-04-07 14:14:10
MXP,Comiso,Itália,2023,2,58.87,65.36,61.62,2023-04-07 14:14:10
MXP,Valência,Espanha,2023,9,59.05,64.8075,64.11500000000001,2023-04-07 14:14:10
MXP,Reiquiavique,Islândia,2023,3,59.11,115.139375,110.74,2023-04-07 14:14:10
MXP,Madrid,Espanha,2023,10,59.11,65.65599999999999,59.38,2023-04-07 14:14:10
MXP,La Corunha,Espanha,2023,7,59.26,131.29833333333332,65.275,2023-04-07 14:14:10
MXP,Castellón de la Plana,Espanha,2023,3,59.48,136.56461538461537,80.32,2023-04-07 14:14:10
MXP,Míconos,Grécia,2023,7,59.74,111.48776470588237,94.46,2023-04-07 14:14:10
MXP,Bilbau,Espanha,2023,8,59.79,141.2223529411765,153.89,2023-04-07 14:14:10
MXP,Dortmund,Alemanha,2023,3,59.79,315.4450877192982,187.58,2023-04-07 14:14:10
MXP,Santiago de Compostela,Espanha,2023,4,59.85,142.10960396039604,110.33,2023-04-07 14:14:10
MXP,Palma de Maiorca,Espanha,2023,8,59.87,88.864,83.83,2023-04-07 14:14:10
MXP,Pisa,Itália,2023,3,60.17,281.0840579710145,71.14,2023-04-07 14:14:10
MXP,Bordéus,França,2023,5,60.41,97.1457627118644,84.57,2023-04-07 14:14:10
MXP,Colónia,Alemanha,2023,5,60.49,86.21733333333333,82.185,2023-04-07 14:14:10
MXP,Hamburgo,Alemanha,2023,8,60.52,153.27800000000002,110.245,2023-04-07 14:14:10
MXP,Míconos,Grécia,2023,5,60.52,122.005,119.4,2023-04-07 14:14:10
MXP,Heraclião,Grécia,2023,6,60.52,112.97370967741935,95.7,2023-04-07 14:14:10
MXP,Marraquexe,Marrocos,2023,1,60.56,62.681999999999995,60.66,2023-04-07 14:14:10
MXP,Cork,Irlanda,2023,3,60.56,135.67072463768116,79.13,2023-04-07 14:14:10
MXP,Pristina,Kosovo,2023,3,60.57,236.6461971830986,208.15,2023-04-07 14:14:10
MXP,Toulouse,França,2023,2,60.57,168.14914285714286,152.73,2023-04-07 14:14:10
MXP,Marsa Alam,Egito,2023,1,60.58,73.146,63.795,2023-04-07 14:14:10
MXP,Poznań,Polónia,2023,1,60.66,143.494,85.66,2023-04-07 14:14:10
MXP,Mahón,Espanha,2023,3,60.69,122.51571428571427,94.82,2023-04-07 14:14:10
MXP,Berlim,Alemanha,2023,2,60.73,66.25,66.25,2023-04-07 14:14:10
MXP,Colónia,Alemanha,2023,3,60.78,115.18927083333334,95.42,2023-04-07 14:14:10
MXP,Heraclião,Grécia,2023,5,60.79,110.33533333333334,103.515,2023-04-07 14:14:10
MXP,Cluj,Roménia,2023,1,60.79,237.25,122.29,2023-04-07 14:14:10
MXP,Funchal,Portugal,2023,6,60.9,122.4929411764706,110.91,2023-04-07 14:14:10
MXP,Palermo,Itália,2023,7,61.13,93.615,93.615,2023-04-07 14:14:10
MXP,Poznań,Polónia,2023,2,61.14,187.89529411764707,133.41,2023-04-07 14:14:10
MXP,Zagreb,Croácia,2023,3,61.47,138.81153153153153,115.89,2023-04-07 14:14:10
MXP,Marsa Alam,Egito,2023,11,61.47,150.23692307692306,175.84,2023-04-07 14:14:10
MXP,Marsa Alam,Egito,2023,12,61.73,172.46875,188.22500000000002,2023-04-07 14:14:10
MXP,Amesterdão,Holanda,2023,6,61.82,89.88374999999999,86.28,2023-04-07 14:14:10
MXP,Santiago de Compostela,Espanha,2023,5,62.04,167.6096551724138,155.86,2023-04-07 14:14:10
MXP,Bacau,Roménia,2023,9,62.07,66.10499999999999,66.085,2023-04-07 14:14:10
MXP,Lourdes,França,2023,9,62.19,117.6246153846154,91.66,2023-04-07 14:14:10
MXP,Lisboa,Portugal,2023,10,62.24,74.96518518518518,73.8,2023-04-07 14:14:10
MXP,Fes,Marrocos,2023,5,62.27,126.9148148148148,116.14,2023-04-07 14:14:10
MXP,Manchester,Reino Unido,2023,9,62.27,62.27,62.27,2023-04-07 14:14:10
MXP,Riga,Letónia,2023,3,62.35,130.32555555555555,102.61,2023-04-07 14:14:10
MXP,Faro,Portugal,2023,5,62.35,88.96307692307693,84.475,2023-04-07 14:14:10
MXP,Cluj,Roménia,2023,2,62.5,138.19178571428571,130.775,2023-04-07 14:14:10
MXP,Corfú,Grécia,2023,9,62.51,83.78791666666667,64.36,2023-04-07 14:14:10
MXP,Copenhaga,Dinamarca,2023,10,62.52,63.545,63.545,2023-04-07 14:14:10
MXP,Bolonha,Itália,2023,3,62.54,459.09583333333336,107.55,2023-04-07 14:14:10
MXP,Billund,Dinamarca,2023,3,62.6,125.16964285714286,105.92,2023-04-07 14:14:10
MXP,Manchester,Reino Unido,2023,6,62.6,123.60857142857142,144.51,2023-04-07 14:14:10
MXP,Faro,Portugal,2023,10,63.0,80.02777777777777,76.97,2023-04-07 14:14:10
MXP,Míconos,Grécia,2023,9,63.0,85.28446153846153,84.59,2023-04-07 14:14:10
MXP,Nantes,França,2023,11,63.1,63.83941176470588,63.55,2023-04-07 14:14:10
MXP,Ibiza,Espanha,2023,9,63.19,80.495,77.50999999999999,2023-04-07 14:14:10
MXP,Santa Cruz de Tenerife,Espanha,2023,3,63.28,95.51472222222222,89.555,2023-04-07 14:14:10
MXP,Santiago de Compostela,Espanha,2023,3,63.28,126.30529411764707,103.61,2023-04-07 14:14:10
MXP,Granadilla de Abona,Espanha,2023,3,63.28,99.49639344262295,90.63,2023-04-07 14:14:10
MXP,Tallin,Estónia,2023,6,63.43,131.7759375,115.24000000000001,2023-04-07 14:14:10
MXP,Marselha,França,2023,3,63.47,112.8487323943662,96.34,2023-04-07 14:14:10
MXP,Turim,Itália,2023,3,63.53,338.45603448275864,80.465,2023-04-07 14:14:10
MXP,Mahón,Espanha,2023,10,63.54,69.94916666666667,67.83,2023-04-07 14:14:10
MXP,Karlsruhe,Alemanha,2023,3,63.6,146.3365306122449,118.47,2023-04-07 14:14:10
MXP,Bucareste,Roménia,2023,6,63.64,101.72384615384615,98.36,2023-04-07 14:14:10
MXP,Colónia,Alemanha,2023,4,64.03,105.14380952380952,84.115,2023-04-07 14:14:10
MXP,Mahón,Espanha,2023,5,64.05,124.94406976744186,107.015,2023-04-07 14:14:10
MXP,Frankfurt,Alemanha,2023,3,64.21,103.83886363636363,77.87,2023-04-07 14:14:10
MXP,Aarhus,Dinamarca,2023,6,64.35,187.74823529411765,65.06,2023-04-07 14:14:10
MXP,Faro,Portugal,2023,2,64.38,105.51444444444445,74.53,2023-04-07 14:14:10
MXP,Dublin,Irlanda,2023,4,64.39,136.14027777777778,108.08,2023-04-07 14:14:10
MXP,Mahón,Espanha,2023,7,64.39,84.19800000000001,78.4,2023-04-07 14:14:10
MXP,Zaquinto,Grécia,2023,9,64.41,148.8540350877193,140.99,2023-04-07 14:14:10
MXP,Kos,Grécia,2023,6,64.48,141.65176470588236,134.0,2023-04-07 14:14:10
MXP,Marraquexe,Marrocos,2023,6,64.48,84.5638888888889,80.71,2023-04-07 14:14:10
MXP,Ibiza,Espanha,2023,7,64.52,82.96925925925926,75.66,2023-04-07 14:14:10
MXP,Estocolmo,Suécia,2023,3,64.74,106.96936936936937,87.82,2023-04-07 14:14:10
MXP,Varsóvia,Polónia,2023,4,64.75,121.68625,119.08,2023-04-07 14:14:10
MXP,Tallin,Estónia,2023,10,64.81,128.506,129.56,2023-04-07 14:14:10
MXP,Las Palmas,Espanha,2023,5,64.85,96.36257142857143,87.28999999999999,2023-04-07 14:14:10
MXP,Santander,Espanha,2023,5,64.94,156.37134615384616,135.4,2023-04-07 14:14:10
MXP,Roma,Itália,2023,6,65.04,1000.521,510.82,2023-04-07 14:14:10
MXP,Sharm El Sheikh,Egito,2023,9,65.14,128.95945652173913,112.325,2023-04-07 14:14:10
MXP,Trieste,Itália,2023,2,65.14,715.0445454545454,262.41,2023-04-07 14:14:10
MXP,Karlsruhe,Alemanha,2023,1,65.26,65.26,65.26,2023-04-07 14:14:10
MXP,Ibiza,Espanha,2023,8,65.27,81.2096,82.49,2023-04-07 14:14:10
MXP,Copenhaga,Dinamarca,2023,9,65.3,73.22282051282052,71.94,2023-04-07 14:14:10
MXP,Breslavia,Polónia,2023,2,65.31,169.965625,149.87,2023-04-07 14:14:10
MXP,Ancona,Itália,2023,3,65.33,382.44972222222225,455.96,2023-04-07 14:14:10
MXP,Faro,Portugal,2023,9,65.35,102.36827586206896,89.04,2023-04-07 14:14:10
MXP,Arrecife,Espanha,2023,9,65.4,98.20473684210526,91.3,2023-04-07 14:14:10
MXP,Verona,Itália,2023,3,65.56,304.74611111111113,98.59,2023-04-07 14:14:10
MXP,Salónica,Grécia,2023,5,65.74,112.3084,97.775,2023-04-07 14:14:10
MXP,Cracóvia,Polónia,2023,6,65.74,86.8275,78.14,2023-04-07 14:14:10
MXP,Sharm El Sheikh,Egito,2024,1,65.75,94.65166666666669,65.79,2023-04-07 14:14:10
MXP,Astúrias,Espanha,2023,3,66.03,119.35,106.0,2023-04-07 14:14:10
MXP,Copenhaga,Dinamarca,2023,2,66.06,73.36888888888889,71.11,2023-04-07 14:14:10
MXP,Faro,Portugal,2023,1,66.06,66.06,66.06,2023-04-07 14:14:10
MXP,Pisa,Itália,2023,2,66.17,82.77055555555555,68.81,2023-04-07 14:14:10
MXP,Lampedusa,Itália,2023,10,66.19,93.75999999999999,66.2,2023-04-07 14:14:10
MXP,Santander,Espanha,2023,2,66.22,174.98142857142855,100.125,2023-04-07 14:14:10
MXP,Veneza,Itália,2023,5,66.32,98.7624,103.85,2023-04-07 14:14:10
MXP,Memmingen,Alemanha,2023,3,66.32,166.04529411764705,72.01,2023-04-07 14:14:10
MXP,Cagliari,Itália,2023,8,66.37,103.66666666666667,95.81,2023-04-07 14:14:10
MXP,Breslavia,Polónia,2023,3,66.39,180.6679411764706,138.47,2023-04-07 14:14:10
MXP,Atenas,Grécia,2023,11,66.41,68.6,66.9,2023-04-07 14:14:10
MXP,Dublin,Irlanda,2023,9,66.49,81.82636363636362,75.38,2023-04-07 14:14:10
MXP,Funchal,Portugal,2023,2,66.7,136.88888888888889,103.38,2023-04-07 14:14:10
MXP,Bordéus,França,2023,9,66.85,84.61545454545454,85.49,2023-04-07 14:14:10
MXP,Roma,Itália,2023,4,66.88,89.16229166666666,85.58,2023-04-07 14:14:10
MXP,Kosice,Eslováquia,2023,1,66.98,67.0275,66.995,2023-04-07 14:14:10
MXP,Santander,Espanha,2023,3,66.98,197.33196721311475,98.2,2023-04-07 14:14:10
MXP,Edimburgo,Reino Unido,2023,5,66.99,109.02253521126761,92.81,2023-04-07 14:14:10
MXP,Varsóvia,Polónia,2023,2,67.01,96.69,88.66,2023-04-07 14:14:10
MXP,Hamburgo,Alemanha,2023,3,67.04,134.3057142857143,113.68,2023-04-07 14:14:10
MXP,Funchal,Portugal,2023,5,67.09,132.7456862745098,128.33,2023-04-07 14:14:10
MXP,Toulouse,França,2023,1,67.09,88.30000000000001,67.12,2023-04-07 14:14:10
MXP,Nantes,França,2023,2,67.14,153.53130434782608,144.38,2023-04-07 14:14:10
MXP,Shannon,Irlanda,2023,2,67.25,82.43107142857143,81.83,2023-04-07 14:14:10
MXP,Lárnaca,Chipre,2023,6,67.38,125.80904761904763,75.56,2023-04-07 14:14:10
MXP,Birmingham,Reino Unido,2023,7,67.59,168.0942857142857,165.23,2023-04-07 14:14:10
MXP,Madrid,Espanha,2023,7,67.63,94.16,94.16,2023-04-07 14:14:10
MXP,Puerto del Rosario,Espanha,2023,3,67.84,106.2673831775701,97.25,2023-04-07 14:14:10
MXP,Escíato,Grécia,2023,7,68.01,156.47433070866143,132.8,2023-04-07 14:14:10
MXP,Marsa Alam,Egito,2024,1,68.03,87.7,91.43,2023-04-07 14:14:10
MXP,Cork,Irlanda,2023,2,68.06,93.77142857142857,78.38,2023-04-07 14:14:10
MXP,Atenas,Grécia,2023,10,68.09,73.61375,72.75,2023-04-07 14:14:10
MXP,Varsóvia,Polónia,2023,1,68.16,68.16499999999999,68.16499999999999,2023-04-07 14:14:10
MXP,Edimburgo,Reino Unido,2023,6,68.17,105.83264705882353,96.10499999999999,2023-04-07 14:14:10
MXP,Lourdes,França,2023,5,68.52,147.23567567567568,145.87,2023-04-07 14:14:10
MXP,Reiquiavique,Islândia,2023,5,68.65,105.90419642857144,84.36,2023-04-07 14:14:10
MXP,Riga,Letónia,2023,2,68.81,129.634,111.64,2023-04-07 14:14:10
MXP,Gdansk,Polónia,2023,5,68.84,123.92745454545455,118.25,2023-04-07 14:14:10
MXP,Bilbau,Espanha,2023,10,68.93,82.6325,81.465,2023-04-07 14:14:10
MXP,Riga,Letónia,2023,1,68.93,92.8375,92.825,2023-04-07 14:14:10
MXP,Dublin,Irlanda,2023,8,68.95,101.90222222222222,85.89,2023-04-07 14:14:10
MXP,Arrecife,Espanha,2023,2,68.96,102.235,112.21,2023-04-07 14:14:10
MXP,Marraquexe,Marrocos,2023,2,69.01,80.57833333333333,81.28999999999999,2023-04-07 14:14:10
MXP,Londres,Reino Unido,2023,7,69.08,84.85666666666667,80.78,2023-04-07 14:14:10
MXP,Tuzla,Bósnia-Herzegóvina,2023,4,69.21,297.4632894736842,281.30499999999995,2023-04-07 14:14:10
MXP,Hamburgo,Alemanha,2023,4,69.21,134.93175675675676,130.16500000000002,2023-04-07 14:14:10
MXP,Marselha,França,2023,5,69.44,120.78081632653061,98.14,2023-04-07 14:14:10
MXP,Bratislava,Eslováquia,2023,3,69.48,137.35015625,138.07,2023-04-07 14:14:10
MXP,Thera,Grécia,2023,7,69.56,102.36583333333334,93.08500000000001,2023-04-07 14:14:10
MXP,Perugia,Itália,2023,2,69.73,69.76222222222222,69.76,2023-04-07 14:14:10
MXP,Eindhoven,Holanda,2023,3,69.85,106.75626865671641,93.85,2023-04-07 14:14:10
MXP,Heraclião,Grécia,2023,7,69.85,114.88720588235294,105.405,2023-04-07 14:14:10
MXP,Telavive,Israel,2023,5,69.88,90.59274725274726,83.3,2023-04-07 14:14:10
MXP,Pristina,Kosovo,2023,5,70.0,143.6932,160.69,2023-04-07 14:14:10
MXP,Salzburgo,Áustria,2023,3,70.07,214.64600000000002,179.84,2023-04-07 14:14:10
MXP,Oslo,Noruega,2023,4,70.07,168.9174603174603,171.55,2023-04-07 14:14:10
MXP,Nuremberga,Alemanha,2023,3,70.08,135.42810344827586,136.015,2023-04-07 14:14:10
MXP,Split,Croácia,2023,9,70.13,107.41964285714286,81.48,2023-04-07 14:14:10
MXP,Colónia,Alemanha,2023,8,70.2,74.6275,70.525,2023-04-07 14:14:10
MXP,Alexandria,Egito,2023,5,70.48,150.169,124.34,2023-04-07 14:14:10
MXP,Dublin,Irlanda,2023,6,70.51,96.5651282051282,87.51,2023-04-07 14:14:10
MXP,Colónia,Alemanha,2023,2,70.68,129.04076923076923,109.14,2023-04-07 14:14:10
MXP,Verona,Itália,2023,1,70.68,70.788,70.785,2023-04-07 14:14:10
MXP,Oslo,Noruega,2023,5,70.72,122.89651162790697,112.52,2023-04-07 14:14:10
MXP,Granadilla de Abona,Espanha,2023,2,70.77,101.63416666666666,88.33,2023-04-07 14:14:10
MXP,Santa Cruz de Tenerife,Espanha,2023,2,70.77,101.2425,88.33,2023-04-07 14:14:10
MXP,Frankfurt,Alemanha,2023,2,70.8,107.1588888888889,101.66,2023-04-07 14:14:10
MXP,Manchester,Reino Unido,2023,10,71.02,71.025,71.025,2023-04-07 14:14:10
MXP,Estocolmo,Suécia,2023,2,71.33,88.60441176470587,83.24,2023-04-07 14:14:10
MXP,Luxemburgo,Luxemburgo,2023,8,71.44,71.44,71.44,2023-04-07 14:14:10
MXP,Préveza,Grécia,2023,7,71.66,171.237734375,119.91,2023-04-07 14:14:10
MXP,Cork,Irlanda,2023,5,71.66,169.6697777777778,136.38,2023-04-07 14:14:10
MXP,Puerto del Rosario,Espanha,2023,2,71.74,106.6725,91.44,2023-04-07 14:14:10
MXP,Tallin,Estónia,2023,8,71.77,216.37449999999998,169.26999999999998,2023-04-07 14:14:10
MXP,Salónica,Grécia,2023,2,71.85,152.55333333333334,156.89,2023-04-07 14:14:10
MXP,Fes,Marrocos,2023,3,71.88,190.85901098901098,132.04,2023-04-07 14:14:10
MXP,Olbia,Itália,2023,10,72.24,72.24,72.24,2023-04-07 14:14:10
MXP,Riade,Arábia Saudita,2023,5,72.26,104.56370370370371,80.66,2023-04-07 14:14:10
MXP,Sharm El Sheikh,Egito,2023,11,72.37,126.73962962962963,130.84,2023-04-07 14:14:10
MXP,Glasgow,Reino Unido,2023,4,72.51,166.46967213114755,157.46,2023-04-07 14:14:10
MXP,Mahón,Espanha,2023,4,72.51,106.60142857142857,104.25,2023-04-07 14:14:10
MXP,Kos,Grécia,2023,7,72.52,153.4442857142857,134.74,2023-04-07 14:14:10
MXP,Toulouse,França,2023,4,72.57,171.78290322580645,153.11,2023-04-07 14:14:10
MXP,Hamburgo,Alemanha,2023,2,72.61,126.49590909090908,104.20500000000001,2023-04-07 14:14:10
MXP,Las Palmas,Espanha,2023,2,72.77,125.38000000000002,123.23,2023-04-07 14:14:10
MXP,Copenhaga,Dinamarca,2023,6,72.77,94.80157894736843,73.07,2023-04-07 14:14:10
MXP,Craiova,Roménia,2023,3,72.94,191.77166666666668,138.46,2023-04-07 14:14:10
MXP,Vitória,Espanha,2023,5,73.16,141.1105,79.63,2023-04-07 14:14:10
MXP,Gotemburgo,Suécia,2023,3,73.18,158.68022988505749,135.86,2023-04-07 14:14:10
MXP,Amã,Jordânia,2023,10,73.43,281.791,235.95499999999998,2023-04-07 14:14:10
MXP,Faro,Portugal,2023,4,73.43,146.3234375,120.63499999999999,2023-04-07 14:14:10
MXP,Colónia,Alemanha,2023,9,73.52,103.69200000000001,73.85,2023-04-07 14:14:10
MXP,Gotemburgo,Suécia,2023,4,73.52,178.86234042553193,170.97,2023-04-07 14:14:10
MXP,Marraquexe,Marrocos,2023,11,73.54,74.00800000000001,73.78,2023-04-07 14:14:10
MXP,Arrecife,Espanha,2024,2,73.55,79.94749999999999,79.91499999999999,2023-04-07 14:14:10
MXP,Heraclião,Grécia,2023,9,73.56,109.925,96.82,2023-04-07 14:14:10
MXP,Telavive,Israel,2023,10,73.56,104.82428571428571,101.12,2023-04-07 14:14:10
MXP,Oslo,Noruega,2023,2,73.58,209.2616,161.01,2023-04-07 14:14:10
MXP,Sharm El Sheikh,Egito,2023,10,73.58,141.15351351351353,125.01,2023-04-07 14:14:10
MXP,Turim,Itália,2023,5,73.69,643.135,560.59,2023-04-07 14:14:10
MXP,Nantes,França,2023,6,73.81,108.24122807017544,107.77,2023-04-07 14:14:10
MXP,Amã,Jordânia,2023,6,73.83,190.0157894736842,130.8,2023-04-07 14:14:10
MXP,Tetuão,Marrocos,2023,3,73.85,763.87675,266.895,2023-04-07 14:14:10
MXP,Shannon,Irlanda,2023,3,73.87,300.49833333333333,427.96,2023-04-07 14:14:10
MXP,Bolonha,Itália,2023,5,74.05,183.0134782608696,135.59,2023-04-07 14:14:10
MXP,Gdansk,Polónia,2023,2,74.32,150.45885714285714,115.55,2023-04-07 14:14:10
MXP,Eindhoven,Holanda,2023,2,74.45,114.30714285714285,79.535,2023-04-07 14:14:10
MXP,Bolonha,Itália,2023,2,74.49,202.50750000000002,213.85,2023-04-07 14:14:10
MXP,Cluj,Roménia,2023,3,74.61,164.3113095238095,135.63,2023-04-07 14:14:10
MXP,Escópia,Macedónia do Norte,2023,6,74.81,164.84,174.04,2023-04-07 14:14:10
MXP,Hamburgo,Alemanha,2023,5,74.82,119.7355,117.075,2023-04-07 14:14:10
MXP,Telavive,Israel,2023,6,75.0,109.29673076923078,100.35,2023-04-07 14:14:10
MXP,Bruxelas,Bélgica,2023,5,75.26,104.13870967741936,91.02,2023-04-07 14:14:10
MXP,Estocolmo,Suécia,2023,1,75.36,78.49714285714286,80.77,2023-04-07 14:14:10
MXP,Knock,Irlanda,2023,5,75.38,208.47727272727272,107.58,2023-04-07 14:14:10
MXP,Split,Croácia,2023,7,75.42,159.26809523809524,129.29,2023-04-07 14:14:10
MXP,Agadir,Marrocos,2023,3,75.88,158.19120481927712,145.27,2023-04-07 14:14:10
MXP,Perugia,Itália,2023,5,75.9,497.6993103448276,820.96,2023-04-07 14:14:10
MXP,Nantes,França,2023,9,76.11,84.17,88.13,2023-04-07 14:14:10
MXP,Marraquexe,Marrocos,2023,9,76.15,115.55625,96.45,2023-04-07 14:14:10
MXP,Tallin,Estónia,2023,1,76.15,76.17250000000001,76.18,2023-04-07 14:14:10
MXP,Las Palmas,Espanha,2023,4,76.17,107.51885714285714,100.51,2023-04-07 14:14:10
MXP,Nice,França,2023,4,76.29,167.88727272727272,157.44,2023-04-07 14:14:10
MXP,Marsa Alam,Egito,2023,9,76.34,167.51749999999998,161.33999999999997,2023-04-07 14:14:10
MXP,Helsínquia,Finlândia,2023,3,76.34,144.841797752809,129.67,2023-04-07 14:14:10
MXP,La Corunha,Espanha,2023,9,76.35,107.63571428571427,80.895,2023-04-07 14:14:10
MXP,Sófia,Bulgária,2023,2,76.35,119.3956,111.45,2023-04-07 14:14:10
MXP,Tânger,Marrocos,2023,4,76.35,200.36245614035087,183.92,2023-04-07 14:14:10
MXP,Santa Cruz de Tenerife,Espanha,2023,12,76.38,82.10071428571428,82.57,2023-04-07 14:14:10
MXP,Granadilla de Abona,Espanha,2023,12,76.38,83.34588235294117,83.08,2023-04-07 14:14:10
MXP,Marsa Alam,Egito,2023,2,76.45,179.51875,161.93,2023-04-07 14:14:10
MXP,Sevilha,Espanha,2023,2,76.46,154.79333333333332,89.545,2023-04-07 14:14:10
MXP,Santa Cruz de Tenerife,Espanha,2024,2,76.51,111.09200000000001,90.1,2023-04-07 14:14:10
MXP,Granadilla de Abona,Espanha,2024,2,76.51,84.28,86.23,2023-04-07 14:14:10
MXP,Nantes,França,2024,1,76.56,76.56,76.56,2023-04-07 14:14:10
MXP,Telavive,Israel,2024,1,76.82,76.85499999999999,76.85499999999999,2023-04-07 14:14:10
MXP,Belgrado,Sérvia,2023,3,77.03,157.02885057471264,153.78,2023-04-07 14:14:10
MXP,Amesterdão,Holanda,2023,5,77.13,93.10611940298507,87.08,2023-04-07 14:14:10
MXP,Ancona,Itália,2023,1,77.2,140.15,127.03,2023-04-07 14:14:10
MXP,Turim,Itália,2023,2,77.26,254.53799999999998,269.74,2023-04-07 14:14:10
MXP,Salónica,Grécia,2023,9,77.29,114.21095238095238,90.14,2023-04-07 14:14:10
MXP,Marselha,França,2023,2,77.37,139.1716129032258,126.42,2023-04-07 14:14:10
MXP,Tânger,Marrocos,2023,5,77.77,155.98644444444446,113.83,2023-04-07 14:14:10
MXP,Reiquiavique,Islândia,2023,4,77.77,125.80896551724138,115.46,2023-04-07 14:14:10
MXP,Granadilla de Abona,Espanha,2023,11,77.99,103.90727272727273,106.88,2023-04-07 14:14:10
MXP,Veneza,Itália,2023,4,77.99,278.2137878787879,113.935,2023-04-07 14:14:10
MXP,Santa Cruz de Tenerife,Espanha,2023,11,77.99,98.77499999999999,100.58,2023-04-07 14:14:10
MXP,Alexandria,Egito,2023,3,77.99,258.7329605263158,130.62,2023-04-07 14:14:10
MXP,Vilnius,Lituânia,2023,2,77.99,137.45344827586206,108.88,2023-04-07 14:14:10
MXP,Edimburgo,Reino Unido,2023,4,78.02,178.06709677419354,146.83,2023-04-07 14:14:10
MXP,Veneza,Itália,2023,6,78.05,97.238,78.18,2023-04-07 14:14:10
MXP,Iași,Roménia,2023,3,78.12,203.6921794871795,185.54,2023-04-07 14:14:10
MXP,Bruxelas,Bélgica,2023,6,78.15,89.48774193548387,83.04,2023-04-07 14:14:10
MXP,Astúrias,Espanha,2023,5,78.29,116.99777777777778,102.36,2023-04-07 14:14:10
MXP,Reiquiavique,Islândia,2023,1,78.29,105.855,113.36,2023-04-07 14:14:10
MXP,Split,Croácia,2023,8,78.36,160.49491525423727,150.84,2023-04-07 14:14:10
MXP,Frankfurt,Alemanha,2023,5,78.48,116.47038461538462,105.42500000000001,2023-04-07 14:14:10
MXP,Chania,Grécia,2023,9,78.67,122.65458333333333,95.6,2023-04-07 14:14:10
MXP,Pescara,Itália,2023,5,78.72,117.99892857142856,115.66499999999999,2023-04-07 14:14:10
MXP,Riade,Arábia Saudita,2023,4,78.72,292.2426595744681,227.18,2023-04-07 14:14:10
MXP,Arrecife,Espanha,2024,3,78.93,100.298,105.76,2023-04-07 14:14:10
MXP,Riade,Arábia Saudita,2023,6,78.95,240.18470588235294,81.78,2023-04-07 14:14:10
MXP,Genebra,Suíça,2023,5,79.0,120.26594594594594,138.6,2023-04-07 14:14:10
MXP,Nice,França,2023,3,79.04,129.14951807228917,114.63,2023-04-07 14:14:10
MXP,Perugia,Itália,2023,3,79.04,109.36181818181818,92.49,2023-04-07 14:14:10
MXP,Porto,Portugal,2023,10,79.1,79.1,79.1,2023-04-07 14:14:10
MXP,Nuremberga,Alemanha,2023,2,79.1,216.47176470588235,211.32,2023-04-07 14:14:10
MXP,Rabate,Marrocos,2023,3,79.1,166.6597087378641,158.92,2023-04-07 14:14:10
MXP,Funchal,Portugal,2023,4,79.13,169.1325,179.19,2023-04-07 14:14:10
MXP,Lourdes,França,2023,1,79.21,98.80461538461539,81.06,2023-04-07 14:14:10
MXP,Shannon,Irlanda,2023,5,79.5,1871.9335999999998,404.32,2023-04-07 14:14:10
MXP,Eindhoven,Holanda,2023,5,79.5,147.11950000000002,138.43,2023-04-07 14:14:10
MXP,Faro,Portugal,2023,7,79.5,181.9227272727273,122.08500000000001,2023-04-07 14:14:10
MXP,Lampedusa,Itália,2023,6,79.56,116.40782608695653,91.56,2023-04-07 14:14:10
MXP,Kos,Grécia,2023,9,79.63,149.94357142857143,154.305,2023-04-07 14:14:10
MXP,Riade,Arábia Saudita,2023,9,79.67,108.10000000000001,80.4,2023-04-07 14:14:10
MXP,Lárnaca,Chipre,2023,2,79.82,135.5675,119.32,2023-04-07 14:14:10
MXP,Liverpool,Reino Unido,2023,3,79.96,142.71076923076924,139.2,2023-04-07 14:14:10
MXP,Varsóvia,Polónia,2023,6,80.01,129.14428571428573,130.21,2023-04-07 14:14:10
MXP,Zaquinto,Grécia,2023,6,80.01,139.40072072072073,120.3,2023-04-07 14:14:10
MXP,Rabate,Marrocos,2023,5,80.01,208.03413793103448,174.84,2023-04-07 14:14:10
MXP,Thera,Grécia,2023,6,80.05,120.4254,111.08500000000001,2023-04-07 14:14:10
MXP,Las Palmas,Espanha,2023,1,80.14,80.14,80.14,2023-04-07 14:14:10
MXP,Sófia,Bulgária,2023,4,80.35,176.53810126582277,175.23,2023-04-07 14:14:10
MXP,Varsóvia,Polónia,2023,5,80.4,112.9058064516129,115.22,2023-04-07 14:14:10
MXP,Granadilla de Abona,Espanha,2023,9,80.54,101.55239130434782,99.3,2023-04-07 14:14:10
MXP,Santa Cruz de Tenerife,Espanha,2023,9,80.54,99.44258064516129,99.3,2023-04-07 14:14:10
MXP,Fes,Marrocos,2023,6,80.55,181.376875,204.69,2023-04-07 14:14:10
MXP,Aarhus,Dinamarca,2023,5,80.62,153.65413793103448,180.52,2023-04-07 14:14:10
MXP,Eindhoven,Holanda,2023,4,80.84,156.97340425531914,115.85,2023-04-07 14:14:10
MXP,Colónia,Alemanha,2023,7,80.85,136.01999999999998,136.01999999999998,2023-04-07 14:14:10
MXP,Amã,Jordânia,2023,5,80.87,176.3015,138.76,2023-04-07 14:14:10
MXP,Bucareste,Roménia,2023,9,80.89,81.3375,81.33500000000001,2023-04-07 14:14:10
MXP,Thera,Grécia,2023,9,80.97,112.83684210526316,106.5,2023-04-07 14:14:10
MXP,Santiago de Compostela,Espanha,2023,2,81.06,144.3012,152.73,2023-04-07 14:14:10
MXP,Las Palmas,Espanha,2023,9,81.16,96.59111111111112,91.02,2023-04-07 14:14:10
MXP,Nantes,França,2023,5,81.28,113.674375,103.45,2023-04-07 14:14:10
MXP,Las Palmas,Espanha,2023,6,81.37,205.33241379310346,127.12,2023-04-07 14:14:10
MXP,Faro,Portugal,2023,6,81.37,122.6146875,108.855,2023-04-07 14:14:10
MXP,Palanga,Lituânia,2023,2,81.94,124.60862068965517,108.88,2023-04-07 14:14:10
MXP,Munique,Alemanha,2023,9,81.95,159.822,163.28,2023-04-07 14:14:10
MXP,Shannon,Irlanda,2023,6,82.09,1615.4675862068964,378.73,2023-04-07 14:14:10
MXP,Trapani,Itália,2023,5,82.19,213.93224719101124,149.9,2023-04-07 14:14:10
MXP,Santa Cruz de Tenerife,Espanha,2024,1,82.3,104.84,91.39,2023-04-07 14:14:10
MXP,Granadilla de Abona,Espanha,2024,1,82.3,88.36,82.38,2023-04-07 14:14:10
MXP,Nuremberga,Alemanha,2023,5,82.38,135.7290322580645,134.29,2023-04-07 14:14:10
MXP,Colónia,Alemanha,2023,6,82.38,102.54875,91.67,2023-04-07 14:14:10
MXP,Timişoara,Roménia,2023,3,82.45,209.41190476190474,216.89,2023-04-07 14:14:10
MXP,Tânger,Marrocos,2023,3,82.45,208.91223684210527,132.32,2023-04-07 14:14:10
MXP,Estocolmo,Suécia,2023,6,82.54,147.29206896551725,156.17,2023-04-07 14:14:10
MXP,Bilbau,Espanha,2023,2,82.58,157.61714285714285,151.38,2023-04-07 14:14:10
MXP,Heraclião,Grécia,2023,10,82.73,95.22285714285714,93.03,2023-04-07 14:14:10
MXP,Santander,Espanha,2023,1,82.75,82.75,82.75,2023-04-07 14:14:10
MXP,Puerto del Rosario,Espanha,2023,4,82.75,134.45138888888889,122.345,2023-04-07 14:14:10
MXP,Sevilha,Espanha,2023,9,82.78,85.378,82.96,2023-04-07 14:14:10
MXP,Sófia,Bulgária,2023,6,83.01,119.89047619047618,118.51,2023-04-07 14:14:10
MXP,Lourdes,França,2023,3,83.23,150.6507692307692,129.72,2023-04-07 14:14:10
MXP,Marselha,França,2023,4,83.35,140.2047619047619,115.04,2023-04-07 14:14:10
MXP,Lisboa,Portugal,2023,9,83.42,91.322,93.22,2023-04-07 14:14:10
MXP,Reiquiavique,Islândia,2023,2,83.45,101.73421052631579,91.98,2023-04-07 14:14:10
MXP,Pafos,Chipre,2023,2,83.45,145.9577142857143,140.77,2023-04-07 14:14:10
MXP,Bilbau,Espanha,2023,3,83.53,113.21863636363636,107.975,2023-04-07 14:14:10
MXP,Belgrado,Sérvia,2023,2,83.64,154.51809523809524,164.1,2023-04-07 14:14:10
MXP,Estocolmo,Suécia,2023,4,83.65,141.799375,140.60500000000002,2023-04-07 14:14:10
MXP,Salónica,Grécia,2023,3,83.69,127.30581395348837,104.37,2023-04-07 14:14:10
MXP,Trapani,Itália,2023,4,83.69,146.29264705882352,125.46000000000001,2023-04-07 14:14:10
MXP,Constanţa,Roménia,2023,2,83.7,315.3110256410256,300.93,2023-04-07 14:14:10
MXP,Amesterdão,Holanda,2023,10,83.82,91.01857142857143,90.09,2023-04-07 14:14:10
MXP,Riade,Arábia Saudita,2023,3,83.96,308.78,205.65,2023-04-07 14:14:10
MXP,Lisboa,Portugal,2023,4,83.97,142.91857142857143,131.55,2023-04-07 14:14:10
MXP,Sevilha,Espanha,2023,7,84.13,143.506,155.7,2023-04-07 14:14:10
MXP,Oslo,Noruega,2023,6,84.21,157.38424242424244,144.62,2023-04-07 14:14:10
MXP,Míconos,Grécia,2023,10,84.28,84.28,84.28,2023-04-07 14:14:10
MXP,Fes,Marrocos,2023,2,84.41,251.48514285714285,254.72,2023-04-07 14:14:10
MXP,Estocolmo,Suécia,2023,5,84.43,130.67784313725488,121.58,2023-04-07 14:14:10
MXP,Newcastle upon Tyne,Reino Unido,2023,2,84.55,220.56323529411767,247.38,2023-04-07 14:14:10
MXP,Bolonha,Itália,2023,4,84.63,166.5419298245614,116.75,2023-04-07 14:14:10
MXP,Veneza,Itália,2023,7,84.74,88.21,84.74,2023-04-07 14:14:10
MXP,Trapani,Itália,2023,6,84.85,157.87431818181818,154.81,2023-04-07 14:14:10
MXP,Corfú,Grécia,2023,8,85.09,142.871,142.34,2023-04-07 14:14:10
MXP,Funchal,Portugal,2023,11,85.18,99.09142857142857,86.92,2023-04-07 14:14:10
MXP,Bruxelas,Bélgica,2023,11,85.18,85.18,85.18,2023-04-07 14:14:10
MXP,Fes,Marrocos,2023,4,85.18,208.05137254901962,163.2,2023-04-07 14:14:10
MXP,Luxemburgo,Luxemburgo,2023,9,85.22,85.22,85.22,2023-04-07 14:14:10
MXP,Lourdes,França,2023,2,85.23,276.9925714285714,216.41,2023-04-07 14:14:10
MXP,Las Palmas,Espanha,2023,10,85.31,103.1742857142857,97.69,2023-04-07 14:14:10
MXP,Glasgow,Reino Unido,2023,3,85.5,137.8293103448276,150.54,2023-04-07 14:14:10
MXP,Porto,Portugal,2023,7,85.57,117.55,117.55,2023-04-07 14:14:10
MXP,Brindisi,Itália,2023,8,85.58,92.90833333333335,86.75999999999999,2023-04-07 14:14:10
MXP,Edimburgo,Reino Unido,2023,12,85.59,85.59,85.59,2023-04-07 14:14:10
MXP,Varna,Bulgária,2023,3,85.66,158.37328358208956,155.36,2023-04-07 14:14:10
MXP,Billund,Dinamarca,2023,5,85.66,144.04579710144927,123.51,2023-04-07 14:14:10
MXP,Amesterdão,Holanda,2024,3,85.78,85.8625,85.89,2023-04-07 14:14:10
MXP,Cork,Irlanda,2023,6,85.95,268.9494117647059,230.26,2023-04-07 14:14:10
MXP,Préveza,Grécia,2023,6,86.04,698.3707999999999,452.85,2023-04-07 14:14:10
MXP,Colónia,Alemanha,2023,10,86.1,109.9675,110.01500000000001,2023-04-07 14:14:10
MXP,Birmingham,Reino Unido,2023,3,86.15,201.0941791044776,169.5,2023-04-07 14:14:10
MXP,Essaouira,Marrocos,2023,1,86.25,127.40166666666666,147.97,2023-04-07 14:14:10
MXP,Saragoça,Espanha,2023,2,86.25,166.08086206896553,172.175,2023-04-07 14:14:10
MXP,Sófia,Bulgária,2023,5,86.28,142.86454545454544,130.77,2023-04-07 14:14:10
MXP,Genebra,Suíça,2023,3,86.28,138.82999999999998,141.66,2023-04-07 14:14:10
MXP,Bolonha,Itália,2023,1,86.39,89.78200000000001,86.39,2023-04-07 14:14:10
MXP,Quichinau,Moldávia,2023,10,86.41,89.356,86.69,2023-04-07 14:14:10
MXP,Lyon,França,2023,3,86.46,137.31893805309733,150.53,2023-04-07 14:14:10
MXP,Reiquiavique,Islândia,2023,11,86.49,128.96777777777777,102.5,2023-04-07 14:14:10
MXP,Bordéus,França,2023,8,86.54,86.58,86.54,2023-04-07 14:14:10
MXP,La Corunha,Espanha,2023,8,86.61,215.18966666666665,164.48,2023-04-07 14:14:10
MXP,Génova,Itália,2023,3,86.75,658.6004285714286,368.42,2023-04-07 14:14:10
MXP,Billund,Dinamarca,2023,6,86.89,115.38941176470588,109.76,2023-04-07 14:14:10
MXP,Bremen,Alemanha,2023,5,86.98,144.40033333333335,128.15,2023-04-07 14:14:10
MXP,Amesterdão,Holanda,2023,11,87.03,92.49181818181818,92.01,2023-04-07 14:14:10
MXP,Roma,Itália,2023,8,87.03,122.475,122.475,2023-04-07 14:14:10
MXP,Génova,Itália,2023,5,87.08,207.39903225806452,100.0,2023-04-07 14:14:10
MXP,Thera,Grécia,2023,5,87.08,126.52999999999999,113.53999999999999,2023-04-07 14:14:10
MXP,Amesterdão,Holanda,2024,1,87.17,87.17666666666668,87.18,2023-04-07 14:14:10
MXP,Tânger,Marrocos,2023,6,87.21,166.1084,167.4,2023-04-07 14:14:10
MXP,Bruxelas,Bélgica,2024,1,87.25,87.25,87.25,2023-04-07 14:14:10
MXP,Escíato,Grécia,2023,6,87.33,177.51475409836064,161.46,2023-04-07 14:14:10
MXP,Santa Cruz de Tenerife,Espanha,2023,4,87.34,111.97999999999999,100.58500000000001,2023-04-07 14:14:10
MXP,Hurghada,Egito,2023,9,87.35,178.95267605633802,140.34,2023-04-07 14:14:10
MXP,Puerto del Rosario,Espanha,2023,11,87.37,111.00111111111111,115.82,2023-04-07 14:14:10
MXP,Chania,Grécia,2023,7,87.38,178.84489795918367,181.12,2023-04-07 14:14:10
MXP,Agadir,Marrocos,2023,2,87.38,255.5325925925926,201.16,2023-04-07 14:14:10
MXP,Telavive,Israel,2023,9,87.39,134.485,103.59,2023-04-07 14:14:10
MXP,Hamburgo,Alemanha,2024,1,87.46,87.66999999999999,87.66999999999999,2023-04-07 14:14:10
MXP,Zaquinto,Grécia,2023,7,87.5,160.8160975609756,146.64,2023-04-07 14:14:10
MXP,Poznań,Polónia,2023,4,87.53,211.36597014925374,186.49,2023-04-07 14:14:10
MXP,Salónica,Grécia,2023,6,87.65,125.94328767123288,127.14,2023-04-07 14:14:10
MXP,Arrecife,Espanha,2024,1,87.7,87.71666666666665,87.7,2023-04-07 14:14:10
MXP,Bristol,Reino Unido,2023,5,87.79,141.04307692307694,130.17,2023-04-07 14:14:10
MXP,Amesterdão,Holanda,2023,3,87.83,115.09478260869564,104.98,2023-04-07 14:14:10
MXP,Nantes,França,2023,7,88.03,120.21600000000001,125.2,2023-04-07 14:14:10
MXP,Suceava,Roménia,2023,3,88.03,299.4122058823529,228.86,2023-04-07 14:14:10
MXP,Nice,França,2023,5,88.21,149.9477777777778,125.92499999999998,2023-04-07 14:14:10
MXP,Quichinau,Moldávia,2023,2,88.23,138.366,118.63,2023-04-07 14:14:10
MXP,Chania,Grécia,2023,6,88.23,179.37532467532466,173.51,2023-04-07 14:14:10
MXP,Arrecife,Espanha,2023,11,88.25,95.89750000000001,88.92,2023-04-07 14:14:10
MXP,Toulouse,França,2023,5,88.27,137.54857142857142,115.73,2023-04-07 14:14:10
MXP,Tallin,Estónia,2023,7,88.28,151.74333333333334,122.93,2023-04-07 14:14:10
MXP,Tetuão,Marrocos,2023,2,88.29,189.28375,88.33,2023-04-07 14:14:10
MXP,Luxemburgo,Luxemburgo,2023,7,88.33,115.63,94.96000000000001,2023-04-07 14:14:10
MXP,Amesterdão,Holanda,2023,2,88.42,118.21600000000001,113.17,2023-04-07 14:14:10
MXP,Turim,Itália,2023,1,88.42,88.42500000000001,88.42500000000001,2023-04-07 14:14:10
MXP,Banja Luka,Bósnia-Herzegóvina,2023,3,88.49,187.95746153846156,160.565,2023-04-07 14:14:10
MXP,Gdansk,Polónia,2023,4,88.55,178.8819540229885,159.25,2023-04-07 14:14:10
MXP,Tirana,Albânia,2023,11,88.85,116.83,116.83,2023-04-07 14:14:10
MXP,Astúrias,Espanha,2023,10,88.9,102.24000000000001,89.205,2023-04-07 14:14:10
MXP,Lárnaca,Chipre,2023,10,89.16,123.69928571428571,109.84,2023-04-07 14:14:10
MXP,Alexandria,Egito,2023,4,89.16,242.97589285714284,180.9,2023-04-07 14:14:10
MXP,Birmingham,Reino Unido,2023,9,89.17,135.64833333333334,158.79000000000002,2023-04-07 14:14:10
MXP,Girona,Espanha,2023,3,89.25,328.2247058823529,161.79,2023-04-07 14:14:10
MXP,Quichinau,Moldávia,2023,5,89.25,151.76852941176472,155.92,2023-04-07 14:14:10
MXP,Trapani,Itália,2023,3,89.27,132.84945945945947,108.76,2023-04-07 14:14:10
MXP,Amesterdão,Holanda,2023,9,89.29,94.44157894736843,92.16,2023-04-07 14:14:10
MXP,Granada,Espanha,2023,4,89.32,238.31714285714287,210.635,2023-04-07 14:14:10
MXP,Santa Cruz de Tenerife,Espanha,2023,10,89.45,102.79933333333334,99.38,2023-04-07 14:14:10
MXP,Granadilla de Abona,Espanha,2023,10,89.45,106.38277777777778,103.9,2023-04-07 14:14:10
MXP,Puerto del Rosario,Espanha,2023,5,89.81,124.4809589041096,112.83,2023-04-07 14:14:10
MXP,Dubrovnik,Croácia,2023,4,89.86,179.28032786885245,178.68,2023-04-07 14:14:10
MXP,Nice,França,2023,6,89.9,137.87787878787879,137.47,2023-04-07 14:14:10
MXP,Pisa,Itália,2023,5,89.99,168.33727272727273,91.99,2023-04-07 14:14:10
MXP,Escópia,Macedónia do Norte,2023,9,90.09,90.0925,90.09,2023-04-07 14:14:10
MXP,Sevilha,Espanha,2023,8,90.17,90.17,90.17,2023-04-07 14:14:10
MXP,Santiago de Compostela,Espanha,2023,6,90.24,137.6071875,133.1,2023-04-07 14:14:10
MXP,Chania,Grécia,2023,4,90.26,180.33785714285713,194.01,2023-04-07 14:14:10
MXP,Bratislava,Eslováquia,2023,4,90.27,296.03,221.64,2023-04-07 14:14:10
MXP,Nice,França,2023,2,90.27,136.0135,129.145,2023-04-07 14:14:10
MXP,Shannon,Irlanda,2023,4,90.28,1249.1346511627908,209.585,2023-04-07 14:14:10
MXP,Bremen,Alemanha,2023,2,90.32,159.8984,168.82,2023-04-07 14:14:10
MXP,Arrecife,Espanha,2023,10,90.39,110.10555555555555,91.06,2023-04-07 14:14:10
MXP,Belfast,Reino Unido,2023,6,90.39,166.40526315789472,172.56,2023-04-07 14:14:10
MXP,Lárnaca,Chipre,2023,9,90.39,108.66916666666667,98.61500000000001,2023-04-07 14:14:10
MXP,Turim,Itália,2023,9,90.49,156.60076923076923,162.94,2023-04-07 14:14:10
MXP,Podgorica,Montenegro,2024,2,90.55,90.69,90.55,2023-04-07 14:14:10
MXP,Escópia,Macedónia do Norte,2023,2,90.63,181.72285714285715,136.17,2023-04-07 14:14:10
MXP,Jerez de la Frontera,Espanha,2023,4,90.99,245.03883495145632,231.73,2023-04-07 14:14:10
MXP,Reiquiavique,Islândia,2023,10,90.99,90.99,90.99,2023-04-07 14:14:10
MXP,Telavive,Israel,2023,7,91.0,91.0,91.0,2023-04-07 14:14:10
MXP,Frankfurt,Alemanha,2023,1,91.05,91.05,91.05,2023-04-07 14:14:10
MXP,Hamburgo,Alemanha,2023,7,91.09,130.32272727272726,112.38,2023-04-07 14:14:10
MXP,Rodes,Grécia,2023,4,91.18,171.22974358974358,136.75,2023-04-07 14:14:10
MXP,Salzburgo,Áustria,2023,4,91.19,231.547,232.255,2023-04-07 14:14:10
MXP,Foggia,Itália,2023,9,91.36,98.382,95.37,2023-04-07 14:14:10
MXP,Éilat,Israel,2023,3,91.56,248.9170930232558,166.215,2023-04-07 14:14:10
MXP,Verona,Itália,2023,2,91.75,1266.2356521739132,1190.12,2023-04-07 14:14:10
MXP,Bristol,Reino Unido,2023,3,91.91,142.0514492753623,138.02,2023-04-07 14:14:10
MXP,Jerez de la Frontera,Espanha,2023,5,91.92,143.01999999999998,140.29,2023-04-07 14:14:10
MXP,Atenas,Grécia,2023,2,92.01,92.01,92.01,2023-04-07 14:14:10
MXP,Knock,Irlanda,2023,3,92.18,127.5908695652174,113.72,2023-04-07 14:14:10
MXP,Frankfurt,Alemanha,2023,6,92.28,142.54217391304346,146.66,2023-04-07 14:14:10
MXP,Pescara,Itália,2023,4,92.4,271.86764705882354,221.53,2023-04-07 14:14:10
MXP,Foggia,Itália,2023,4,92.62,208.8551282051282,187.69,2023-04-07 14:14:10
MXP,Salónica,Grécia,2023,4,92.62,183.74280701754387,176.71,2023-04-07 14:14:10
MXP,Biarritz,França,2023,3,92.64,203.578,172.99,2023-04-07 14:14:10
MXP,Génova,Itália,2023,4,92.71,1298.7942424242424,340.1,2023-04-07 14:14:10
MXP,Zagreb,Croácia,2023,2,92.71,151.35344827586206,153.65,2023-04-07 14:14:10
MXP,Leeds,Reino Unido,2023,4,92.84,404.4370526315789,280.44,2023-04-07 14:14:10
MXP,Foggia,Itália,2023,8,92.93,120.6989393939394,112.405,2023-04-07 14:14:10
MXP,Belfast,Reino Unido,2023,4,92.99,312.0469942196532,207.86,2023-04-07 14:14:10
MXP,Rodes,Grécia,2023,6,93.11,159.7073611111111,143.135,2023-04-07 14:14:10
MXP,Dusseldorf,Alemanha,2023,3,93.11,151.35000000000002,140.12,2023-04-07 14:14:10
MXP,Zagreb,Croácia,2023,5,93.24,147.15866666666668,153.66,2023-04-07 14:14:10
MXP,Bilbau,Espanha,2023,7,93.27,114.93923076923078,105.82,2023-04-07 14:14:10
MXP,Helsínquia,Finlândia,2023,2,93.43,126.04749999999999,108.65,2023-04-07 14:14:10
MXP,Birmingham,Reino Unido,2023,10,93.43,93.475,93.475,2023-04-07 14:14:10
MXP,Saragoça,Espanha,2023,4,93.51,234.42797297297295,230.48000000000002,2023-04-07 14:14:10
MXP,Amesterdão,Holanda,2023,8,93.52,102.35947368421053,100.06,2023-04-07 14:14:10
MXP,Bucareste,Roménia,2023,4,93.62,155.964375,148.58,2023-04-07 14:14:10
MXP,Funchal,Portugal,2023,10,93.7,112.01142857142857,105.14,2023-04-07 14:14:10
MXP,Trapani,Itália,2023,2,93.82,299.0890909090909,358.57,2023-04-07 14:14:10
MXP,Memmingen,Alemanha,2023,2,93.82,110.5271875,113.05,2023-04-07 14:14:10
MXP,Marsa Alam,Egito,2024,2,93.84,99.42684210526315,97.57,2023-04-07 14:14:10
MXP,Escópia,Macedónia do Norte,2023,4,93.99,156.37245614035086,156.92,2023-04-07 14:14:10
MXP,Poznań,Polónia,2023,5,94.08,339.03736842105263,237.98,2023-04-07 14:14:10
MXP,Bucareste,Roménia,2023,7,94.44,104.96571428571428,103.15,2023-04-07 14:14:10
MXP,Foggia,Itália,2023,6,94.45,146.1711475409836,140.43,2023-04-07 14:14:10
MXP,Dubrovnik,Croácia,2023,3,94.54,242.6078571428571,262.02,2023-04-07 14:14:10
MXP,Génova,Itália,2023,6,94.63,369.6992307692308,158.7,2023-04-07 14:14:10
MXP,Veneza,Itália,2023,8,94.91,287.0566666666667,289.47,2023-04-07 14:14:10
MXP,Trieste,Itália,2023,3,94.97,160.04399999999998,163.19,2023-04-07 14:14:10
MXP,Munique,Alemanha,2023,10,95.0,145.29500000000002,145.29500000000002,2023-04-07 14:14:10
MXP,Puerto del Rosario,Espanha,2023,9,95.1,138.75375,129.16,2023-04-07 14:14:10
MXP,Astúrias,Espanha,2023,2,95.58,142.8638888888889,139.88,2023-04-07 14:14:10
MXP,Telavive,Israel,2023,11,95.6,98.03285714285714,97.05000000000001,2023-04-07 14:14:10
MXP,Marsa Alam,Egito,2023,10,95.64,154.91684210526316,135.1,2023-04-07 14:14:10
MXP,Estocolmo,Suécia,2023,8,95.7,138.8722222222222,151.23,2023-04-07 14:14:10
MXP,Atenas,Grécia,2023,8,95.72,142.375,142.375,2023-04-07 14:14:10
MXP,Luqa,Malta,2023,7,95.93,109.282,117.82,2023-04-07 14:14:10
MXP,Astúrias,Espanha,2023,4,96.04,196.67237500000002,194.92,2023-04-07 14:14:10
MXP,Santander,Espanha,2023,4,96.15,227.79194444444445,225.79500000000002,2023-04-07 14:14:10
MXP,Pafos,Chipre,2023,3,96.23,125.88153846153847,124.52,2023-04-07 14:14:10
MXP,Foggia,Itália,2023,7,96.24,129.2022641509434,126.73,2023-04-07 14:14:10
MXP,Oslo,Noruega,2023,1,96.34,113.34,96.34,2023-04-07 14:14:10
MXP,Tours,França,2023,1,96.38,96.38,96.38,2023-04-07 14:14:10
MXP,Nottingham,Reino Unido,2023,3,96.82,167.73285714285717,166.57,2023-04-07 14:14:10
MXP,Bruxelas,Bélgica,2023,10,96.85,96.85,96.85,2023-04-07 14:14:10
MXP,Puerto del Rosario,Espanha,2023,6,96.88,173.00347826086957,156.86,2023-04-07 14:14:10
MXP,Vigo,Espanha,2023,5,96.93,157.43478260869566,151.41,2023-04-07 14:14:10
MXP,Quichinau,Moldávia,2023,6,97.03,169.5782608695652,188.07,2023-04-07 14:14:10
MXP,Oujda,Marrocos,2023,4,97.03,417.59476190476187,489.23,2023-04-07 14:14:10
MXP,Argostoli,Grécia,2023,6,97.22,197.39064102564103,200.28,2023-04-07 14:14:10
MXP,Abu Dhabi,Emirados Árabes Unidos,2023,9,97.44,161.33347826086955,138.52,2023-04-07 14:14:10
MXP,Gotemburgo,Suécia,2023,5,97.46,169.5146551724138,175.27,2023-04-07 14:14:10
MXP,Belgrado,Sérvia,2023,4,97.49,315.66175824175826,203.11,2023-04-07 14:14:10
MXP,Billund,Dinamarca,2023,2,97.63,134.61111111111111,134.75,2023-04-07 14:14:10
MXP,Arrecife,Espanha,2023,4,97.69,187.1716,143.71,2023-04-07 14:14:10
MXP,Rodes,Grécia,2023,5,97.73,188.09632183908047,169.25,2023-04-07 14:14:10
MXP,Riga,Letónia,2023,4,97.85,191.1757,167.915,2023-04-07 14:14:10
MXP,Amesterdão,Holanda,2023,4,98.02,135.73,132.58,2023-04-07 14:14:10
MXP,Granada,Espanha,2023,3,98.1,161.25373626373627,142.54,2023-04-07 14:14:10
MXP,Zaquinto,Grécia,2023,5,98.11,225.299375,258.735,2023-04-07 14:14:10
MXP,Erevã,Arménia,2023,2,98.17,175.92655172413794,203.8,2023-04-07 14:14:10
MXP,Zurique,Suíça,2023,5,98.18,107.7421052631579,107.895,2023-04-07 14:14:10
MXP,Algueiro,Itália,2023,8,98.2,153.99666666666667,107.08,2023-04-07 14:14:10
MXP,Nantes,França,2023,8,98.34,155.025,155.61,2023-04-07 14:14:10
MXP,Thera,Grécia,2023,8,98.45,207.84857142857143,155.99,2023-04-07 14:14:10
MXP,Zurique,Suíça,2023,8,98.63,117.1275,119.775,2023-04-07 14:14:10
MXP,Rovaniemi,Finlândia,2023,2,99.03,198.33785714285713,160.095,2023-04-07 14:14:10
MXP,Erevã,Arménia,2023,4,99.04,280.71292307692306,258.07,2023-04-07 14:14:10
MXP,Riga,Letónia,2023,5,99.07,146.09688888888888,133.31,2023-04-07 14:14:10
MXP,Riga,Letónia,2023,9,99.13,122.38375,101.295,2023-04-07 14:14:10
MXP,Birmingham,Reino Unido,2023,1,99.26,99.37,99.37,2023-04-07 14:14:10
MXP,Munique,Alemanha,2023,2,99.26,208.32999999999998,188.91,2023-04-07 14:14:10
MXP,Trieste,Itália,2023,4,99.27,586.4260256410257,341.255,2023-04-07 14:14:10
MXP,Erevã,Arménia,2023,5,99.37,211.24261363636361,200.575,2023-04-07 14:14:10
MXP,Malmo,Suécia,2023,2,99.48,239.6104347826087,287.71,2023-04-07 14:14:10
MXP,Puerto del Rosario,Espanha,2023,10,99.59,136.21875,137.735,2023-04-07 14:14:10
MXP,Birmingham,Reino Unido,2023,5,99.6,150.80565217391305,166.89,2023-04-07 14:14:10
MXP,Poitiers,França,2023,3,99.67,307.63,494.0,2023-04-07 14:14:10
MXP,Verona,Itália,2023,4,99.97,557.83525,512.49,2023-04-07 14:14:10
MXP,Granadilla de Abona,Espanha,2023,4,99.99,134.48399999999998,153.89,2023-04-07 14:14:10
MXP,Tallin,Estónia,2023,4,99.99,237.0441860465116,248.73,2023-04-07 14:14:10
MXP,Amã,Jordânia,2023,4,100.0,275.6786666666667,240.71,2023-04-07 14:14:10
MXP,Inverness,Reino Unido,2023,3,100.05,103.84125,103.81,2023-04-07 14:14:10
MXP,Lyon,França,2023,2,100.24,186.89315789473685,131.2,2023-04-07 14:14:10
MXP,Frankfurt,Alemanha,2023,4,100.25,137.02023529411764,123.72,2023-04-07 14:14:10
MXP,Agadir,Marrocos,2023,4,100.25,297.6606896551724,259.575,2023-04-07 14:14:10
MXP,Dusseldorf,Alemanha,2023,8,100.29,122.68222222222224,130.08,2023-04-07 14:14:10
MXP,Cork,Irlanda,2023,4,100.5,231.13060606060606,163.56,2023-04-07 14:14:10
MXP,Amesterdão,Holanda,2023,7,100.69,111.71666666666665,115.94,2023-04-07 14:14:10
MXP,Hamburgo,Alemanha,2023,6,100.75,153.5115789473684,136.29,2023-04-07 14:14:10
MXP,Nantes,França,2023,4,100.92,197.74324324324326,164.3,2023-04-07 14:14:10
MXP,Brno,República Checa,2023,3,100.92,151.3425,128.38,2023-04-07 14:14:10
MXP,Aberdeen,Reino Unido,2023,3,100.99,143.15454545454546,145.76,2023-04-07 14:14:10
MXP,Birmingham,Reino Unido,2023,2,101.1,173.92033333333333,185.055,2023-04-07 14:14:10
MXP,Funchal,Portugal,2023,9,101.14,156.95235294117649,119.41,2023-04-07 14:14:10
MXP,Argostoli,Grécia,2023,7,101.14,154.14789473684212,148.75,2023-04-07 14:14:10
MXP,Toulouse,França,2023,9,101.23,131.15,101.25,2023-04-07 14:14:10
MXP,Veneza,Itália,2023,9,101.28,237.89399999999998,216.18,2023-04-07 14:14:10
MXP,Telavive,Israel,2023,12,101.28,101.28,101.28,2023-04-07 14:14:10
MXP,Zurique,Suíça,2023,4,101.29,158.49311111111112,149.83,2023-04-07 14:14:10
MXP,Nottingham,Reino Unido,2023,4,101.32,203.27121951219513,169.77,2023-04-07 14:14:10
MXP,Comiso,Itália,2023,7,101.32,117.20599999999999,102.83,2023-04-07 14:14:10
MXP,Timişoara,Roménia,2023,5,101.32,176.27818181818182,197.83,2023-04-07 14:14:10
MXP,Breslavia,Polónia,2023,5,101.41,146.67033333333333,148.03,2023-04-07 14:14:10
MXP,Chania,Grécia,2023,5,101.84,150.44791666666666,153.16,2023-04-07 14:14:10
MXP,São Sebastião,Espanha,2023,5,101.85,199.48212765957447,168.59,2023-04-07 14:14:10
MXP,Hurghada,Egito,2023,11,101.88,141.49,148.445,2023-04-07 14:14:10
MXP,Leipzig,Alemanha,2023,5,102.0,211.01815789473685,244.55,2023-04-07 14:14:10
MXP,Bratislava,Eslováquia,2023,5,102.02,146.68133333333333,160.86,2023-04-07 14:14:10
MXP,Sharm El Sheikh,Egito,2023,12,102.05,149.23999999999998,138.53,2023-04-07 14:14:10
MXP,Newcastle upon Tyne,Reino Unido,2023,3,102.11,170.01133333333334,158.42,2023-04-07 14:14:10
MXP,Bordéus,França,2023,2,102.22,149.975,117.49,2023-04-07 14:14:10
MXP,Tânger,Marrocos,2023,2,102.24,213.035,204.20499999999998,2023-04-07 14:14:10
MXP,Lodz,Polónia,2023,3,102.42,102.9090909090909,103.01,2023-04-07 14:14:10
MXP,Lamezia Terme,Itália,2023,8,102.87,102.87,102.87,2023-04-07 14:14:10
MXP,Vigo,Espanha,2023,3,102.88,169.1337142857143,142.57,2023-04-07 14:14:10
MXP,Iași,Roménia,2023,5,102.96,171.52338028169015,165.0,2023-04-07 14:14:10
MXP,Reus,Espanha,2023,4,103.16,247.50408163265305,211.84,2023-04-07 14:14:10
MXP,Genebra,Suíça,2023,2,103.16,137.4508510638298,147.64,2023-04-07 14:14:10
MXP,Zagreb,Croácia,2023,6,103.31,155.991,153.055,2023-04-07 14:14:10
MXP,Memmingen,Alemanha,2023,5,103.31,103.31,103.31,2023-04-07 14:14:10
MXP,Karlsruhe,Alemanha,2023,4,103.35,216.17489795918368,179.11,2023-04-07 14:14:10
MXP,Basileia,Suíça,2023,3,103.35,224.24571428571426,157.39,2023-04-07 14:14:10
MXP,Agadir,Marrocos,2023,1,103.68,123.61,131.51,2023-04-07 14:14:10
MXP,Knock,Irlanda,2023,4,103.72,279.7758426966292,257.87,2023-04-07 14:14:10
MXP,Reiquiavique,Islândia,2023,9,103.9,204.01666666666665,232.83,2023-04-07 14:14:10
MXP,Pristina,Kosovo,2023,9,104.08,108.52125,108.525,2023-04-07 14:14:10
MXP,Toulouse,França,2023,6,104.35,130.1957142857143,140.93,2023-04-07 14:14:10
MXP,Lisboa,Portugal,2023,7,104.55,104.55,104.55,2023-04-07 14:14:10
MXP,Suceava,Roménia,2023,2,104.77,286.8488571428571,214.66,2023-04-07 14:14:10
MXP,Tetuão,Marrocos,2023,4,104.81,556.2948648648648,579.36,2023-04-07 14:14:10
MXP,Grenoble,França,2023,3,104.84,136.8930769230769,144.96,2023-04-07 14:14:10
MXP,Erevã,Arménia,2023,3,104.85,182.16061224489798,144.02,2023-04-07 14:14:10
MXP,Varna,Bulgária,2023,2,105.0,176.71142857142857,156.89,2023-04-07 14:14:10
MXP,Estugarda,Alemanha,2023,2,105.0,242.55259999999998,160.47,2023-04-07 14:14:10
MXP,Iași,Roménia,2023,2,105.0,193.0484210526316,163.78,2023-04-07 14:14:10
MXP,Sharm El Sheikh,Egito,2024,2,105.13,121.244,105.42,2023-04-07 14:14:10
MXP,Rodes,Grécia,2023,3,105.15,162.744,165.46,2023-04-07 14:14:10
MXP,Jerez de la Frontera,Espanha,2023,3,105.28,245.20953846153847,173.01,2023-04-07 14:14:10
MXP,Faro,Portugal,2023,8,105.33,219.33,236.73,2023-04-07 14:14:10
MXP,Zurique,Suíça,2023,6,105.55,109.5942857142857,110.34,2023-04-07 14:14:10
MXP,Zurique,Suíça,2023,11,105.75,108.90083333333332,109.22,2023-04-07 14:14:10
MXP,Edimburgo,Reino Unido,2024,3,106.06,106.06,106.06,2023-04-07 14:14:10
MXP,Santiago de Compostela,Espanha,2023,10,106.06,174.79333333333332,163.74,2023-04-07 14:14:10
MXP,Cluj,Roménia,2023,5,106.08,168.019375,152.04500000000002,2023-04-07 14:14:10
MXP,Glasgow,Reino Unido,2023,5,106.15,135.32945945945949,114.09,2023-04-07 14:14:10
MXP,Granada,Espanha,2023,11,106.61,132.63142857142856,137.15,2023-04-07 14:14:10
MXP,Dortmund,Alemanha,2023,2,106.73,211.29083333333332,150.02,2023-04-07 14:14:10
MXP,Funchal,Portugal,2023,12,106.85,106.85,106.85,2023-04-07 14:14:10
MXP,Bordéus,França,2023,7,106.87,218.0335714285714,144.745,2023-04-07 14:14:10
MXP,La Corunha,Espanha,2023,3,106.92,177.18842105263158,157.05,2023-04-07 14:14:10
MXP,Zurique,Suíça,2023,9,106.99,192.57714285714286,107.51,2023-04-07 14:14:10
MXP,Rovaniemi,Finlândia,2023,3,107.01,269.5435606060606,205.485,2023-04-07 14:14:10
MXP,Bruxelas,Bélgica,2023,7,107.08,107.08,107.08,2023-04-07 14:14:10
MXP,Pafos,Chipre,2023,5,107.13,173.24418181818183,131.34,2023-04-07 14:14:10
MXP,Casablanca,Marrocos,2024,1,107.18,139.50333333333333,144.62,2023-04-07 14:14:10
MXP,Casablanca,Marrocos,2023,10,107.28,142.87761904761905,145.3,2023-04-07 14:14:10
MXP,Billund,Dinamarca,2023,1,107.39,117.5825,117.57,2023-04-07 14:14:10
MXP,Rodes,Grécia,2023,7,107.39,189.79529411764705,186.76,2023-04-07 14:14:10
MXP,Inverness,Reino Unido,2023,6,107.44,156.24580310880827,145.54,2023-04-07 14:14:10
MXP,Birmingham,Reino Unido,2023,8,107.55,236.75571428571428,230.99,2023-04-07 14:14:10
MXP,Dublin,Irlanda,2023,7,107.55,107.55,107.55,2023-04-07 14:14:10
MXP,Glasgow,Reino Unido,2023,2,107.58,158.32999999999998,153.365,2023-04-07 14:14:10
MXP,Florença,Itália,2023,2,107.6,200.72315789473683,116.7,2023-04-07 14:14:10
MXP,Jidá,Arábia Saudita,2023,5,107.66,151.76902439024389,138.39,2023-04-07 14:14:10
MXP,Zagreb,Croácia,2023,1,107.77,130.55,121.37,2023-04-07 14:14:10
MXP,Zurique,Suíça,2023,10,107.91,126.97500000000001,136.18,2023-04-07 14:14:10
MXP,Dusseldorf,Alemanha,2023,4,108.01,146.3046835443038,140.03,2023-04-07 14:14:10
MXP,Kaunas,Lituânia,2023,3,108.09,143.6602380952381,153.23,2023-04-07 14:14:10
MXP,Santander,Espanha,2023,6,108.12,163.31452380952382,156.59,2023-04-07 14:14:10
MXP,Karlsruhe,Alemanha,2023,2,108.26,229.21772727272727,128.035,2023-04-07 14:14:10
MXP,Abu Dhabi,Emirados Árabes Unidos,2024,2,108.28,120.30666666666666,108.32,2023-04-07 14:14:10
MXP,Casablanca,Marrocos,2023,2,108.31,137.90470588235294,127.58,2023-04-07 14:14:10
MXP,Casablanca,Marrocos,2023,3,108.31,184.4045070422535,163.66,2023-04-07 14:14:10
MXP,Zurique,Suíça,2023,3,108.49,147.74381818181817,152.02,2023-04-07 14:14:10
MXP,Funchal,Portugal,2023,7,108.63,127.72,127.72,2023-04-07 14:14:10
MXP,Pescara,Itália,2023,9,108.68,1047.6042857142857,1444.09,2023-04-07 14:14:10
MXP,Jerez de la Frontera,Espanha,2023,2,108.69,226.48499999999999,222.45,2023-04-07 14:14:10
MXP,Dubrovnik,Croácia,2023,6,108.69,262.0891304347826,185.27,2023-04-07 14:14:10
MXP,Zurique,Suíça,2023,7,108.71,115.41225,110.24,2023-04-07 14:14:10
MXP,Míconos,Grécia,2023,8,108.73,206.40444444444447,189.45,2023-04-07 14:14:10
MXP,Abu Dhabi,Emirados Árabes Unidos,2024,1,108.83,156.57266666666666,139.235,2023-04-07 14:14:10
MXP,Kaunas,Lituânia,2023,2,108.88,212.16970588235293,186.77,2023-04-07 14:14:10
MXP,Jidá,Arábia Saudita,2023,9,108.88,149.87382978723403,138.41,2023-04-07 14:14:10
MXP,Zurique,Suíça,2023,12,109.03,109.60625,109.43,2023-04-07 14:14:10
MXP,Salónica,Grécia,2023,1,109.23,117.935,113.36,2023-04-07 14:14:10
MXP,Quichinau,Moldávia,2023,1,109.37,132.345,140.0,2023-04-07 14:14:10
MXP,Jidá,Arábia Saudita,2023,10,109.4,224.5063157894737,140.2,2023-04-07 14:14:10
MXP,Marselha,França,2023,6,109.64,313.94733333333335,232.65,2023-04-07 14:14:10
MXP,Dusseldorf,Alemanha,2023,5,109.66,139.9823076923077,134.1,2023-04-07 14:14:10
MXP,Newcastle upon Tyne,Reino Unido,2023,5,109.74,149.9534375,146.815,2023-04-07 14:14:10
MXP,Bremen,Alemanha,2023,4,109.79,216.48188118811882,182.04,2023-04-07 14:14:10
MXP,Leeds,Reino Unido,2023,5,109.84,316.16133333333335,216.72,2023-04-07 14:14:10
MXP,Lamezia Terme,Itália,2023,7,110.02,110.02,110.02,2023-04-07 14:14:10
MXP,Puerto del Rosario,Espanha,2023,12,110.03,110.03,110.03,2023-04-07 14:14:10
MXP,Nuremberga,Alemanha,2023,4,110.24,167.19156862745098,160.28,2023-04-07 14:14:10
MXP,Jidá,Arábia Saudita,2023,6,110.24,142.09514285714286,140.01,2023-04-07 14:14:10
MXP,Dubrovnik,Croácia,2023,5,110.24,202.24138888888888,197.32999999999998,2023-04-07 14:14:10
MXP,Tallin,Estónia,2023,9,110.31,125.2440909090909,124.94,2023-04-07 14:14:10
MXP,Lampedusa,Itália,2023,9,110.34,225.66166666666666,224.04,2023-04-07 14:14:10
MXP,Varsóvia,Polónia,2023,10,110.34,129.08454545454543,139.1,2023-04-07 14:14:10
MXP,Verona,Itália,2023,7,110.4,302.42777777777775,110.57,2023-04-07 14:14:10
MXP,Ponta Delgada,Portugal,2023,3,110.41,171.51600000000002,144.485,2023-04-07 14:14:10
MXP,Amã,Jordânia,2023,7,110.68,177.57142857142858,146.695,2023-04-07 14:14:10
MXP,Pisa,Itália,2023,4,110.74,539.1491891891892,157.18,2023-04-07 14:14:10
MXP,Zagreb,Croácia,2023,4,110.76,153.5016129032258,137.73,2023-04-07 14:14:10
MXP,Estugarda,Alemanha,2023,6,110.76,158.4321052631579,160.54,2023-04-07 14:14:10
MXP,Saint Peter,Jersey,2023,5,110.8,111.30222222222223,111.29,2023-04-07 14:14:10
MXP,Sharm El Sheikh,Egito,2023,5,110.88,186.56733333333332,191.49,2023-04-07 14:14:10
MXP,Granada,Espanha,2023,10,111.02,137.043125,142.47,2023-04-07 14:14:10
MXP,Granada,Espanha,2023,2,111.21,150.18666666666667,160.56,2023-04-07 14:14:10
MXP,Inverness,Reino Unido,2023,4,111.21,219.50538461538463,231.66500000000002,2023-04-07 14:14:10
MXP,Trieste,Itália,2023,5,111.23,2014.7405714285715,137.3,2023-04-07 14:14:10
MXP,Knock,Irlanda,2023,7,111.27,538.9575757575757,816.16,2023-04-07 14:14:10
MXP,Vigo,Espanha,2023,6,111.67,182.27999999999997,157.65,2023-04-07 14:14:10
MXP,Casablanca,Marrocos,2023,9,111.91,150.42529411764707,132.04,2023-04-07 14:14:10
MXP,Tuzla,Bósnia-Herzegóvina,2023,2,111.93,238.1794444444444,257.79499999999996,2023-04-07 14:14:10
MXP,Granada,Espanha,2023,5,111.93,168.77458333333334,159.525,2023-04-07 14:14:10
MXP,Florença,Itália,2023,4,112.08,526.035243902439,310.725,2023-04-07 14:14:10
MXP,Casablanca,Marrocos,2023,6,112.11,149.3153846153846,135.13,2023-04-07 14:14:10
MXP,Granada,Espanha,2023,6,112.13,169.21117647058824,165.11,2023-04-07 14:14:10
MXP,Escíato,Grécia,2023,8,112.13,239.84925925925927,250.9,2023-04-07 14:14:10
MXP,Corfú,Grécia,2023,5,112.23,150.193,156.0,2023-04-07 14:14:10
MXP,La Corunha,Espanha,2023,2,112.37,140.64222222222222,133.35,2023-04-07 14:14:10
MXP,Vilnius,Lituânia,2023,5,112.84,167.92489795918368,150.13,2023-04-07 14:14:10
MXP,Istambul,Turquia,2023,3,112.85,155.49232142857142,150.865,2023-04-07 14:14:10
MXP,Vitória,Espanha,2023,3,112.96,130.40566666666666,120.54,2023-04-07 14:14:10
MXP,Aarhus,Dinamarca,2023,8,113.04,210.26909090909092,165.21,2023-04-07 14:14:10
MXP,Gdansk,Polónia,2023,6,113.07,129.028125,127.8,2023-04-07 14:14:10
MXP,Oslo,Noruega,2023,10,113.09,160.705,172.35,2023-04-07 14:14:10
MXP,Aberdeen,Reino Unido,2023,6,113.13,229.71355555555553,228.89,2023-04-07 14:14:10
MXP,Lyon,França,2023,4,113.14,181.56732558139535,175.175,2023-04-07 14:14:10
MXP,Nice,França,2023,10,113.44,113.45333333333333,113.46,2023-04-07 14:14:10
MXP,Edimburgo,Reino Unido,2023,10,113.44,116.30999999999999,117.07,2023-04-07 14:14:10
MXP,Belfast,Reino Unido,2023,3,113.49,814.661052631579,122.29,2023-04-07 14:14:10
MXP,Dusseldorf,Alemanha,2023,6,113.66,136.48,113.96,2023-04-07 14:14:10
MXP,Estocolmo,Suécia,2023,9,113.79,139.76333333333335,152.75,2023-04-07 14:14:10
MXP,Bolonha,Itália,2023,7,113.81,271.07666666666665,349.71,2023-04-07 14:14:10
MXP,Basileia,Suíça,2023,5,114.09,201.32466666666667,143.505,2023-04-07 14:14:10
MXP,Bratislava,Eslováquia,2023,2,114.21,251.1385294117647,167.75,2023-04-07 14:14:10
MXP,Dortmund,Alemanha,2023,6,114.42,234.93099999999998,201.535,2023-04-07 14:14:10
MXP,Vitória,Espanha,2023,6,114.76,133.40111111111113,114.82,2023-04-07 14:14:10
MXP,Tallin,Estónia,2023,5,114.87,166.73307692307694,169.41,2023-04-07 14:14:10
MXP,Foggia,Itália,2023,5,114.93,155.51423076923078,161.91,2023-04-07 14:14:10
MXP,Kosice,Eslováquia,2023,4,115.03,307.1678787878788,266.92499999999995,2023-04-07 14:14:10
MXP,Lárnaca,Chipre,2023,7,115.13,188.43615384615384,188.3,2023-04-07 14:14:10
MXP,Nottingham,Reino Unido,2023,5,115.22,518.4362500000001,136.27,2023-04-07 14:14:10
MXP,Edimburgo,Reino Unido,2023,9,115.24,141.12,117.67,2023-04-07 14:14:10
MXP,Casablanca,Marrocos,2023,5,115.54,177.6248979591837,180.45,2023-04-07 14:14:10
MXP,Kaunas,Lituânia,2023,4,115.6,282.7144262295082,220.91,2023-04-07 14:14:10
MXP,Luqa,Malta,2023,8,115.71,174.46,174.46,2023-04-07 14:14:10
MXP,Fes,Marrocos,2023,9,115.83,116.015,116.015,2023-04-07 14:14:10
MXP,Cardiff,Reino Unido,2023,3,115.88,238.2295081967213,201.93,2023-04-07 14:14:10
MXP,Saragoça,Espanha,2023,5,116.05,160.65050000000002,144.93,2023-04-07 14:14:10
MXP,Zaquinto,Grécia,2023,8,116.06,245.33,213.47,2023-04-07 14:14:10
MXP,Hurghada,Egito,2024,2,116.23,116.43857142857142,116.29,2023-04-07 14:14:10
MXP,Pescara,Itália,2023,6,116.23,198.69333333333333,186.09,2023-04-07 14:14:10
MXP,Bergen,Noruega,2023,3,116.39,201.72384615384615,183.57,2023-04-07 14:14:10
MXP,Catânia,Itália,2023,8,116.47,116.47,116.47,2023-04-07 14:14:10
MXP,Florença,Itália,2023,8,116.66,159.38555555555556,162.13,2023-04-07 14:14:10
MXP,Ponta Delgada,Portugal,2023,2,116.72,149.39090909090908,139.79,2023-04-07 14:14:10
MXP,Granada,Espanha,2023,9,116.75,152.21833333333333,153.115,2023-04-07 14:14:10
MXP,Vilnius,Lituânia,2023,4,116.98,199.19350649350648,178.74,2023-04-07 14:14:10
MXP,Katovice,Polónia,2023,1,116.98,136.716,149.81,2023-04-07 14:14:10
MXP,Pescara,Itália,2023,2,117.09,159.24172413793104,157.5,2023-04-07 14:14:10
MXP,Dusseldorf,Alemanha,2023,9,117.25,125.352,120.36,2023-04-07 14:14:10
MXP,Argostoli,Grécia,2023,5,117.25,150.34083333333334,139.695,2023-04-07 14:14:10
MXP,Estugarda,Alemanha,2023,4,117.32,167.06757894736842,172.11,2023-04-07 14:14:10
MXP,Brno,República Checa,2023,5,117.54,323.21541666666667,271.08000000000004,2023-04-07 14:14:10
MXP,Rzeszów,Polónia,2023,3,117.64,160.0822222222222,117.905,2023-04-07 14:14:10
MXP,Varsóvia,Polónia,2023,7,117.66,145.84,145.72,2023-04-07 14:14:10
MXP,Limoges,França,2023,4,117.66,265.4335714285714,315.91,2023-04-07 14:14:10
MXP,Katovice,Polónia,2023,4,118.0,180.87724137931033,175.74,2023-04-07 14:14:10
MXP,Marselha,França,2023,10,118.06,118.16000000000001,118.21,2023-04-07 14:14:10
MXP,Newcastle upon Tyne,Reino Unido,2023,6,118.06,230.8426530612245,228.0,2023-04-07 14:14:10
MXP,Dortmund,Alemanha,2023,4,118.21,267.1147297297297,261.495,2023-04-07 14:14:10
MXP,Palanga,Lituânia,2023,3,118.36,118.49727272727273,118.41,2023-04-07 14:14:10
MXP,Préveza,Grécia,2023,8,118.49,345.70115942028986,296.42,2023-04-07 14:14:10
MXP,Suceava,Roménia,2023,1,118.56,128.57999999999998,128.57999999999998,2023-04-07 14:14:10
MXP,Perugia,Itália,2023,4,118.58,213.66,174.43,2023-04-07 14:14:10
MXP,Arrecife,Espanha,2023,7,118.77,176.89615384615385,133.35,2023-04-07 14:14:10
MXP,Hurghada,Egito,2023,10,118.82,236.50166666666667,262.02,2023-04-07 14:14:10
MXP,Cork,Irlanda,2023,7,118.88,184.89772727272728,175.79500000000002,2023-04-07 14:14:10
MXP,Aberdeen,Reino Unido,2023,5,118.99,172.35695652173914,154.96,2023-04-07 14:14:10
MXP,Dusseldorf,Alemanha,2023,2,119.27,139.8376,142.54,2023-04-07 14:14:10
MXP,Abu Dhabi,Emirados Árabes Unidos,2023,12,119.43,148.12142857142857,142.92,2023-04-07 14:14:10
MXP,Lajes,Portugal,2023,2,119.48,145.42999999999998,136.94,2023-04-07 14:14:10
MXP,Hamburgo,Alemanha,2023,9,119.5,119.5,119.5,2023-04-07 14:14:10
MXP,Katovice,Polónia,2023,5,119.5,151.61833333333334,140.64,2023-04-07 14:14:10
MXP,Nis,Sérvia,2023,2,119.53,248.243125,211.52,2023-04-07 14:14:10
MXP,Zurique,Suíça,2023,2,119.55,161.204375,164.08499999999998,2023-04-07 14:14:10
MXP,Maastricht,Holanda,2023,2,119.74,270.9096875,240.79,2023-04-07 14:14:10
MXP,Cluj,Roménia,2023,4,119.87,284.75687943262415,228.49,2023-04-07 14:14:10
MXP,Manchester,Reino Unido,2023,7,119.87,147.57142857142858,148.43,2023-04-07 14:14:10
MXP,Estugarda,Alemanha,2023,3,120.04,154.25353846153845,152.44,2023-04-07 14:14:10
MXP,Marselha,França,2023,8,120.11,144.87714285714284,124.32,2023-04-07 14:14:10
MXP,Casablanca,Marrocos,2023,11,120.19,146.495,145.475,2023-04-07 14:14:10
MXP,Figari,França,2023,6,120.3,282.0225,305.59,2023-04-07 14:14:10
MXP,Budapeste,Hungria,2023,8,120.3,120.43800000000002,120.42,2023-04-07 14:14:10
MXP,Lyon,França,2023,7,120.34,120.80666666666667,121.04,2023-04-07 14:14:10
MXP,Agadir,Marrocos,2023,5,120.42,235.27119402985076,199.89,2023-04-07 14:14:10
MXP,Genebra,Suíça,2024,1,120.84,120.83999999999999,120.84,2023-04-07 14:14:10
MXP,Reus,Espanha,2023,3,121.04,184.04304347826087,127.2,2023-04-07 14:14:10
MXP,Corvera,Espanha,2023,5,121.3,192.29636363636362,121.5,2023-04-07 14:14:10
MXP,Erevã,Arménia,2023,8,121.31,287.4630769230769,333.39,2023-04-07 14:14:10
MXP,Kosice,Eslováquia,2023,2,121.39,163.08481481481482,184.49,2023-04-07 14:14:10
MXP,Tânger,Marrocos,2023,9,121.45,397.09375,130.71,2023-04-07 14:14:10
MXP,Rennes,França,2023,3,121.58,249.502,215.15,2023-04-07 14:14:10
MXP,Santiago de Compostela,Espanha,2023,9,121.74,166.15,167.24,2023-04-07 14:14:10
MXP,Estugarda,Alemanha,2023,5,121.9,146.64263157894737,134.425,2023-04-07 14:14:10
MXP,Sevilha,Espanha,2024,1,122.11,122.11,122.11,2023-04-07 14:14:10
MXP,Belgrado,Sérvia,2023,5,122.16,160.92576923076922,148.525,2023-04-07 14:14:10
MXP,Bolonha,Itália,2023,9,122.23,129.3166666666667,122.29,2023-04-07 14:14:10
MXP,Florença,Itália,2023,3,122.33,317.0507317073171,276.53,2023-04-07 14:14:10
MXP,Vilnius,Lituânia,2023,10,122.35,175.83999999999997,178.83499999999998,2023-04-07 14:14:10
MXP,Newcastle upon Tyne,Reino Unido,2023,4,122.88,247.7294827586207,203.12,2023-04-07 14:14:10
MXP,Belgrado,Sérvia,2023,8,123.0,141.015625,134.585,2023-04-07 14:14:10
MXP,Essaouira,Marrocos,2023,3,123.08,199.05483870967743,194.14,2023-04-07 14:14:10
MXP,Abu Dhabi,Emirados Árabes Unidos,2023,3,123.13,185.38783783783785,163.25,2023-04-07 14:14:10
MXP,Breslavia,Polónia,2023,4,123.14,181.93045977011496,175.91,2023-04-07 14:14:10
MXP,Poznań,Polónia,2023,6,123.18,228.56772727272727,254.345,2023-04-07 14:14:10
MXP,Trondheim,Noruega,2023,2,123.25,238.7288888888889,271.71,2023-04-07 14:14:10
MXP,Pafos,Chipre,2023,6,123.45,194.746,171.92000000000002,2023-04-07 14:14:10
MXP,Lyon,França,2023,5,123.45,148.0207894736842,148.86,2023-04-07 14:14:10
MXP,Cracóvia,Polónia,2023,8,123.6,180.585,179.265,2023-04-07 14:14:10
MXP,Rodes,Grécia,2023,9,123.72,186.26055555555556,168.405,2023-04-07 14:14:10
MXP,Abu Dhabi,Emirados Árabes Unidos,2023,10,123.91,209.25333333333333,177.82,2023-04-07 14:14:10
MXP,Belgrado,Sérvia,2023,6,123.93,156.48703703703703,149.35,2023-04-07 14:14:10
MXP,Aberdeen,Reino Unido,2023,2,123.99,132.93166666666667,124.35,2023-04-07 14:14:10
MXP,Poznań,Polónia,2023,7,124.07,161.8125,177.44,2023-04-07 14:14:10
MXP,Marselha,França,2023,7,124.12,249.12111111111113,186.08,2023-04-07 14:14:10
MXP,Jerez de la Frontera,Espanha,2023,10,124.16,145.7875,140.02499999999998,2023-04-07 14:14:10
MXP,Birmingham,Reino Unido,2023,4,124.36,211.74476744186046,202.55,2023-04-07 14:14:10
MXP,Vigo,Espanha,2023,4,124.67,222.62841463414634,178.6,2023-04-07 14:14:10
MXP,Nice,França,2023,7,124.77,165.7118181818182,141.28,2023-04-07 14:14:10
MXP,Quichinau,Moldávia,2023,4,124.77,200.053908045977,179.05,2023-04-07 14:14:10
MXP,Porto Santo,Portugal,2023,2,124.78,156.29153846153847,154.74,2023-04-07 14:14:10
MXP,Escópia,Macedónia do Norte,2023,7,124.94,153.84615384615384,144.04,2023-04-07 14:14:10
MXP,Sibiu,Roménia,2023,2,124.99,173.43533333333335,158.14,2023-04-07 14:14:10
MXP,Lárnaca,Chipre,2023,4,125.02,194.0204347826087,182.76,2023-04-07 14:14:10
MXP,Nis,Sérvia,2023,3,125.06,298.9763888888889,204.21,2023-04-07 14:14:10
MXP,Liverpool,Reino Unido,2023,5,125.26,300.5678947368421,245.61,2023-04-07 14:14:10
MXP,Glasgow,Reino Unido,2023,6,125.28,180.61977528089886,178.06,2023-04-07 14:14:10
MXP,Casablanca,Marrocos,2024,2,125.4,125.4,125.4,2023-04-07 14:14:10
MXP,Varsóvia,Polónia,2023,8,125.43,133.42000000000002,133.42000000000002,2023-04-07 14:14:10
MXP,Nice,França,2023,9,125.7,150.22142857142856,140.77,2023-04-07 14:14:10
MXP,Santander,Espanha,2023,9,125.78,141.03727272727272,126.1,2023-04-07 14:14:10
MXP,Lyon,França,2023,6,125.92,151.435,157.72,2023-04-07 14:14:10
MXP,Castellón de la Plana,Espanha,2023,5,125.94,136.54923076923075,125.96,2023-04-07 14:14:10
MXP,Santiago de Compostela,Espanha,2023,7,125.96,220.97285714285715,221.34,2023-04-07 14:14:10
MXP,Vigo,Espanha,2023,9,126.05,138.83,130.96,2023-04-07 14:14:10
MXP,Bournemouth,Reino Unido,2023,5,126.17,162.70277777777778,176.06,2023-04-07 14:14:10
MXP,Basileia,Suíça,2023,6,126.26,210.20641025641024,208.13,2023-04-07 14:14:10
MXP,Vigo,Espanha,2023,2,126.38,169.99714285714285,164.75,2023-04-07 14:14:10
MXP,Foggia,Itália,2023,3,126.42,213.92838709677417,160.12,2023-04-07 14:14:10
MXP,Bordéus,França,2024,3,126.54,132.31,132.31,2023-04-07 14:14:10
MXP,Liverpool,Reino Unido,2023,4,126.61,245.52759493670885,200.16,2023-04-07 14:14:10
MXP,Oujda,Marrocos,2023,3,127.06,269.76916666666665,280.58,2023-04-07 14:14:10
MXP,Marraquexe,Marrocos,2023,7,127.11,127.11,127.11,2023-04-07 14:14:10
MXP,Roma,Itália,2023,7,127.29,127.29,127.29,2023-04-07 14:14:10
MXP,Varna,Bulgária,2023,5,127.36,189.6185294117647,161.395,2023-04-07 14:14:10
MXP,Sharm El Sheikh,Egito,2023,3,127.53,221.5075,202.99,2023-04-07 14:14:10
MXP,Munique,Alemanha,2023,3,127.56,164.53714285714287,159.79,2023-04-07 14:14:10
MXP,Pantelária,Itália,2023,6,127.62,189.13,189.31,2023-04-07 14:14:10
MXP,Quichinau,Moldávia,2023,9,127.64,181.57625,162.13,2023-04-07 14:14:10
MXP,Leeds,Reino Unido,2023,2,127.75,190.16649999999998,208.26,2023-04-07 14:14:10
MXP,Sófia,Bulgária,2023,1,127.75,127.75,127.75,2023-04-07 14:14:10
MXP,Marsa Alam,Egito,2023,6,128.04,260.558,275.32,2023-04-07 14:14:10
MXP,Agadir,Marrocos,2023,6,128.19,204.4390909090909,182.03,2023-04-07 14:14:10
MXP,Genebra,Suíça,2023,11,128.21,128.3166666666667,128.37,2023-04-07 14:14:10
MXP,Lourdes,França,2023,8,128.23,305.24,277.23,2023-04-07 14:14:10
MXP,Pafos,Chipre,2023,4,128.24,233.21064102564102,202.79,2023-04-07 14:14:10
MXP,Turim,Itália,2023,4,128.39,468.48638297872344,471.28,2023-04-07 14:14:10
MXP,Katovice,Polónia,2023,6,128.41,185.50714285714284,196.42,2023-04-07 14:14:10
MXP,Belgrado,Sérvia,2023,9,128.42,158.6825,168.42,2023-04-07 14:14:10
MXP,Leipzig,Alemanha,2023,3,128.42,267.02140625,246.74,2023-04-07 14:14:10
MXP,Oujda,Marrocos,2023,2,128.55,302.8076363636364,276.05,2023-04-07 14:14:10
MXP,Casablanca,Marrocos,2023,4,128.59,244.13129032258064,201.24,2023-04-07 14:14:10
MXP,Gizé,Egito,2023,11,128.94,225.8322222222222,129.25,2023-04-07 14:14:10
MXP,Oslo,Noruega,2023,9,129.18,143.99142857142857,145.88,2023-04-07 14:14:10
MXP,Belgrado,Sérvia,2023,10,129.35,130.085,129.985,2023-04-07 14:14:10
MXP,Târgu Mureş,Roménia,2023,2,129.46,129.78142857142856,129.46,2023-04-07 14:14:10
MXP,Astúrias,Espanha,2023,6,129.52,177.2461904761905,166.07,2023-04-07 14:14:10
MXP,Billund,Dinamarca,2023,4,129.59,192.045,180.29000000000002,2023-04-07 14:14:10
MXP,Hurghada,Egito,2023,12,129.62,238.86599999999999,244.55,2023-04-07 14:14:10
MXP,Trieste,Itália,2023,10,129.62,129.62,129.62,2023-04-07 14:14:10
MXP,Riga,Letónia,2023,7,129.67,172.50454545454545,160.28,2023-04-07 14:14:10
MXP,Salzburgo,Áustria,2023,2,129.69,327.101,305.47,2023-04-07 14:14:10
MXP,São Sebastião,Espanha,2023,3,129.69,234.56657894736844,189.82,2023-04-07 14:14:10
MXP,Ancona,Itália,2023,6,129.73,425.2176470588235,630.1,2023-04-07 14:14:10
MXP,Astúrias,Espanha,2023,8,129.74,384.9386206896551,247.34,2023-04-07 14:14:10
MXP,Cork,Irlanda,2023,8,130.21,335.698,212.815,2023-04-07 14:14:10
MXP,Jerez de la Frontera,Espanha,2023,6,130.21,207.46515151515152,167.77,2023-04-07 14:14:10
MXP,Amã,Jordânia,2023,9,130.28,245.9414285714286,322.47,2023-04-07 14:14:10
MXP,Girona,Espanha,2023,6,130.28,253.16596153846154,218.925,2023-04-07 14:14:10
MXP,Dortmund,Alemanha,2023,1,130.34,144.50799999999998,130.56,2023-04-07 14:14:10
MXP,Perpinhã,França,2023,4,130.37,322.3992857142857,321.48,2023-04-07 14:14:10
MXP,Florença,Itália,2023,6,130.43,348.4310344827586,238.54,2023-04-07 14:14:10
MXP,Saint Peter,Jersey,2023,1,130.51,130.64,130.56,2023-04-07 14:14:10
MXP,Nice,França,2023,8,130.54,191.718,181.07,2023-04-07 14:14:10
MXP,Florença,Itália,2023,7,130.55,253.43666666666667,270.24,2023-04-07 14:14:10
MXP,Frankfurt,Alemanha,2023,7,130.7,155.47549999999998,134.02499999999998,2023-04-07 14:14:10
MXP,Bristol,Reino Unido,2023,2,130.79,299.0683333333333,274.19,2023-04-07 14:14:10
MXP,Casablanca,Marrocos,2023,1,130.79,141.63,147.05,2023-04-07 14:14:10
MXP,Oslo,Noruega,2023,8,131.04,206.11363636363637,200.28,2023-04-07 14:14:10
MXP,Eindhoven,Holanda,2023,6,131.18,203.3591111111111,165.76,2023-04-07 14:14:10
MXP,Istambul,Turquia,2023,11,131.47,156.2375,149.625,2023-04-07 14:14:10
MXP,Dresden,Alemanha,2023,3,131.52,224.38179487179485,233.8,2023-04-07 14:14:10
MXP,Istambul,Turquia,2023,5,131.83,170.3788888888889,169.32,2023-04-07 14:14:10
MXP,Argostoli,Grécia,2023,8,132.17,263.16236111111107,223.47,2023-04-07 14:14:10
MXP,Tetuão,Marrocos,2023,5,132.37,216.3681818181818,157.7,2023-04-07 14:14:10
MXP,Abu Dhabi,Emirados Árabes Unidos,2023,11,132.8,158.2863157894737,153.21,2023-04-07 14:14:10
MXP,Belfast,Reino Unido,2023,5,132.8,186.48285714285717,132.83,2023-04-07 14:14:10
MXP,Lyon,França,2023,9,132.88,140.88285714285715,136.73,2023-04-07 14:14:10
MXP,Helsínquia,Finlândia,2023,10,133.04,149.03857142857143,157.29,2023-04-07 14:14:10
MXP,Tours,França,2023,3,133.07,133.28375,133.25,2023-04-07 14:14:10
MXP,Sharm El Sheikh,Egito,2023,6,133.36,179.86478260869566,164.23,2023-04-07 14:14:10
MXP,Florença,Itália,2023,5,133.38,432.26586206896553,167.3,2023-04-07 14:14:10
MXP,Turim,Itália,2023,6,133.4,635.8163636363636,955.24,2023-04-07 14:14:10
MXP,Girona,Espanha,2023,4,133.55,359.2051219512195,296.43,2023-04-07 14:14:10
MXP,Dublin,Irlanda,2023,11,133.71,133.72333333333333,133.73,2023-04-07 14:14:10
MXP,Saint Peter,Jersey,2023,3,133.73,133.73,133.73,2023-04-07 14:14:10
MXP,Pescara,Itália,2023,7,133.75,219.01319999999998,205.02,2023-04-07 14:14:10
MXP,Helsínquia,Finlândia,2023,12,133.8,143.506,144.22,2023-04-07 14:14:10
MXP,Bristol,Reino Unido,2023,6,133.91,194.11235294117645,187.52,2023-04-07 14:14:10
MXP,Trieste,Itália,2023,7,133.91,3423.94375,5126.32,2023-04-07 14:14:10
MXP,Istambul,Turquia,2023,4,133.97,179.07263157894738,171.52,2023-04-07 14:14:10
MXP,Debrecen,Hungria,2023,3,134.02,134.81,135.26,2023-04-07 14:14:10
MXP,Sófia,Bulgária,2023,8,134.08,186.5475,190.3,2023-04-07 14:14:10
MXP,Lille,França,2023,3,134.27,199.38526315789474,134.33,2023-04-07 14:14:10
MXP,Telavive,Israel,2023,4,134.32,188.46,171.39999999999998,2023-04-07 14:14:10
MXP,Kutaisi,Geórgia,2023,3,134.48,245.47764705882355,264.0,2023-04-07 14:14:10
MXP,Helsínquia,Finlândia,2023,11,134.65,135.19857142857143,134.67,2023-04-07 14:14:10
MXP,Salónica,Grécia,2023,10,134.65,146.8166666666667,134.65,2023-04-07 14:14:10
MXP,Leeds,Reino Unido,2023,3,134.65,215.00243243243244,220.8,2023-04-07 14:14:10
MXP,Belgrado,Sérvia,2023,7,134.67,165.478,166.835,2023-04-07 14:14:10
MXP,Marselha,França,2023,9,134.85,182.89875,196.01,2023-04-07 14:14:10
MXP,Insbruque,Áustria,2023,3,135.01,280.8090625,200.86,2023-04-07 14:14:10
MXP,Tânger,Marrocos,2023,11,135.18,135.18,135.18,2023-04-07 14:14:10
MXP,Castellón de la Plana,Espanha,2023,4,135.4,303.791,305.57500000000005,2023-04-07 14:14:10
MXP,Dusseldorf,Alemanha,2023,10,135.45,142.72,142.72,2023-04-07 14:14:10
MXP,Estocolmo,Suécia,2023,7,135.63,135.63,135.63,2023-04-07 14:14:10
MXP,Bucareste,Roménia,2023,10,135.63,135.63,135.63,2023-04-07 14:14:10
MXP,Malmo,Suécia,2023,5,135.79,214.7152,192.75,2023-04-07 14:14:10
MXP,Dammam,Arábia Saudita,2023,2,135.79,307.6455555555556,320.78,2023-04-07 14:14:10
MXP,Basileia,Suíça,2023,2,136.02,226.04055555555556,237.75,2023-04-07 14:14:10
MXP,Luleå,Suécia,2023,3,136.08,254.48000000000002,267.43,2023-04-07 14:14:10
MXP,Kutaisi,Geórgia,2023,2,136.08,191.63,177.51,2023-04-07 14:14:10
MXP,Lodz,Polónia,2023,5,136.31,172.3005,175.09,2023-04-07 14:14:10
MXP,Abu Dhabi,Emirados Árabes Unidos,2023,1,136.32,192.53166666666667,192.53500000000003,2023-04-07 14:14:10
MXP,Podgorica,Montenegro,2023,11,136.34,136.345,136.345,2023-04-07 14:14:10
MXP,Girona,Espanha,2023,5,136.38,136.38,136.38,2023-04-07 14:14:10
MXP,Helsínquia,Finlândia,2023,9,136.58,155.17149999999998,150.805,2023-04-07 14:14:10
MXP,Rabate,Marrocos,2023,4,136.6,271.9959574468085,271.475,2023-04-07 14:14:10
MXP,Biarritz,França,2023,4,136.72,222.46875,208.685,2023-04-07 14:14:10
MXP,Kos,Grécia,2023,8,136.73,271.14666666666665,266.0,2023-04-07 14:14:10
MXP,Jidá,Arábia Saudita,2023,12,136.94,215.68818181818185,154.7,2023-04-07 14:14:10
MXP,Almeria,Espanha,2023,5,136.97,274.566875,251.75,2023-04-07 14:14:10
MXP,Vitória,Espanha,2023,4,137.0,291.41015625,315.64,2023-04-07 14:14:10
MXP,Pisa,Itália,2023,6,137.0,575.2443636363637,534.89,2023-04-07 14:14:10
MXP,Helsínquia,Finlândia,2023,1,137.25,137.25,137.25,2023-04-07 14:14:10
MXP,Abu Dhabi,Emirados Árabes Unidos,2023,4,137.34,231.6252,232.65,2023-04-07 14:14:10
MXP,Almeria,Espanha,2023,7,137.45,268.1932432432432,285.24,2023-04-07 14:14:10
MXP,Saragoça,Espanha,2023,7,137.52,193.23600000000002,206.83,2023-04-07 14:14:10
MXP,Aalborg,Dinamarca,2023,4,137.53,246.57631578947368,234.44,2023-04-07 14:14:10
MXP,Kos,Grécia,2023,5,137.53,173.59045454545455,153.115,2023-04-07 14:14:10
MXP,Saragoça,Espanha,2023,6,137.6,334.32199999999995,140.34,2023-04-07 14:14:10
MXP,São Sebastião,Espanha,2023,10,137.96,137.985,137.985,2023-04-07 14:14:10
MXP,Quichinau,Moldávia,2023,8,138.16,177.567,175.34,2023-04-07 14:14:10
MXP,Suceava,Roménia,2023,6,138.21,284.0254545454546,186.84,2023-04-07 14:14:10
MXP,Tirana,Albânia,2023,9,138.22,138.36,138.43,2023-04-07 14:14:10
MXP,Heraclião,Grécia,2023,3,138.39,194.5425,138.39,2023-04-07 14:14:10
MXP,Verona,Itália,2023,6,138.39,138.61666666666665,138.73,2023-04-07 14:14:10
MXP,Jidá,Arábia Saudita,2023,11,138.44,149.96687500000002,154.25,2023-04-07 14:14:10
MXP,Riade,Arábia Saudita,2023,1,138.78,152.1,138.84,2023-04-07 14:14:10
MXP,Istambul,Turquia,2024,1,138.8,138.8,138.8,2023-04-07 14:14:10
MXP,Stavanger,Noruega,2023,3,138.87,208.53566666666666,219.7,2023-04-07 14:14:10
MXP,Gotemburgo,Suécia,2023,6,139.07,175.11916666666664,180.43,2023-04-07 14:14:10
MXP,Rabate,Marrocos,2023,2,139.08,244.8361904761905,218.97,2023-04-07 14:14:10
MXP,Cracóvia,Polónia,2023,7,139.13,164.50666666666666,168.31,2023-04-07 14:14:10
MXP,Jidá,Arábia Saudita,2024,3,139.28,139.28,139.28,2023-04-07 14:14:10
MXP,Dusseldorf,Alemanha,2023,7,139.39,161.53769230769228,163.61,2023-04-07 14:14:10
MXP,Riga,Letónia,2023,8,139.4,160.634,150.82,2023-04-07 14:14:10
MXP,Biarritz,França,2023,5,139.45,270.9958139534884,220.42,2023-04-07 14:14:10
MXP,Riga,Letónia,2023,6,139.46,222.36268292682928,173.41,2023-04-07 14:14:10
MXP,Munique,Alemanha,2023,6,139.49,171.54757575757574,164.51,2023-04-07 14:14:10
MXP,Nova Iorque,Estados Unidos,2023,2,139.52,263.2188235294118,305.12,2023-04-07 14:14:10
MXP,Sharm El Sheikh,Egito,2023,4,139.68,240.35125,231.345,2023-04-07 14:14:10
MXP,Bratislava,Eslováquia,2023,1,139.79,174.79666666666665,182.89,2023-04-07 14:14:10
MXP,Lublin,Polónia,2023,5,139.81,191.71432432432434,193.21,2023-04-07 14:14:10
MXP,Trapani,Itália,2023,7,139.81,213.67888888888888,204.03,2023-04-07 14:14:10
MXP,Tânger,Marrocos,2023,7,139.81,192.66666666666666,169.54,2023-04-07 14:14:10
MXP,Lodz,Polónia,2023,4,139.82,316.43,287.2,2023-04-07 14:14:10
MXP,Abu Dhabi,Emirados Árabes Unidos,2023,2,139.85,255.1482608695652,184.34,2023-04-07 14:14:10
MXP,Quichinau,Moldávia,2023,7,139.95,204.54833333333332,215.685,2023-04-07 14:14:10
MXP,Estugarda,Alemanha,2023,1,140.0,149.42000000000002,152.56,2023-04-07 14:14:10
MXP,Gotemburgo,Suécia,2023,2,140.0,181.4457142857143,162.46,2023-04-07 14:14:10
MXP,Hurghada,Egito,2024,1,140.2,140.285,140.285,2023-04-07 14:14:10
MXP,Genebra,Suíça,2023,10,140.3,140.54333333333332,140.3,2023-04-07 14:14:10
MXP,Frankfurt,Alemanha,2023,8,140.3,156.7825,140.66500000000002,2023-04-07 14:14:10
MXP,Almeria,Espanha,2023,9,140.37,197.92714285714285,207.5,2023-04-07 14:14:10
MXP,Florença,Itália,2023,9,140.37,195.95666666666668,187.04,2023-04-07 14:14:10
MXP,Aqaba,Jordânia,2023,2,140.37,361.5016666666667,291.06,2023-04-07 14:14:10
MXP,Bacau,Roménia,2023,8,140.4,141.375,141.7,2023-04-07 14:14:10
MXP,Antália,Turquia,2023,11,140.59,140.60500000000002,140.60500000000002,2023-04-07 14:14:10
MXP,Banja Luka,Bósnia-Herzegóvina,2023,5,140.64,193.04840000000002,221.54,2023-04-07 14:14:10
MXP,Brno,República Checa,2023,6,140.65,220.3965,141.13,2023-04-07 14:14:10
MXP,Bremen,Alemanha,2023,6,140.67,180.168,181.83,2023-04-07 14:14:10
MXP,Éilat,Israel,2023,2,140.72,277.9511904761905,236.58,2023-04-07 14:14:10
MXP,Vigo,Espanha,2023,8,140.78,230.74142857142857,226.6,2023-04-07 14:14:10
MXP,Zagreb,Croácia,2023,10,140.86,159.39166666666668,159.81,2023-04-07 14:14:10
MXP,Dubrovnik,Croácia,2023,7,140.92,179.51088235294117,170.29,2023-04-07 14:14:10
MXP,Newquay,Reino Unido,2023,4,141.12,251.50075,238.725,2023-04-07 14:14:10
MXP,Ponta Delgada,Portugal,2023,5,141.25,206.9731707317073,217.7,2023-04-07 14:14:10
MXP,Newcastle upon Tyne,Reino Unido,2023,7,141.41,141.775,141.8,2023-04-07 14:14:10
MXP,Genebra,Suíça,2023,1,141.53,141.53,141.53,2023-04-07 14:14:10
MXP,Leipzig,Alemanha,2023,4,141.74,275.9192857142857,254.63,2023-04-07 14:14:10
MXP,Lajes,Portugal,2023,5,142.0,212.49666666666667,202.57,2023-04-07 14:14:10
MXP,Santiago de Compostela,Espanha,2023,8,142.16,201.85500000000002,189.3,2023-04-07 14:14:10
MXP,Tirana,Albânia,2023,7,142.18,165.78444444444443,158.03,2023-04-07 14:14:10
MXP,Istambul,Turquia,2023,10,142.58,161.17416666666668,159.10500000000002,2023-04-07 14:14:10
MXP,Castletown,Ilha de Man,2023,6,142.58,305.7924324324324,317.2,2023-04-07 14:14:10
MXP,Chania,Grécia,2023,8,142.61,305.50351351351355,293.57,2023-04-07 14:14:10
MXP,Dortmund,Alemanha,2023,5,142.63,155.23181818181817,142.94,2023-04-07 14:14:10
MXP,Helsínquia,Finlândia,2023,8,142.87,173.6772222222222,162.68,2023-04-07 14:14:10
MXP,Barcelona,Espanha,2023,8,142.94,142.94,142.94,2023-04-07 14:14:10
MXP,Biarritz,França,2023,6,143.09,201.2695238095238,165.5,2023-04-07 14:14:10
MXP,Estugarda,Alemanha,2023,9,143.13,147.734,144.46,2023-04-07 14:14:10
MXP,Munique,Alemanha,2023,4,143.27,196.3673333333333,181.085,2023-04-07 14:14:10
MXP,Helsínquia,Finlândia,2023,5,143.31,171.49965517241378,165.09,2023-04-07 14:14:10
MXP,Toulouse,França,2023,7,143.4,190.815,190.815,2023-04-07 14:14:10
MXP,Ostrava,República Checa,2023,3,143.54,151.37041666666667,144.88,2023-04-07 14:14:10
MXP,Helsínquia,Finlândia,2023,6,143.93,200.61749999999998,196.005,2023-04-07 14:14:10
MXP,Munique,Alemanha,2024,1,144.02,144.02,144.02,2023-04-07 14:14:10
MXP,Podgorica,Montenegro,2023,8,144.04,176.2681818181818,180.17,2023-04-07 14:14:10
MXP,Munique,Alemanha,2023,11,144.11,149.62714285714287,146.475,2023-04-07 14:14:10
MXP,Knock,Irlanda,2023,9,144.11,144.11,144.11,2023-04-07 14:14:10
MXP,Liverpool,Reino Unido,2023,6,144.24,266.5534482758621,307.29,2023-04-07 14:14:10
MXP,Oslo,Noruega,2023,12,144.33,144.33,144.33,2023-04-07 14:14:10
MXP,Pafos,Chipre,2023,1,144.62,144.62,144.62,2023-04-07 14:14:10
MXP,Almeria,Espanha,2023,6,144.96,190.0295081967213,183.25,2023-04-07 14:14:10
MXP,Jidá,Arábia Saudita,2023,7,145.24,172.7175,185.42000000000002,2023-04-07 14:14:10
MXP,Ancona,Itália,2023,2,145.36,389.10666666666674,510.98,2023-04-07 14:14:10
MXP,Karpathos,Grécia,2023,6,145.4,275.34352,252.48,2023-04-07 14:14:10
MXP,Lajes,Portugal,2023,6,145.44,224.63758620689654,205.95,2023-04-07 14:14:10
MXP,São Sebastião,Espanha,2023,9,145.53,145.68,145.68,2023-04-07 14:14:10
MXP,Reus,Espanha,2023,9,145.73,182.10899999999998,179.33,2023-04-07 14:14:10
MXP,Trieste,Itália,2023,9,145.8,146.33333333333334,146.24,2023-04-07 14:14:10
MXP,Zagreb,Croácia,2023,9,145.99,351.9721052631579,160.49,2023-04-07 14:14:10
MXP,Glasgow,Reino Unido,2023,8,146.09,221.92923076923077,219.94,2023-04-07 14:14:10
MXP,Helsínquia,Finlândia,2023,4,146.09,215.47267857142856,186.975,2023-04-07 14:14:10
MXP,Abu Dhabi,Emirados Árabes Unidos,2023,5,146.22,203.71978260869565,168.165,2023-04-07 14:14:10
MXP,Trieste,Itália,2023,6,146.39,276.6692857142857,151.12,2023-04-07 14:14:10
MXP,Istambul,Turquia,2023,6,146.58,185.08857142857144,174.98000000000002,2023-04-07 14:14:10
MXP,Billund,Dinamarca,2023,8,146.72,179.7425,172.53,2023-04-07 14:14:10
MXP,Túnis,Tunísia,2023,6,146.83,244.28871794871796,209.5,2023-04-07 14:14:10
MXP,Oradea,Roménia,2023,3,146.83,320.0938596491228,311.77,2023-04-07 14:14:10
MXP,Lárnaca,Chipre,2023,11,147.1,148.91,147.53,2023-04-07 14:14:10
MXP,Tânger,Marrocos,2023,10,147.1,147.1,147.1,2023-04-07 14:14:10
MXP,Rimini,Itália,2023,6,147.21,148.269,148.33,2023-04-07 14:14:10
MXP,Timişoara,Roménia,2023,4,147.21,209.4325773195876,192.63,2023-04-07 14:14:10
MXP,Dammam,Arábia Saudita,2023,5,147.29,151.24,154.54,2023-04-07 14:14:10
MXP,Lille,França,2023,6,147.37,152.39666666666665,148.29,2023-04-07 14:14:10
MXP,Genebra,Suíça,2023,6,147.38,166.50884615384615,149.73,2023-04-07 14:14:10
MXP,Maastricht,Holanda,2023,4,147.58,251.82424999999998,247.72,2023-04-07 14:14:10
MXP,Sófia,Bulgária,2023,7,147.64,163.42444444444445,163.425,2023-04-07 14:14:10
MXP,Tirana,Albânia,2023,10,147.74,147.74,147.74,2023-04-07 14:14:10
MXP,Liubliana,Eslovénia,2023,9,147.77,172.7335849056604,163.94,2023-04-07 14:14:10
MXP,Karlsruhe,Alemanha,2023,6,148.0,179.44,148.51,2023-04-07 14:14:10
MXP,Casablanca,Marrocos,2024,3,148.0,148.01500000000001,148.02,2023-04-07 14:14:10
MXP,Lajes,Portugal,2023,3,148.05,217.15918604651162,219.02,2023-04-07 14:14:10
MXP,Tampere,Finlândia,2023,5,148.05,224.18391304347827,255.27,2023-04-07 14:14:10
MXP,Aberdeen,Reino Unido,2023,4,148.22,260.6226315789474,256.46,2023-04-07 14:14:10
MXP,Heraclião,Grécia,2023,8,148.29,241.1883333333333,221.39,2023-04-07 14:14:10
MXP,Timişoara,Roménia,2023,2,148.29,222.16,176.58,2023-04-07 14:14:10
MXP,Alexandria,Egito,2023,6,148.68,246.3481818181818,198.73,2023-04-07 14:14:10
MXP,Genebra,Suíça,2023,4,148.68,167.5575,149.97,2023-04-07 14:14:10
MXP,Dammam,Arábia Saudita,2023,3,148.89,273.0057142857143,176.66,2023-04-07 14:14:10
MXP,Karpathos,Grécia,2023,10,148.9,148.9,148.9,2023-04-07 14:14:10
MXP,Genebra,Suíça,2023,7,148.92,149.06181818181815,148.94,2023-04-07 14:14:10
MXP,Istambul,Turquia,2024,2,148.94,149.18,149.18,2023-04-07 14:14:10
MXP,Newcastle upon Tyne,Reino Unido,2023,9,149.06,273.70142857142855,294.17,2023-04-07 14:14:10
MXP,Lublin,Polónia,2023,4,149.45,281.63936170212764,249.33,2023-04-07 14:14:10
MXP,Reiquiavique,Islândia,2023,6,149.46,226.56916666666666,182.66,2023-04-07 14:14:10
MXP,São Sebastião,Espanha,2023,4,149.55,364.85543859649124,253.76,2023-04-07 14:14:10
MXP,Frankfurt,Alemanha,2023,10,149.61,155.0075,150.29,2023-04-07 14:14:10
MXP,Pantelária,Itália,2023,5,149.71,199.92556962025319,172.63,2023-04-07 14:14:10
MXP,Melilla,Espanha,2023,3,149.81,165.75125,150.13,2023-04-07 14:14:10
MXP,Debrecen,Hungria,2023,8,149.82,149.97555555555556,150.02,2023-04-07 14:14:10
MXP,Kutaisi,Geórgia,2023,6,149.84,212.4248,213.1,2023-04-07 14:14:10
MXP,Túnis,Tunísia,2023,10,149.98,196.0475,150.7,2023-04-07 14:14:10
MXP,Liubliana,Eslovénia,2023,10,150.02,153.1392857142857,155.22,2023-04-07 14:14:10
MXP,Lampedusa,Itália,2023,8,150.33,190.70333333333335,161.815,2023-04-07 14:14:10
MXP,Pristina,Kosovo,2023,7,150.35,260.04200000000003,333.17,2023-04-07 14:14:10
MXP,Sibiu,Roménia,2023,3,150.39,185.49666666666667,194.53,2023-04-07 14:14:10
MXP,Bacau,Roménia,2023,6,150.53,164.89133333333334,169.84,2023-04-07 14:14:10
MXP,Túnis,Tunísia,2023,5,150.77,216.19873015873017,225.03,2023-04-07 14:14:10
MXP,Rennes,França,2023,4,150.89,337.02109589041095,321.52,2023-04-07 14:14:10
MXP,Astúrias,Espanha,2023,7,151.05,167.05450000000002,157.29,2023-04-07 14:14:10
MXP,Palermo,Itália,2023,8,151.15,151.15,151.15,2023-04-07 14:14:10
MXP,Tivat,Montenegro,2023,7,151.3,327.9954716981132,281.04,2023-04-07 14:14:10
MXP,Vigo,Espanha,2023,7,151.32,177.37466666666666,182.42,2023-04-07 14:14:10
MXP,Salónica,Grécia,2023,8,151.71,203.01142857142855,186.08,2023-04-07 14:14:10
MXP,Copenhaga,Dinamarca,2023,7,151.75,151.75,151.75,2023-04-07 14:14:10
MXP,Brno,República Checa,2023,4,151.75,396.8953846153846,386.44,2023-04-07 14:14:10
MXP,Pamplona,Espanha,2023,10,151.81,156.75764705882352,157.09,2023-04-07 14:14:10
MXP,Split,Croácia,2023,4,152.08,191.46761904761905,191.69,2023-04-07 14:14:10
MXP,Iași,Roménia,2023,6,152.09,166.692,156.54500000000002,2023-04-07 14:14:10
MXP,Vilnius,Lituânia,2023,6,152.15,181.06300000000002,178.775,2023-04-07 14:14:10
MXP,Granada,Espanha,2023,7,152.15,176.89777777777778,179.88,2023-04-07 14:14:10
MXP,Salónica,Grécia,2023,7,152.27,191.9788888888889,184.21,2023-04-07 14:14:10
MXP,Friedrichshafen,Alemanha,2023,3,152.44,153.60846153846154,154.05,2023-04-07 14:14:10
MXP,Basileia,Suíça,2023,11,152.58,152.58,152.58,2023-04-07 14:14:10
MXP,Tuzla,Bósnia-Herzegóvina,2023,3,152.64,182.1974193548387,167.93,2023-04-07 14:14:10
MXP,Gdansk,Polónia,2023,7,152.7,191.203,192.56,2023-04-07 14:14:10
MXP,Valladolid,Espanha,2023,3,152.7,356.7744444444445,380.55,2023-04-07 14:14:10
MXP,Rennes,França,2023,5,152.71,212.76869565217393,231.135,2023-04-07 14:14:10
MXP,Rodes,Grécia,2023,8,152.77,220.1640909090909,193.83499999999998,2023-04-07 14:14:10
MXP,Rabate,Marrocos,2023,10,152.77,161.28750000000002,164.21,2023-04-07 14:14:10
MXP,Erevã,Arménia,2023,11,152.78,152.79333333333332,152.8,2023-04-07 14:14:10
MXP,Friedrichshafen,Alemanha,2023,10,152.82,153.3890909090909,153.6,2023-04-07 14:14:10
MXP,Breslavia,Polónia,2023,7,152.9,266.38,199.21,2023-04-07 14:14:10
MXP,Ponta Delgada,Portugal,2023,6,152.91,236.93636363636364,215.08,2023-04-07 14:14:10
MXP,São Sebastião,Espanha,2023,6,153.09,270.5794117647059,178.35000000000002,2023-04-07 14:14:10
MXP,Dubrovnik,Croácia,2023,8,153.14,205.13351351351352,191.23,2023-04-07 14:14:10
MXP,Granada,Espanha,2023,12,153.35,153.60500000000002,153.60500000000002,2023-04-07 14:14:10
MXP,Istambul,Turquia,2023,2,153.48,175.6442857142857,166.71,2023-04-07 14:14:10
MXP,Nuremberga,Alemanha,2023,12,153.54,153.785,153.785,2023-04-07 14:14:10
MXP,Alexandria,Egito,2023,12,153.54,154.186,154.44,2023-04-07 14:14:10
MXP,Nuremberga,Alemanha,2023,10,153.6,153.625,153.625,2023-04-07 14:14:10
MXP,Ostrava,República Checa,2023,4,153.65,288.72799999999995,293.97,2023-04-07 14:14:10
MXP,Nimes,França,2023,5,153.69,204.9825,196.01,2023-04-07 14:14:10
MXP,Santa Cruz de la Palma,Espanha,2023,9,153.69,203.12,203.025,2023-04-07 14:14:10
MXP,Dubrovnik,Croácia,2023,10,153.95,185.4442857142857,179.83,2023-04-07 14:14:10
MXP,Podgorica,Montenegro,2023,9,154.14,155.07333333333332,155.54,2023-04-07 14:14:10
MXP,Saraievo,Bósnia-Herzegóvina,2023,2,154.14,196.31842105263158,210.15,2023-04-07 14:14:10
MXP,Mulhouse,França,2023,3,154.15,529.4891891891891,306.22,2023-04-07 14:14:10
MXP,Liverpool,Reino Unido,2023,1,154.4,154.4,154.4,2023-04-07 14:14:10
MXP,Aalborg,Dinamarca,2023,2,154.4,200.41333333333333,205.715,2023-04-07 14:14:10
MXP,Saraievo,Bósnia-Herzegóvina,2023,5,154.43,211.259,215.29500000000002,2023-04-07 14:14:10
MXP,Tivat,Montenegro,2023,5,154.47,336.66133333333335,229.635,2023-04-07 14:14:10
MXP,Liubliana,Eslovénia,2023,6,154.52,175.68599999999998,155.7,2023-04-07 14:14:10
MXP,Corvera,Espanha,2023,3,154.52,202.8458139534884,203.98,2023-04-07 14:14:10
MXP,Faro,Portugal,2023,11,154.71,154.71,154.71,2023-04-07 14:14:10
MXP,Verona,Itália,2023,5,154.94,486.28363636363633,588.16,2023-04-07 14:14:10
MXP,Saraievo,Bósnia-Herzegóvina,2023,9,154.96,189.56,189.56,2023-04-07 14:14:10
MXP,Bristol,Reino Unido,2023,7,155.08,238.26,242.3,2023-04-07 14:14:10
MXP,Liubliana,Eslovénia,2023,2,155.12,207.27117647058822,155.39,2023-04-07 14:14:10
MXP,Santa Cruz de la Palma,Espanha,2023,5,155.32,245.9892857142857,272.295,2023-04-07 14:14:10
MXP,Iași,Roménia,2023,7,155.36,185.82104166666667,165.785,2023-04-07 14:14:10
MXP,Breslavia,Polónia,2023,6,155.42,158.78,159.72,2023-04-07 14:14:10
MXP,Craiova,Roménia,2023,4,155.58,309.07,302.81,2023-04-07 14:14:10
MXP,Liubliana,Eslovénia,2023,5,155.65,155.65,155.65,2023-04-07 14:14:10
MXP,Edimburgo,Reino Unido,2023,8,155.77,209.95999999999998,220.28,2023-04-07 14:14:10
MXP,Basileia,Suíça,2023,7,155.81,264.245,211.09,2023-04-07 14:14:10
MXP,Billund,Dinamarca,2023,11,155.86,156.0775,156.1,2023-04-07 14:14:10
MXP,Nis,Sérvia,2023,4,155.88,456.1847368421053,335.325,2023-04-07 14:14:10
MXP,Split,Croácia,2023,3,155.92,243.62230769230771,220.92,2023-04-07 14:14:10
MXP,Munique,Alemanha,2023,5,155.97,172.1294117647059,170.06,2023-04-07 14:14:10
MXP,Nottingham,Reino Unido,2023,2,155.97,266.69083333333333,265.71500000000003,2023-04-07 14:14:10
MXP,Sófia,Bulgária,2023,10,156.1,156.1,156.1,2023-04-07 14:14:10
MXP,Suceava,Roménia,2023,5,156.27,255.10421052631582,179.33,2023-04-07 14:14:10
MXP,Glasgow,Reino Unido,2023,9,156.37,193.995,193.995,2023-04-07 14:14:10
MXP,Pamplona,Espanha,2023,3,156.55,309.10350877192985,217.35,2023-04-07 14:14:10
MXP,Casablanca,Marrocos,2023,12,156.71,207.4725925925926,174.01,2023-04-07 14:14:10
MXP,Sófia,Bulgária,2023,9,156.86,157.01000000000002,156.86,2023-04-07 14:14:10
MXP,Glasgow,Reino Unido,2023,7,156.96,204.65315789473684,198.27,2023-04-07 14:14:10
MXP,Lampedusa,Itália,2023,7,157.03,236.77399999999997,246.09,2023-04-07 14:14:10
MXP,Newcastle upon Tyne,Reino Unido,2023,8,157.03,571.3241666666667,184.87,2023-04-07 14:14:10
MXP,Trondheim,Noruega,2023,3,157.12,252.0936842105263,233.39,2023-04-07 14:14:10
MXP,Santander,Espanha,2023,7,157.21,318.307,187.87,2023-04-07 14:14:10
MXP,Friedrichshafen,Alemanha,2023,2,157.28,297.166129032258,302.96,2023-04-07 14:14:10
MXP,Liverpool,Reino Unido,2023,8,157.36,202.26304347826087,220.84,2023-04-07 14:14:10
MXP,Jidá,Arábia Saudita,2023,4,157.81,444.626875,295.97,2023-04-07 14:14:10
MXP,Billund,Dinamarca,2023,7,157.91,180.6176,180.61,2023-04-07 14:14:10
MXP,Escíato,Grécia,2023,5,157.92,224.98272727272726,181.56,2023-04-07 14:14:10
MXP,Gibraltar,Gibraltar,2023,5,158.05,241.23722222222224,269.85,2023-04-07 14:14:10
MXP,Trondheim,Noruega,2023,4,158.14,296.63951219512194,291.46,2023-04-07 14:14:10
MXP,Dresden,Alemanha,2023,5,158.2,267.0658823529412,256.25,2023-04-07 14:14:10
MXP,Jerez de la Frontera,Espanha,2023,7,158.26,292.4832,232.56,2023-04-07 14:14:10
MXP,Salzburgo,Áustria,2023,5,158.4,277.95395833333333,264.24,2023-04-07 14:14:10
MXP,Pantelária,Itália,2023,3,158.54,183.5840625,169.47500000000002,2023-04-07 14:14:10
MXP,Santander,Espanha,2023,10,158.63,158.63,158.63,2023-04-07 14:14:10
MXP,Kutaisi,Geórgia,2023,4,158.65,252.77775000000003,239.13,2023-04-07 14:14:10
MXP,Varsóvia,Polónia,2023,11,158.65,158.65,158.65,2023-04-07 14:14:10
MXP,Erevã,Arménia,2023,9,158.65,223.93666666666667,158.84,2023-04-07 14:14:10
MXP,Quios,Grécia,2023,3,158.91,158.91,158.91,2023-04-07 14:14:10
MXP,Aarhus,Dinamarca,2023,7,158.91,325.45714285714286,382.505,2023-04-07 14:14:10
MXP,Escíato,Grécia,2023,9,159.12,263.03,273.83,2023-04-07 14:14:10
MXP,Insbruque,Áustria,2023,2,159.22,269.7272972972973,231.34,2023-04-07 14:14:10
MXP,Pula,Croácia,2023,7,159.34,239.1732142857143,226.36,2023-04-07 14:14:10
MXP,Granada,Espanha,2023,8,159.35,191.36,201.42000000000002,2023-04-07 14:14:10
MXP,Genebra,Suíça,2023,8,159.52,159.52,159.52,2023-04-07 14:14:10
MXP,Calamata,Grécia,2023,6,159.58,275.9128448275862,290.15,2023-04-07 14:14:10
MXP,Logroño,Espanha,2023,4,159.74,525.7416666666667,278.59,2023-04-07 14:14:10
MXP,Palanga,Lituânia,2023,5,160.03,188.98388888888888,160.79500000000002,2023-04-07 14:14:10
MXP,Pisa,Itália,2023,7,160.04,451.0559999999999,198.07999999999998,2023-04-07 14:14:10
MXP,Corvera,Espanha,2023,6,160.15,160.292,160.15,2023-04-07 14:14:10
MXP,Ponta Delgada,Portugal,2023,4,160.17,253.71,209.66500000000002,2023-04-07 14:14:10
MXP,Gotemburgo,Suécia,2023,1,160.26,161.525,161.75,2023-04-07 14:14:10
MXP,Agios Kirykos,Grécia,2023,3,160.47,161.05666666666667,160.96,2023-04-07 14:14:10
MXP,Bydgoszcz,Polónia,2023,3,160.47,161.05666666666667,160.96,2023-04-07 14:14:10
MXP,Ponta Delgada,Portugal,2023,1,160.56,160.56,160.56,2023-04-07 14:14:10
MXP,Munique,Alemanha,2023,7,160.56,188.4409090909091,175.23,2023-04-07 14:14:10
MXP,Tampere,Finlândia,2023,6,160.74,272.6931578947368,213.5,2023-04-07 14:14:10
MXP,Milltown (Kerry),Irlanda,2023,4,160.94,266.65000000000003,335.22,2023-04-07 14:14:10
MXP,Túnis,Tunísia,2023,3,161.08,182.3846846846847,174.5,2023-04-07 14:14:10
MXP,Banja Luka,Bósnia-Herzegóvina,2023,6,161.1,220.995,220.55,2023-04-07 14:14:10
MXP,Montpellier,França,2023,5,161.18,248.211,260.86,2023-04-07 14:14:10
MXP,Stavanger,Noruega,2023,5,161.19,211.23,230.68,2023-04-07 14:14:10
MXP,Chania,Grécia,2023,3,161.19,227.18199999999996,203.66,2023-04-07 14:14:10
MXP,Breslavia,Polónia,2023,8,161.19,161.195,161.195,2023-04-07 14:14:10
MXP,Tbilisi,Geórgia,2023,6,161.39,245.88200000000003,257.39,2023-04-07 14:14:10
MXP,Estocolmo,Suécia,2023,10,161.39,163.58249999999998,164.28,2023-04-07 14:14:10
MXP,Ocrida,Macedónia do Norte,2023,7,161.69,662.2026785714286,238.29500000000002,2023-04-07 14:14:10
MXP,Dubrovnik,Croácia,2023,9,161.7,223.48193548387098,196.12,2023-04-07 14:14:10
MXP,Pamplona,Espanha,2023,7,161.88,168.7018181818182,161.93,2023-04-07 14:14:10
MXP,Bristol,Reino Unido,2023,8,161.92,208.05041666666668,195.46,2023-04-07 14:14:10
MXP,Timişoara,Roménia,2023,10,162.01,197.75333333333333,162.73,2023-04-07 14:14:10
MXP,Astúrias,Espanha,2023,9,162.01,167.3242857142857,169.52,2023-04-07 14:14:10
MXP,Kos,Grécia,2023,4,162.13,255.75,178.495,2023-04-07 14:14:10
MXP,Nottingham,Reino Unido,2023,1,162.39,162.41333333333333,162.39,2023-04-07 14:14:10
MXP,Gotemburgo,Suécia,2023,8,162.6,231.8066666666667,265.72,2023-04-07 14:14:10
MXP,Rimini,Itália,2023,2,162.67,162.97166666666666,163.03,2023-04-07 14:14:10
MXP,Munique,Alemanha,2023,1,162.78,162.78,162.78,2023-04-07 14:14:10
MXP,Karpathos,Grécia,2023,5,162.8,210.61999999999998,204.33,2023-04-07 14:14:10
MXP,Bucareste,Roménia,2023,8,162.83,162.83,162.83,2023-04-07 14:14:10
MXP,Jerez de la Frontera,Espanha,2023,9,162.85,172.41,164.05,2023-04-07 14:14:10
MXP,São Sebastião,Espanha,2023,7,162.94,352.1763333333334,226.835,2023-04-07 14:14:10
MXP,Porto,Portugal,2023,8,163.24,195.875,195.875,2023-04-07 14:14:10
MXP,Estocolmo,Suécia,2023,12,163.27,163.85500000000002,163.85500000000002,2023-04-07 14:14:10
MXP,Lajes,Portugal,2023,1,163.31,163.505,163.505,2023-04-07 14:14:10
MXP,Bergen,Noruega,2023,4,163.49,212.6385185185185,203.17,2023-04-07 14:14:10
MXP,Argel,Argélia,2023,3,163.49,229.52197802197801,223.51,2023-04-07 14:14:10
MXP,Tânger,Marrocos,2023,8,163.56,301.52,301.52,2023-04-07 14:14:10
MXP,Szczecin,Polónia,2023,5,163.69,192.37076923076924,163.84,2023-04-07 14:14:10
MXP,Génova,Itália,2023,2,163.77,426.9483333333333,163.77,2023-04-07 14:14:10
MXP,Argostoli,Grécia,2023,9,163.87,207.54900000000004,210.02,2023-04-07 14:14:10
MXP,Budapeste,Hungria,2023,9,163.89,163.89,163.89,2023-04-07 14:14:10
MXP,Kutaisi,Geórgia,2023,5,164.08,248.00697674418603,218.2,2023-04-07 14:14:10
MXP,Grenoble,França,2023,2,164.14,284.64099999999996,329.315,2023-04-07 14:14:10
MXP,Nuremberga,Alemanha,2023,6,164.18,164.75375,164.69,2023-04-07 14:14:10
MXP,Nuremberga,Alemanha,2023,7,164.21,188.554,209.25,2023-04-07 14:14:10
MXP,Biarritz,França,2023,9,164.23,174.73,164.44,2023-04-07 14:14:10
MXP,Iași,Roménia,2023,9,164.38,173.12333333333333,165.14,2023-04-07 14:14:10
MXP,Lajes,Portugal,2023,4,164.44,352.93423076923074,390.19,2023-04-07 14:14:10
MXP,Rimini,Itália,2023,5,164.44,1815.74,2416.94,2023-04-07 14:14:10
MXP,Nuremberga,Alemanha,2023,8,164.46,164.47500000000002,164.47500000000002,2023-04-07 14:14:10
MXP,Rennes,França,2023,2,164.58,258.79857142857145,296.18,2023-04-07 14:14:10
MXP,Timişoara,Roménia,2023,8,164.6,243.1472222222222,238.29,2023-04-07 14:14:10
MXP,Gibraltar,Gibraltar,2023,3,164.63,299.7926315789474,256.72,2023-04-07 14:14:10
MXP,Varna,Bulgária,2023,4,164.96,253.51555555555555,212.45,2023-04-07 14:14:10
MXP,Newquay,Reino Unido,2023,3,165.03,303.6621428571429,309.44,2023-04-07 14:14:10
MXP,Iași,Roménia,2023,4,165.12,294.8896875,235.245,2023-04-07 14:14:10
MXP,Iași,Roménia,2023,8,165.15,178.72521739130437,174.23,2023-04-07 14:14:10
MXP,Montpellier,França,2023,2,165.15,210.31766666666667,224.54000000000002,2023-04-07 14:14:10
MXP,Craiova,Roménia,2023,1,165.15,207.53000000000003,196.055,2023-04-07 14:14:10
MXP,Santa Cruz de la Palma,Espanha,2023,4,165.15,392.33152542372886,334.92,2023-04-07 14:14:10
MXP,Bordéus,França,2023,1,165.43,165.465,165.465,2023-04-07 14:14:10
MXP,Bastia,França,2023,5,165.46,274.445,283.155,2023-04-07 14:14:10
MXP,Almeria,Espanha,2023,4,165.49,270.73298245614035,250.97,2023-04-07 14:14:10
MXP,Agadir,Marrocos,2023,10,165.67,175.87,175.87,2023-04-07 14:14:10
MXP,Escópia,Macedónia do Norte,2023,11,165.67,197.506,165.91,2023-04-07 14:14:10
MXP,Saraievo,Bósnia-Herzegóvina,2023,6,165.93,226.8922580645161,217.02,2023-04-07 14:14:10
MXP,Zagreb,Croácia,2023,8,166.01,192.19857142857146,189.47,2023-04-07 14:14:10
MXP,Sófia,Bulgária,2023,12,166.09,166.265,166.265,2023-04-07 14:14:10
MXP,Rennes,França,2023,10,166.34,166.66,166.66,2023-04-07 14:14:10
MXP,Perpinhã,França,2023,5,166.43,167.1609090909091,166.59,2023-04-07 14:14:10
MXP,Sharm El Sheikh,Egito,2023,2,166.53,244.55285714285714,245.045,2023-04-07 14:14:10
MXP,Cairo,Egito,2023,5,166.59,239.92494505494503,234.25,2023-04-07 14:14:10
MXP,Escópia,Macedónia do Norte,2023,10,166.65,166.65,166.65,2023-04-07 14:14:10
MXP,Friedrichshafen,Alemanha,2023,4,166.67,268.9020512820513,250.99,2023-04-07 14:14:10
MXP,Liubliana,Eslovénia,2023,8,166.71,195.19799999999998,190.02,2023-04-07 14:14:10
MXP,Rzeszów,Polónia,2023,5,166.84,193.9644117647059,186.78,2023-04-07 14:14:10
MXP,Rennes,França,2023,9,166.89,237.36099999999996,261.13,2023-04-07 14:14:10
MXP,Dalaman,Turquia,2023,6,166.99,299.441,323.75,2023-04-07 14:14:10
MXP,Abu Dhabi,Emirados Árabes Unidos,2023,6,167.01,229.7533333333333,250.54,2023-04-07 14:14:10
MXP,Aqaba,Jordânia,2023,1,167.05,178.55714285714288,173.7,2023-04-07 14:14:10
MXP,Vilnius,Lituânia,2023,8,167.24,222.3235294117647,173.4,2023-04-07 14:14:10
MXP,Alexandroupolis Dimokritos,Grécia,2023,2,167.27,225.91333333333336,232.79,2023-04-07 14:14:10
MXP,Saraievo,Bósnia-Herzegóvina,2023,8,167.27,199.695,219.69,2023-04-07 14:14:10
MXP,Vilnius,Lituânia,2023,7,167.3,172.71,172.71,2023-04-07 14:14:10
MXP,Paleochori,Grécia,2023,10,167.37,201.29666666666668,167.45,2023-04-07 14:14:10
MXP,Liverpool,Reino Unido,2023,2,167.39,233.02235294117648,236.01,2023-04-07 14:14:10
MXP,Montpellier,França,2023,3,167.39,277.9145569620253,227.01,2023-04-07 14:14:10
MXP,Pantelária,Itália,2023,2,167.45,190.651875,174.085,2023-04-07 14:14:10
MXP,Gibraltar,Gibraltar,2023,4,167.75,548.7665306122449,435.33,2023-04-07 14:14:10
MXP,Stavanger,Noruega,2023,4,167.87,238.14285714285714,255.64,2023-04-07 14:14:10
MXP,Logroño,Espanha,2023,5,167.87,412.678,439.71500000000003,2023-04-07 14:14:10
MXP,Porto Santo,Portugal,2023,3,168.16,201.6129411764706,212.13,2023-04-07 14:14:10
MXP,Oslo,Noruega,2023,7,168.25,182.4,168.86,2023-04-07 14:14:10
MXP,Túnis,Tunísia,2023,4,168.37,246.37324324324322,224.04,2023-04-07 14:14:10
MXP,Hurghada,Egito,2023,3,168.54,287.8609433962264,284.0,2023-04-07 14:14:10
MXP,Bordéus,França,2023,10,168.55,276.935,276.935,2023-04-07 14:14:10
MXP,Crotone,Itália,2023,4,168.56,329.7704918032787,303.45,2023-04-07 14:14:10
MXP,Tromsø,Noruega,2023,3,168.66,294.1851388888889,271.35,2023-04-07 14:14:10
MXP,Vigo,Espanha,2023,10,168.85,168.975,168.975,2023-04-07 14:14:10
MXP,Hurghada,Egito,2023,1,169.18,169.18,169.18,2023-04-07 14:14:10
MXP,Thera,Grécia,2023,10,169.2,169.2,169.2,2023-04-07 14:14:10
MXP,Argostoli,Grécia,2023,4,169.21,211.15125,169.29,2023-04-07 14:14:10
MXP,Pantelária,Itália,2023,4,169.29,240.6398039215686,214.45,2023-04-07 14:14:10
MXP,Túnis,Tunísia,2024,1,169.33,170.03666666666666,170.39,2023-04-07 14:14:10
MXP,Fes,Marrocos,2023,1,169.49,294.83,357.5,2023-04-07 14:14:10
MXP,Sitia,Grécia,2023,6,169.57,251.57973333333334,239.29,2023-04-07 14:14:10
MXP,Cluj,Roménia,2023,6,169.59,192.638,169.78,2023-04-07 14:14:10
MXP,Almeria,Espanha,2023,10,169.68,169.68,169.68,2023-04-07 14:14:10
MXP,Erevã,Arménia,2023,6,169.77,259.1718181818182,261.65,2023-04-07 14:14:10
MXP,Varna,Bulgária,2023,9,169.78,192.09857142857143,170.14,2023-04-07 14:14:10
MXP,Ponta Delgada,Portugal,2023,11,169.92,201.23999999999998,207.16,2023-04-07 14:14:10
MXP,Hanover,Alemanha,2023,3,170.02,194.93311111111112,191.75,2023-04-07 14:14:10
MXP,Almeria,Espanha,2023,2,170.02,218.95529411764704,215.59,2023-04-07 14:14:10
MXP,Antália,Turquia,2023,3,170.15,227.11354838709678,229.64,2023-04-07 14:14:10
MXP,Bolonha,Itália,2023,6,170.25,575.8357692307692,515.86,2023-04-07 14:14:10
MXP,Malmo,Suécia,2023,6,170.66,419.7865217391304,242.56,2023-04-07 14:14:10
MXP,Liverpool,Reino Unido,2023,9,170.71,170.71,170.71,2023-04-07 14:14:10
MXP,Corvera,Espanha,2023,4,170.75,305.0856,232.655,2023-04-07 14:14:10
MXP,Rennes,França,2023,6,171.05,246.0064864864865,245.3,2023-04-07 14:14:10
MXP,Bergen,Noruega,2023,2,171.13,241.1958064516129,232.77,2023-04-07 14:14:10
MXP,Dresden,Alemanha,2023,2,171.22,320.0358823529412,277.85,2023-04-07 14:14:10
MXP,Jidá,Arábia Saudita,2023,3,171.32,309.2175,242.505,2023-04-07 14:14:10
MXP,Tetuão,Marrocos,2023,6,171.33,286.71500000000003,171.61,2023-04-07 14:14:10
MXP,Saraievo,Bósnia-Herzegóvina,2023,7,171.37,207.40916666666666,200.03,2023-04-07 14:14:10
MXP,Carcassonne,França,2023,4,171.4,211.6659259259259,224.57,2023-04-07 14:14:10
MXP,Zadar,Croácia,2023,5,171.45,201.63666666666666,189.37,2023-04-07 14:14:10
MXP,Reus,Espanha,2023,6,171.57,210.2004255319149,198.96,2023-04-07 14:14:10
MXP,Lille,França,2023,9,171.6,599.15625,735.02,2023-04-07 14:14:10
MXP,Bergen,Noruega,2023,5,171.63,233.45036363636365,218.76,2023-04-07 14:14:10
MXP,Bristol,Reino Unido,2023,9,172.15,172.26999999999998,172.26999999999998,2023-04-07 14:14:10
MXP,Constanţa,Roménia,2023,3,172.25,261.3780952380953,340.89,2023-04-07 14:14:10
MXP,Pula,Croácia,2023,8,172.25,282.30788732394365,284.51,2023-04-07 14:14:10
MXP,Bournemouth,Reino Unido,2023,6,172.82,172.83499999999998,172.83499999999998,2023-04-07 14:14:10
MXP,Estugarda,Alemanha,2023,12,172.93,173.17,173.29,2023-04-07 14:14:10
MXP,Marsa Alam,Egito,2023,4,173.01,331.56055555555554,313.805,2023-04-07 14:14:10
MXP,Bergen,Noruega,2023,11,173.14,195.815,205.54,2023-04-07 14:14:10
MXP,Cardiff,Reino Unido,2023,5,173.15,330.7677777777778,341.64,2023-04-07 14:14:10
MXP,Tirana,Albânia,2023,1,173.16,173.16,173.16,2023-04-07 14:14:10
MXP,Liubliana,Eslovénia,2023,7,173.22,182.718,175.08,2023-04-07 14:14:10
MXP,Alexandria,Egito,2023,2,173.4,417.767,412.0,2023-04-07 14:14:10
MXP,Cardiff,Reino Unido,2023,6,173.62,549.6598039215687,483.6,2023-04-07 14:14:10
MXP,Essaouira,Marrocos,2023,4,173.78,432.02364864864865,425.38,2023-04-07 14:14:10
MXP,Trapani,Itália,2023,9,173.97,175.3166666666667,175.87,2023-04-07 14:14:10
MXP,Munique,Alemanha,2023,8,174.06,180.85285714285715,176.06,2023-04-07 14:14:10
MXP,Aqaba,Jordânia,2023,3,174.12,380.2823529411765,284.45,2023-04-07 14:14:10
MXP,Trapani,Itália,2023,8,174.32,236.81199999999998,205.38,2023-04-07 14:14:10
MXP,Castellón de la Plana,Espanha,2023,2,174.7,208.7931818181818,229.46,2023-04-07 14:14:10
MXP,Paleochori,Grécia,2023,5,174.89,253.5451724137931,231.55,2023-04-07 14:14:10
MXP,Riade,Arábia Saudita,2023,2,175.31,457.812,345.41499999999996,2023-04-07 14:14:10
MXP,Frankfurt,Alemanha,2023,12,175.31,175.46,175.46,2023-04-07 14:14:10
MXP,Génova,Itália,2023,7,175.4,1215.248275862069,818.37,2023-04-07 14:14:10
MXP,Castellón de la Plana,Espanha,2023,7,175.57,176.85444444444445,177.5,2023-04-07 14:14:10
MXP,Frankfurt,Alemanha,2024,3,175.58,175.744,175.58,2023-04-07 14:14:10
MXP,Karlsruhe,Alemanha,2023,5,175.6,203.524,221.76,2023-04-07 14:14:10
MXP,Tbilisi,Geórgia,2023,7,175.61,452.22222222222223,332.06,2023-04-07 14:14:10
MXP,Timişoara,Roménia,2023,7,175.79,177.00214285714287,175.8,2023-04-07 14:14:10
MXP,Estrasburgo,França,2023,5,175.92,257.578064516129,238.85,2023-04-07 14:14:10
MXP,Túnis,Tunísia,2023,9,176.23,209.75529411764705,214.14,2023-04-07 14:14:10
MXP,Badajoz,Espanha,2023,4,176.27,341.1383333333333,424.69,2023-04-07 14:14:10
MXP,Girona,Espanha,2023,8,176.49,318.21180327868854,318.32,2023-04-07 14:14:10
MXP,Basileia,Suíça,2023,4,176.76,540.97,571.15,2023-04-07 14:14:10
MXP,Ocrida,Macedónia do Norte,2023,8,176.78,177.0111111111111,177.01,2023-04-07 14:14:10
MXP,Pafos,Chipre,2023,10,176.8,210.15454545454543,226.14,2023-04-07 14:14:10
MXP,Bremen,Alemanha,2023,7,176.84,176.84,176.84,2023-04-07 14:14:10
MXP,Badajoz,Espanha,2023,3,177.07,356.48,389.42,2023-04-07 14:14:10
MXP,Inverness,Reino Unido,2023,5,177.09,300.29900000000004,185.785,2023-04-07 14:14:10
MXP,Verona,Itália,2023,8,177.35,417.8855555555555,415.36,2023-04-07 14:14:10
MXP,Túnis,Tunísia,2023,2,177.45,238.5542857142857,226.745,2023-04-07 14:14:10
MXP,Vitória,Espanha,2023,2,177.51,255.14533333333335,301.54,2023-04-07 14:14:10
MXP,Tbilisi,Geórgia,2023,5,177.78,290.76370967741934,275.03499999999997,2023-04-07 14:14:10
MXP,Aalborg,Dinamarca,2023,3,177.84,322.35636363636365,221.43,2023-04-07 14:14:10
MXP,Horta,Portugal,2023,2,177.99,213.013,233.64,2023-04-07 14:14:10
MXP,Craiova,Roménia,2023,2,177.99,305.1996875,338.845,2023-04-07 14:14:10
MXP,Túnis,Tunísia,2023,7,178.23,243.08833333333334,231.19,2023-04-07 14:14:10
MXP,Hanover,Alemanha,2023,10,178.33,179.95833333333334,180.28,2023-04-07 14:14:10
MXP,Alexandria,Egito,2023,11,178.55,227.85666666666665,252.39,2023-04-07 14:14:10
MXP,Santa Cruz de la Palma,Espanha,2023,3,178.69,223.5295744680851,205.75,2023-04-07 14:14:10
MXP,Sibiu,Roménia,2023,4,178.79,357.0645833333333,309.02,2023-04-07 14:14:10
MXP,Foggia,Itália,2023,2,179.21,244.02666666666664,183.03,2023-04-07 14:14:10
MXP,Argel,Argélia,2023,4,179.23,276.22644444444444,258.84000000000003,2023-04-07 14:14:10
MXP,Hamburgo,Alemanha,2023,10,179.33,179.33,179.33,2023-04-07 14:14:10
MXP,Istambul,Turquia,2023,7,179.51,184.094,179.88,2023-04-07 14:14:10
MXP,Samos,Grécia,2023,5,179.73,241.95857142857145,249.0,2023-04-07 14:14:10
MXP,Lille,França,2023,2,179.83,254.25333333333333,180.25,2023-04-07 14:14:10
MXP,Porto Santo,Portugal,2023,4,180.17,328.50821428571425,279.72,2023-04-07 14:14:10
MXP,Tampere,Finlândia,2023,9,180.17,180.36499999999998,180.2,2023-04-07 14:14:10
MXP,Tivat,Montenegro,2023,6,180.27,344.62885714285716,212.2,2023-04-07 14:14:10
MXP,Crotone,Itália,2023,6,180.32,702.1277049180328,293.86,2023-04-07 14:14:10
MXP,Mitilene,Grécia,2023,10,180.65,181.29363636363635,181.25,2023-04-07 14:14:10
MXP,Santander,Espanha,2023,8,180.66,270.96294117647057,212.45,2023-04-07 14:14:10
MXP,Stavanger,Noruega,2023,2,180.74,306.7707142857143,335.73,2023-04-07 14:14:10
MXP,Hanover,Alemanha,2023,2,180.82,189.0375,191.69,2023-04-07 14:14:10
MXP,Sitia,Grécia,2023,7,180.84,296.4003846153846,289.33500000000004,2023-04-07 14:14:10
MXP,Zagreb,Croácia,2023,7,180.9,180.9,180.9,2023-04-07 14:14:10
MXP,Sibiu,Roménia,2023,10,181.0,227.44473684210524,267.86,2023-04-07 14:14:10
MXP,Pula,Croácia,2023,6,181.09,281.7370833333334,278.645,2023-04-07 14:14:10
MXP,Bydgoszcz,Polónia,2023,7,181.15,181.15,181.15,2023-04-07 14:14:10
MXP,Pantelária,Itália,2023,7,181.23,215.22222222222223,189.8,2023-04-07 14:14:10
MXP,Pafos,Chipre,2023,7,181.25,281.0133333333333,273.175,2023-04-07 14:14:10
MXP,Paleochori,Grécia,2023,6,181.57,340.7755102040816,316.86,2023-04-07 14:14:10
MXP,Hanover,Alemanha,2023,5,181.68,220.5484705882353,198.16,2023-04-07 14:14:10
MXP,Milltown (Kerry),Irlanda,2023,5,181.74,182.019,182.01,2023-04-07 14:14:10
MXP,Régio da Calábria,Itália,2023,2,181.97,265.3992592592592,261.17,2023-04-07 14:14:10
MXP,Bournemouth,Reino Unido,2023,4,182.01,252.00793103448274,282.73,2023-04-07 14:14:10
MXP,Lublin,Polónia,2023,10,182.04,182.66222222222223,182.63,2023-04-07 14:14:10
MXP,Pafos,Chipre,2023,9,182.15,196.4257142857143,196.03,2023-04-07 14:14:10
MXP,Roterdão,Holanda,2023,3,182.48,370.1961946902655,362.03,2023-04-07 14:14:10
MXP,Belfast,Reino Unido,2023,2,182.58,303.828,363.02,2023-04-07 14:14:10
MXP,Cairo,Egito,2023,11,182.58,237.3722222222222,256.05,2023-04-07 14:14:10
MXP,Varna,Bulgária,2023,6,182.89,254.993,235.95499999999998,2023-04-07 14:14:10
MXP,Antália,Turquia,2023,2,183.01,247.04384615384618,247.58,2023-04-07 14:14:10
MXP,Varna,Bulgária,2023,8,183.01,275.42833333333334,256.15,2023-04-07 14:14:10
MXP,Ioánnina,Grécia,2023,2,183.03,196.1846153846154,206.58,2023-04-07 14:14:10
MXP,Varna,Bulgária,2023,7,183.25,314.64060606060605,352.91,2023-04-07 14:14:10
MXP,Porto Santo,Portugal,2023,5,183.37,248.98192307692307,241.345,2023-04-07 14:14:10
MXP,Cork,Irlanda,2023,9,183.37,183.37,183.37,2023-04-07 14:14:10
MXP,Eindhoven,Holanda,2023,7,183.55,261.934,243.465,2023-04-07 14:14:10
MXP,Tampere,Finlândia,2023,3,183.77,350.4817948717949,296.97,2023-04-07 14:14:10
MXP,Karlsruhe,Alemanha,2023,7,183.81,184.28428571428572,183.98,2023-04-07 14:14:10
MXP,Béziers,França,2023,5,183.84,185.60125000000002,185.86,2023-04-07 14:14:10
MXP,Timişoara,Roménia,2023,12,184.21,184.21,184.21,2023-04-07 14:14:10
MXP,Billund,Dinamarca,2023,10,184.36,204.49333333333334,185.17,2023-04-07 14:14:10
MXP,Reus,Espanha,2023,5,184.41,245.1586956521739,212.55,2023-04-07 14:14:10
MXP,Calamata,Grécia,2023,5,184.42,256.60227272727275,244.07,2023-04-07 14:14:10
MXP,Estugarda,Alemanha,2023,8,184.45,184.45,184.45,2023-04-07 14:14:10
MXP,Ioánnina,Grécia,2023,5,184.79,209.4088888888889,186.47,2023-04-07 14:14:10
MXP,Samos,Grécia,2023,6,184.87,261.6126190476191,259.23,2023-04-07 14:14:10
MXP,Linz,Áustria,2023,3,184.92,341.42083333333335,275.13,2023-04-07 14:14:10
MXP,Lodz,Polónia,2023,2,185.23,227.2475,186.19,2023-04-07 14:14:10
MXP,Corvera,Espanha,2023,2,185.33,309.5613333333333,185.73,2023-04-07 14:14:10
MXP,Nice,França,2023,12,185.53,186.15,186.46,2023-04-07 14:14:10
MXP,Tuzla,Bósnia-Herzegóvina,2023,5,185.71,205.60399999999998,211.51,2023-04-07 14:14:10
MXP,Split,Croácia,2023,10,185.83,203.84500000000003,203.84500000000003,2023-04-07 14:14:10
MXP,Santa Cruz de la Palma,Espanha,2023,2,186.05,239.13047619047617,243.7,2023-04-07 14:14:10
MXP,Cairo,Egito,2023,9,186.11,238.08413043478262,233.59,2023-04-07 14:14:10
MXP,Quios,Grécia,2023,5,186.12,203.11777777777777,208.32,2023-04-07 14:14:10
MXP,Lille,França,2023,7,186.12,186.41,186.41,2023-04-07 14:14:10
MXP,Esmirna,Turquia,2023,2,186.15,253.45935483870966,240.85,2023-04-07 14:14:10
MXP,Kos,Grécia,2023,3,186.19,270.3966666666667,259.42,2023-04-07 14:14:10
MXP,Las Palmas,Espanha,2023,7,186.19,227.52,227.52,2023-04-07 14:14:10
MXP,Cavala,Grécia,2023,6,186.22,248.64444444444447,187.04,2023-04-07 14:14:10
MXP,Rzeszów,Polónia,2023,6,186.22,205.155,219.7,2023-04-07 14:14:10
MXP,Antália,Turquia,2023,5,186.63,253.73897435897436,234.32,2023-04-07 14:14:10
MXP,Alexandroupolis Dimokritos,Grécia,2023,5,187.04,187.488,187.54500000000002,2023-04-07 14:14:10
MXP,Salzburgo,Áustria,2023,8,187.15,211.97571428571428,187.98,2023-04-07 14:14:10
MXP,Tivat,Montenegro,2023,8,187.16,311.90775862068966,245.36,2023-04-07 14:14:10
MXP,Porto Santo,Portugal,2023,6,187.49,242.0901941747573,221.42,2023-04-07 14:14:10
MXP,Sitia,Grécia,2023,9,187.52,269.9672727272727,287.2,2023-04-07 14:14:10
MXP,Ponta Delgada,Portugal,2023,9,187.53,235.22728813559323,232.18,2023-04-07 14:14:10
MXP,Escópia,Macedónia do Norte,2023,8,187.63,221.1725,232.31,2023-04-07 14:14:10
MXP,Rijeka,Croácia,2023,7,187.69,260.93466666666666,280.37,2023-04-07 14:14:10
MXP,Sitia,Grécia,2023,3,187.71,196.8,188.43,2023-04-07 14:14:10
MXP,Paderborn,Alemanha,2023,3,187.78,461.1164864864865,528.23,2023-04-07 14:14:10
MXP,Préveza,Grécia,2023,5,188.43,278.76166666666666,282.36,2023-04-07 14:14:10
MXP,Ouarzazate,Marrocos,2023,3,188.44,251.07136363636363,239.23,2023-04-07 14:14:10
MXP,Montpellier,França,2023,7,188.45,255.2138888888889,267.895,2023-04-07 14:14:10
MXP,Zurique,Suíça,2024,1,188.57,188.57000000000002,188.57,2023-04-07 14:14:10
MXP,Castletown,Ilha de Man,2023,5,188.64,421.24202643171805,250.39,2023-04-07 14:14:10
MXP,Parma,Itália,2023,4,188.87,189.472,189.32999999999998,2023-04-07 14:14:10
MXP,Túnis,Tunísia,2023,11,188.87,188.87,188.87,2023-04-07 14:14:10
MXP,Lublin,Polónia,2023,6,188.88,321.44888888888886,266.27,2023-04-07 14:14:10
MXP,Sitia,Grécia,2023,4,188.95,306.8665625,308.655,2023-04-07 14:14:10
MXP,Belfast,Reino Unido,2023,7,189.36,268.27,283.28499999999997,2023-04-07 14:14:10
MXP,Cardiff,Reino Unido,2023,9,189.37,231.755,229.685,2023-04-07 14:14:10
MXP,Stavanger,Noruega,2023,6,189.73,233.8362222222222,205.34,2023-04-07 14:14:10
MXP,Monastir,Tunísia,2023,9,189.75,237.82500000000002,208.445,2023-04-07 14:14:10
MXP,Toulouse,França,2023,10,189.82,189.8575,189.82,2023-04-07 14:14:10
MXP,Monastir,Tunísia,2023,3,189.82,282.9121621621622,242.91,2023-04-07 14:14:10
MXP,Tromsø,Noruega,2023,4,189.85,333.9689156626506,319.66,2023-04-07 14:14:10
MXP,Esmirna,Turquia,2023,5,190.09,248.75021276595746,215.52,2023-04-07 14:14:10
MXP,Essaouira,Marrocos,2023,7,190.21,190.81375,190.39,2023-04-07 14:14:10
MXP,Memmingen,Alemanha,2023,4,190.21,232.69636363636363,228.42,2023-04-07 14:14:10
MXP,Bastia,França,2023,3,190.39,371.1990909090909,463.955,2023-04-07 14:14:10
MXP,Hanover,Alemanha,2023,4,190.6,246.8657142857143,214.63,2023-04-07 14:14:10
MXP,Trieste,Itália,2023,8,190.72,191.00799999999998,190.72,2023-04-07 14:14:10
MXP,Estrasburgo,França,2023,6,190.73,242.32199999999997,200.58499999999998,2023-04-07 14:14:10
MXP,Abu Dhabi,Emirados Árabes Unidos,2023,8,190.76,385.2714285714286,292.3,2023-04-07 14:14:10
MXP,Paderborn,Alemanha,2023,2,190.83,276.61518518518517,191.58,2023-04-07 14:14:10
MXP,Granadilla de Abona,Espanha,2023,7,190.89,284.01,284.01,2023-04-07 14:14:10
MXP,Karpathos,Grécia,2023,9,190.94,289.44384615384615,275.02,2023-04-07 14:14:10
MXP,Rennes,França,2023,7,191.02,223.36333333333334,216.76,2023-04-07 14:14:10
MXP,Bergerac,França,2023,4,191.12,481.8266666666666,480.94,2023-04-07 14:14:10
MXP,Hanover,Alemanha,2023,6,191.14,203.14,204.635,2023-04-07 14:14:10
MXP,Paderborn,Alemanha,2023,5,191.2,191.62,191.83,2023-04-07 14:14:10
MXP,Girona,Espanha,2023,7,191.2,309.57578125,278.15,2023-04-07 14:14:10
MXP,Esmirna,Turquia,2023,10,191.45,258.25166666666667,258.625,2023-04-07 14:14:10
MXP,Liubliana,Eslovénia,2023,3,191.81,258.3734090909091,256.18,2023-04-07 14:14:10
MXP,Kosice,Eslováquia,2023,5,192.08,195.05125,193.94,2023-04-07 14:14:10
MXP,Hurghada,Egito,2023,2,192.08,350.614,314.51,2023-04-07 14:14:10
MXP,Sitia,Grécia,2023,5,192.14,244.31134615384616,244.86,2023-04-07 14:14:10
MXP,Katovice,Polónia,2023,7,192.22,192.82,192.82,2023-04-07 14:14:10
MXP,Parikia,Grécia,2023,2,192.5,306.6111111111111,328.93,2023-04-07 14:14:10
MXP,Salzburgo,Áustria,2023,10,192.68,192.68,192.68,2023-04-07 14:14:10
MXP,Ancona,Itália,2023,7,192.78,343.6475,245.425,2023-04-07 14:14:10
MXP,Almeria,Espanha,2023,8,192.89,299.1610526315789,264.39,2023-04-07 14:14:10
MXP,Pantelária,Itália,2023,10,192.95,193.08499999999998,193.13,2023-04-07 14:14:10
MXP,Estrasburgo,França,2023,2,193.27,413.7844285714286,387.985,2023-04-07 14:14:10
MXP,Saraievo,Bósnia-Herzegóvina,2023,3,193.29,243.58527777777778,225.17000000000002,2023-04-07 14:14:10
MXP,Ajácio,França,2023,4,193.44,481.5845454545455,300.15999999999997,2023-04-07 14:14:10
MXP,Kythira,Grécia,2023,5,193.55,250.30733333333333,226.33,2023-04-07 14:14:10
MXP,Karpathos,Grécia,2023,3,193.59,216.38727272727274,199.01,2023-04-07 14:14:10
MXP,Newquay,Reino Unido,2023,6,193.59,301.92199999999997,313.78,2023-04-07 14:14:10
MXP,Liubliana,Eslovénia,2023,4,193.61,213.34169230769228,197.65,2023-04-07 14:14:10
MXP,Argel,Argélia,2023,5,193.89,216.52705882352942,204.44,2023-04-07 14:14:10
MXP,Argel,Argélia,2023,10,193.96,207.4181818181818,209.71,2023-04-07 14:14:10
MXP,Sibiu,Roménia,2023,5,194.19,228.3892,195.32,2023-04-07 14:14:10
MXP,Kaunas,Lituânia,2023,6,194.19,276.713,330.88,2023-04-07 14:14:10
MXP,Bergen,Noruega,2023,6,194.22,263.22125,261.415,2023-04-07 14:14:10
MXP,Graz,Áustria,2023,3,194.22,215.19961538461536,196.23,2023-04-07 14:14:10
MXP,Tromsø,Noruega,2023,5,194.4,283.15,307.54,2023-04-07 14:14:10
MXP,Vilnius,Lituânia,2024,1,194.43,194.43,194.43,2023-04-07 14:14:10
MXP,Graz,Áustria,2023,10,194.52,231.948,194.78,2023-04-07 14:14:10
MXP,Southampton,Reino Unido,2023,2,194.84,367.20233333333334,279.16,2023-04-07 14:14:10
MXP,Parikia,Grécia,2023,9,194.86,281.0675,290.755,2023-04-07 14:14:10
MXP,Friedrichshafen,Alemanha,2023,5,194.87,203.08363636363637,197.01,2023-04-07 14:14:10
MXP,Insbruque,Áustria,2023,4,195.1,234.68125,208.225,2023-04-07 14:14:10
MXP,Tivat,Montenegro,2023,9,195.25,231.9717391304348,198.84,2023-04-07 14:14:10
MXP,Sibiu,Roménia,2023,7,195.36,200.21833333333333,195.36,2023-04-07 14:14:10
MXP,Kosice,Eslováquia,2023,7,195.41,214.09230769230768,196.2,2023-04-07 14:14:10
MXP,Astúrias,Espanha,2023,11,195.43,195.4675,195.43,2023-04-07 14:14:10
MXP,Rimini,Itália,2023,4,195.69,208.89636363636365,197.1,2023-04-07 14:14:10
MXP,Tbilisi,Geórgia,2023,9,195.72,278.15500000000003,251.72,2023-04-07 14:14:10
MXP,Insbruque,Áustria,2023,6,195.8,229.9190322580645,197.73,2023-04-07 14:14:10
MXP,Paderborn,Alemanha,2023,4,196.18,234.72571428571428,249.96,2023-04-07 14:14:10
MXP,Linz,Áustria,2023,2,196.18,462.6918518518519,251.86,2023-04-07 14:14:10
MXP,Linz,Áustria,2023,4,196.28,251.03846153846155,197.23,2023-04-07 14:14:10
MXP,Tbilisi,Geórgia,2023,3,196.33,302.47688524590166,269.29,2023-04-07 14:14:10
MXP,Ioánnina,Grécia,2023,6,196.34,264.72878787878784,238.31,2023-04-07 14:14:10
MXP,Pula,Croácia,2023,5,196.42,245.6775,270.78,2023-04-07 14:14:10
MXP,Pula,Croácia,2023,9,196.46,225.51999999999998,196.7,2023-04-07 14:14:10
MXP,Paderborn,Alemanha,2023,7,196.47,268.14230769230767,297.82,2023-04-07 14:14:10
MXP,Insbruque,Áustria,2023,5,196.61,222.30347826086955,197.1,2023-04-07 14:14:10
MXP,Porto Santo,Portugal,2023,9,196.8,273.1008,253.68,2023-04-07 14:14:10
MXP,San Sebastián de la Gomera,Espanha,2023,2,196.8,342.06117647058824,297.08,2023-04-07 14:14:10
MXP,Paleochori,Grécia,2023,3,196.92,208.54857142857142,198.74,2023-04-07 14:14:10
MXP,Brest,França,2023,10,197.06,213.32545454545453,197.47,2023-04-07 14:14:10
MXP,Salzburgo,Áustria,2023,12,197.1,197.245,197.245,2023-04-07 14:14:10
MXP,Biarritz,França,2023,2,197.26,323.3336842105263,285.13,2023-04-07 14:14:10
MXP,Antália,Turquia,2023,1,197.34,209.50875000000002,211.065,2023-04-07 14:14:10
MXP,Cairo,Egito,2023,3,197.39,278.61907692307693,273.0,2023-04-07 14:14:10
MXP,Cardiff,Reino Unido,2023,11,197.59,197.59,197.59,2023-04-07 14:14:10
MXP,Linz,Áustria,2023,10,197.63,198.93,199.78500000000003,2023-04-07 14:14:10
MXP,Insbruque,Áustria,2023,9,197.71,198.325,198.325,2023-04-07 14:14:10
MXP,La Rochelle,França,2023,5,197.77,197.78500000000003,197.78500000000003,2023-04-07 14:14:10
MXP,Limoges,França,2023,8,197.82,198.97727272727272,199.16,2023-04-07 14:14:10
MXP,Toulon,França,2023,3,197.83,198.49375,198.41000000000003,2023-04-07 14:14:10
MXP,Alexandria,Egito,2023,10,197.94,197.93999999999997,197.94,2023-04-07 14:14:10
MXP,Esmirna,Turquia,2023,4,198.26,319.48318181818183,284.95500000000004,2023-04-07 14:14:10
MXP,Istambul,Turquia,2023,9,198.31,200.828,198.31,2023-04-07 14:14:10
MXP,Graz,Áustria,2023,4,198.33,210.4496551724138,202.5,2023-04-07 14:14:10
MXP,Insbruque,Áustria,2023,12,198.34,198.34,198.34,2023-04-07 14:14:10
MXP,Aalborg,Dinamarca,2023,5,198.44,249.21550000000002,268.875,2023-04-07 14:14:10
MXP,Graz,Áustria,2023,5,198.44,226.3235,225.66,2023-04-07 14:14:10
MXP,Estrasburgo,França,2023,1,198.51,332.55285714285714,258.81,2023-04-07 14:14:10
MXP,Ostrava,República Checa,2023,6,198.56,200.20857142857145,199.24,2023-04-07 14:14:10
MXP,Beirute,Líbano,2023,6,198.62,307.66804878048777,323.76,2023-04-07 14:14:10
MXP,Antália,Turquia,2023,4,198.67,290.565,260.295,2023-04-07 14:14:10
MXP,Dalaman,Turquia,2023,2,198.73,228.17399999999998,198.73,2023-04-07 14:14:10
MXP,Insbruque,Áustria,2024,1,198.73,198.93666666666667,198.84,2023-04-07 14:14:10
MXP,Argel,Argélia,2023,2,198.74,277.5695652173913,235.79,2023-04-07 14:14:10
MXP,Trondheim,Noruega,2023,5,198.95,296.87823529411764,332.77,2023-04-07 14:14:10
MXP,Dubai,Emirados Árabes Unidos,2023,5,199.23,290.8696721311475,288.47,2023-04-07 14:14:10
MXP,Stavanger,Noruega,2023,8,199.47,200.334,200.91,2023-04-07 14:14:10
MXP,Ouarzazate,Marrocos,2023,4,199.47,434.2889189189189,350.68,2023-04-07 14:14:10
MXP,Lajes,Portugal,2023,9,199.63,252.77937500000002,235.53,2023-04-07 14:14:10
MXP,Insbruque,Áustria,2023,8,199.64,199.66,199.67,2023-04-07 14:14:10
MXP,Cavala,Grécia,2023,3,199.66,217.63105263157894,212.96,2023-04-07 14:14:10
MXP,Banja Luka,Bósnia-Herzegóvina,2023,2,199.66,255.9909090909091,286.81,2023-04-07 14:14:10
MXP,Naxos,Grécia,2023,5,199.79,347.9344117647059,331.02,2023-04-07 14:14:10
MXP,Aberdeen,Reino Unido,2023,7,199.9,294.9161111111111,295.92,2023-04-07 14:14:10
MXP,Graz,Áustria,2023,8,199.98,201.47,201.5,2023-04-07 14:14:10
MXP,Ancona,Itália,2023,4,200.39,454.6045833333333,312.165,2023-04-07 14:14:10
MXP,Perugia,Itália,2023,7,200.57,425.6991666666666,202.78,2023-04-07 14:14:10
MXP,Graz,Áustria,2023,2,200.79,200.79500000000002,200.79500000000002,2023-04-07 14:14:10
MXP,Burgas,Bulgária,2023,7,200.79,459.99231707317074,345.56,2023-04-07 14:14:10
MXP,Banja Luka,Bósnia-Herzegóvina,2023,4,200.83,305.98205882352937,287.875,2023-04-07 14:14:10
MXP,Burgas,Bulgária,2023,5,201.05,248.16909090909093,222.74,2023-04-07 14:14:10
MXP,Pamplona,Espanha,2023,4,201.07,385.48755102040815,258.85,2023-04-07 14:14:10
MXP,Turku,Finlândia,2023,6,201.18,215.96882352941176,216.82,2023-04-07 14:14:10
MXP,Graz,Áustria,2023,7,201.18,201.18,201.18,2023-04-07 14:14:10
MXP,Oradea,Roménia,2023,6,201.32,375.30879999999996,262.71,2023-04-07 14:14:10
MXP,Bastia,França,2023,4,201.32,289.46673913043475,301.06,2023-04-07 14:14:10
MXP,Esmirna,Turquia,2023,9,201.36,203.32000000000002,201.36,2023-04-07 14:14:10
MXP,Porto Santo,Portugal,2023,7,201.49,317.2414705882353,308.91,2023-04-07 14:14:10
MXP,Oran,Argélia,2023,4,201.52,430.65500000000003,444.73,2023-04-07 14:14:10
MXP,Tuzla,Bósnia-Herzegóvina,2023,7,202.0,216.82357142857146,203.17,2023-04-07 14:14:10
MXP,Kristiansand,Noruega,2023,3,202.05,340.8417142857143,216.24,2023-04-07 14:14:10
MXP,Cavala,Grécia,2023,9,202.05,312.9266666666666,351.08,2023-04-07 14:14:10
MXP,Ostrava,República Checa,2023,5,202.09,202.26,202.185,2023-04-07 14:14:10
MXP,Lárnaca,Chipre,2023,8,202.13,277.61,264.66,2023-04-07 14:14:10
MXP,Belfast,Reino Unido,2023,8,202.76,320.19548387096773,238.86,2023-04-07 14:14:10
MXP,Almeria,Espanha,2023,3,202.86,225.2111111111111,203.14,2023-04-07 14:14:10
MXP,Salzburgo,Áustria,2023,6,202.97,262.7366666666666,223.83,2023-04-07 14:14:10
MXP,Helsínquia,Finlândia,2023,7,202.98,385.84499999999997,213.60500000000002,2023-04-07 14:14:10
MXP,Plovdiv,Bulgária,2023,2,203.26,240.4125,203.33,2023-04-07 14:14:10
MXP,Rijeka,Croácia,2023,6,203.3,294.911935483871,307.64,2023-04-07 14:14:10
MXP,Montpellier,França,2023,6,203.49,229.164,246.28,2023-04-07 14:14:10
MXP,Karpathos,Grécia,2023,7,203.52,327.2001851851852,334.57,2023-04-07 14:14:10
MXP,Biarritz,França,2023,8,203.52,228.4605,224.545,2023-04-07 14:14:10
MXP,Donegal,Irlanda,2023,4,203.53,203.85000000000002,203.98,2023-04-07 14:14:10
MXP,Santa Cruz de la Palma,Espanha,2023,6,203.68,283.15766666666667,282.73,2023-04-07 14:14:10
MXP,Ancara,Turquia,2023,5,203.68,239.3232432432432,233.38,2023-04-07 14:14:10
MXP,Kosice,Eslováquia,2023,6,203.91,207.36055555555555,206.79000000000002,2023-04-07 14:14:10
MXP,Suceava,Roménia,2023,4,203.98,340.4207272727273,326.46,2023-04-07 14:14:10
MXP,Cairo,Egito,2024,1,204.07,225.32,226.78,2023-04-07 14:14:10
MXP,Lodz,Polónia,2023,6,204.09,215.5735294117647,221.53,2023-04-07 14:14:10
MXP,Nis,Sérvia,2023,5,204.11,1532.8292307692307,496.54,2023-04-07 14:14:10
MXP,Inverness,Reino Unido,2023,2,204.26,204.26,204.26,2023-04-07 14:14:10
MXP,Kaunas,Lituânia,2023,5,204.33,289.22041666666667,308.91,2023-04-07 14:14:10
MXP,Edimburgo,Reino Unido,2023,7,204.44,348.674,365.99,2023-04-07 14:14:10
MXP,Glasgow,Reino Unido,2023,10,204.47,204.47,204.47,2023-04-07 14:14:10
MXP,Agios Kirykos,Grécia,2023,9,204.61,230.12066666666666,206.59,2023-04-07 14:14:10
MXP,Corfú,Grécia,2023,4,205.17,225.20999999999998,225.20999999999998,2023-04-07 14:14:10
MXP,Samos,Grécia,2023,3,205.4,324.98347826086956,332.93,2023-04-07 14:14:10
MXP,Parikia,Grécia,2023,5,205.53,261.52684210526314,261.13,2023-04-07 14:14:10
MXP,Baku,Azerbeijão,2023,6,205.54,360.84615384615387,364.775,2023-04-07 14:14:10
MXP,Pescara,Itália,2023,8,205.71,211.8246153846154,205.87,2023-04-07 14:14:10
MXP,Dortmund,Alemanha,2023,9,205.9,206.64499999999998,206.64499999999998,2023-04-07 14:14:10
MXP,Leeds,Reino Unido,2023,7,205.94,292.952,335.83,2023-04-07 14:14:10
MXP,Bergen,Noruega,2023,12,206.02,206.02,206.02,2023-04-07 14:14:10
MXP,Houmt Souk,Tunísia,2023,10,206.04,215.35125,219.73000000000002,2023-04-07 14:14:10
MXP,Tetuão,Marrocos,2023,8,206.16,778.2659090909091,821.265,2023-04-07 14:14:10
MXP,Crotone,Itália,2023,7,206.2,549.5365217391304,298.73,2023-04-07 14:14:10
MXP,Régio da Calábria,Itália,2023,6,206.33,522.7998181818182,621.7,2023-04-07 14:14:10
MXP,Cardiff,Reino Unido,2023,2,206.33,327.515,334.4,2023-04-07 14:14:10
MXP,Kythira,Grécia,2023,6,206.52,274.73551020408166,231.0,2023-04-07 14:14:10
MXP,Lublin,Polónia,2023,8,206.7,207.225,207.4,2023-04-07 14:14:10
MXP,Skýros,Grécia,2023,5,206.78,217.55315789473684,213.27,2023-04-07 14:14:10
MXP,Kristiansand,Noruega,2023,10,206.86,207.90363636363637,208.13,2023-04-07 14:14:10
MXP,Dubai,Emirados Árabes Unidos,2023,6,206.86,306.20463414634145,290.58,2023-04-07 14:14:10
MXP,Hurghada,Egito,2023,7,206.88,358.75,339.2,2023-04-07 14:14:10
MXP,Város,Grécia,2023,9,207.12,245.36875,262.54,2023-04-07 14:14:10
MXP,Brest,França,2023,4,207.14,408.364696969697,404.435,2023-04-07 14:14:10
MXP,Baku,Azerbeijão,2023,3,207.21,425.40060606060604,381.65,2023-04-07 14:14:10
MXP,La Rochelle,França,2023,4,207.53,300.7686956521739,331.16,2023-04-07 14:14:10
MXP,Cardiff,Reino Unido,2023,4,207.58,455.96918032786886,420.51,2023-04-07 14:14:10
MXP,Salzburgo,Áustria,2023,7,207.58,241.679,226.49,2023-04-07 14:14:10
MXP,Ponta Delgada,Portugal,2023,10,207.73,239.1985714285714,253.75,2023-04-07 14:14:10
MXP,Bergen,Noruega,2023,9,207.74,209.87857142857143,210.02,2023-04-07 14:14:10
MXP,Lajes,Portugal,2023,7,207.86,256.16999999999996,251.75,2023-04-07 14:14:10
MXP,Naxos,Grécia,2023,3,208.43,333.9073913043478,301.68,2023-04-07 14:14:10
MXP,Pafos,Chipre,2023,8,208.77,269.40380952380957,251.53,2023-04-07 14:14:10
MXP,Inverness,Reino Unido,2023,8,209.08,293.2311111111111,209.09,2023-04-07 14:14:10
MXP,Béziers,França,2023,4,209.37,210.19000000000003,210.59,2023-04-07 14:14:10
MXP,Hanover,Alemanha,2023,9,209.41,250.10600000000002,272.58,2023-04-07 14:14:10
MXP,Biarritz,França,2023,7,209.5,241.54375,210.31,2023-04-07 14:14:10
MXP,Pula,Croácia,2023,10,209.62,268.74,317.76,2023-04-07 14:14:10
MXP,Beirute,Líbano,2023,9,209.67,264.47533333333337,290.38,2023-04-07 14:14:10
MXP,Ilha do Pico,Portugal,2023,2,209.79,273.21722222222223,211.54000000000002,2023-04-07 14:14:10
MXP,Beirute,Líbano,2023,5,210.02,325.1023529411765,317.91,2023-04-07 14:14:10
MXP,Beirute,Líbano,2023,3,210.22,304.3517647058823,297.17,2023-04-07 14:14:10
MXP,Sibiu,Roménia,2023,6,210.26,232.18812499999999,230.06,2023-04-07 14:14:10
MXP,Rijeka,Croácia,2023,8,210.3,329.33634146341467,281.61,2023-04-07 14:14:10
MXP,Sibiu,Roménia,2023,8,210.31,227.825,227.825,2023-04-07 14:14:10
MXP,Southampton,Reino Unido,2023,3,210.42,403.8721875,284.895,2023-04-07 14:14:10
MXP,Poznań,Polónia,2023,8,210.48,210.72,210.48,2023-04-07 14:14:10
MXP,Dubai,Emirados Árabes Unidos,2023,4,210.55,345.9713636363636,327.22,2023-04-07 14:14:10
MXP,Marsa Alam,Egito,2023,7,210.55,280.44,265.43,2023-04-07 14:14:10
MXP,Ålesund,Noruega,2023,4,210.6,226.882,225.39,2023-04-07 14:14:10
MXP,Lille,França,2023,5,210.83,343.91705882352943,211.86,2023-04-07 14:14:10
MXP,Esmirna,Turquia,2023,6,211.5,259.9077272727273,257.35,2023-04-07 14:14:10
MXP,Houmt Souk,Tunísia,2023,9,211.57,328.55583333333334,253.395,2023-04-07 14:14:10
MXP,Medina,Arábia Saudita,2023,5,211.64,296.1897916666667,301.98,2023-04-07 14:14:10
MXP,Leeds,Reino Unido,2023,6,211.76,318.59263157894736,338.19,2023-04-07 14:14:10
MXP,Hurghada,Egito,2023,5,211.84,293.0987234042553,273.43,2023-04-07 14:14:10
MXP,Roterdão,Holanda,2023,2,211.84,289.2475,277.15,2023-04-07 14:14:10
MXP,Saraievo,Bósnia-Herzegóvina,2023,4,211.84,262.6428666666667,257.185,2023-04-07 14:14:10
MXP,Mitilene,Grécia,2023,5,212.07,252.9272,235.29,2023-04-07 14:14:10
MXP,Szczecin,Polónia,2023,4,212.16,267.29699999999997,267.16499999999996,2023-04-07 14:14:10
MXP,Shannon,Irlanda,2023,8,212.26,372.57631578947365,212.91,2023-04-07 14:14:10
MXP,Tbilisi,Geórgia,2024,1,212.29,311.855,311.855,2023-04-07 14:14:10
MXP,Pamplona,Espanha,2023,5,212.35,212.35,212.35,2023-04-07 14:14:10
MXP,Brest,França,2023,6,212.35,297.7832352941176,313.295,2023-04-07 14:14:10
MXP,Bratislava,Eslováquia,2023,6,212.4,1369.0345000000002,1437.35,2023-04-07 14:14:10
MXP,Brest,França,2023,8,212.42,324.3145454545455,338.91,2023-04-07 14:14:10
MXP,Kuwait,Koweit,2023,3,212.53,554.3750877192982,454.97,2023-04-07 14:14:10
MXP,Knock,Irlanda,2023,2,212.74,271.4,277.49,2023-04-07 14:14:10
MXP,Burgas,Bulgária,2023,6,213.06,413.7704347826087,228.17,2023-04-07 14:14:10
MXP,Samos,Grécia,2023,1,213.31,213.79999999999998,213.31,2023-04-07 14:14:10
MXP,Salzburgo,Áustria,2023,11,213.38,213.38,213.38,2023-04-07 14:14:10
MXP,Hurghada,Egito,2023,6,213.98,329.1552941176471,349.1,2023-04-07 14:14:10
MXP,São Sebastião,Espanha,2023,8,214.02,249.13,272.43,2023-04-07 14:14:10
MXP,Houmt Souk,Tunísia,2023,3,214.02,323.9464516129032,299.21500000000003,2023-04-07 14:14:10
MXP,Lille,França,2023,4,214.15,274.6675675675676,215.8,2023-04-07 14:14:10
MXP,Antália,Turquia,2023,6,214.4,292.23641025641024,287.57,2023-04-07 14:14:10
MXP,Agios Kirykos,Grécia,2023,7,214.78,286.2246153846154,247.79,2023-04-07 14:14:10
MXP,Nis,Sérvia,2023,9,214.9,215.1025,215.1,2023-04-07 14:14:10
MXP,Ajácio,França,2023,6,214.9,300.2295294117647,271.65,2023-04-07 14:14:10
MXP,Skýros,Grécia,2023,6,214.97,276.45,269.28,2023-04-07 14:14:10
MXP,Pau,França,2023,3,215.1,290.8794202898551,280.04,2023-04-07 14:14:10
MXP,Tbilisi,Geórgia,2023,12,215.1,215.1,215.1,2023-04-07 14:14:10
MXP,Régio da Calábria,Itália,2023,5,215.17,939.1967692307693,528.18,2023-04-07 14:14:10
MXP,Turku,Finlândia,2023,3,215.26,368.3904347826087,345.7,2023-04-07 14:14:10
MXP,Salzburgo,Áustria,2023,1,215.61,215.86,215.86,2023-04-07 14:14:10
MXP,Linz,Áustria,2023,6,215.81,215.81,215.81,2023-04-07 14:14:10
MXP,Oujda,Marrocos,2023,5,215.81,215.91,215.91,2023-04-07 14:14:10
MXP,Iași,Roménia,2023,11,215.84,215.84,215.84,2023-04-07 14:14:10
MXP,Dortmund,Alemanha,2023,7,215.84,234.34,234.34,2023-04-07 14:14:10
MXP,Figari,França,2023,9,216.01,216.01,216.01,2023-04-07 14:14:10
MXP,Ostrava,República Checa,2023,9,216.04,216.09571428571425,216.04,2023-04-07 14:14:10
MXP,Erevã,Arménia,2023,7,216.09,369.1966666666667,445.75,2023-04-07 14:14:10
MXP,Samos,Grécia,2023,9,216.21,264.5806666666667,268.87,2023-04-07 14:14:10
MXP,Ajácio,França,2023,9,216.52,259.4592857142857,255.69,2023-04-07 14:14:10
MXP,Pau,França,2023,4,216.56,417.6583606557377,310.29,2023-04-07 14:14:10
MXP,Hurghada,Egito,2023,4,216.57,408.50145833333335,379.16499999999996,2023-04-07 14:14:10
MXP,Pau,França,2023,2,216.61,287.9262068965517,257.62,2023-04-07 14:14:10
MXP,Bastia,França,2023,9,216.93,323.121875,386.17,2023-04-07 14:14:10
MXP,Klagenfurt,Áustria,2023,4,216.94,217.24666666666667,216.97,2023-04-07 14:14:10
MXP,Alexandroupolis Dimokritos,Grécia,2023,7,217.11,218.6118181818182,218.64,2023-04-07 14:14:10
MXP,Bodrum,Turquia,2023,6,217.21,310.99595238095236,300.01,2023-04-07 14:14:10
MXP,Essaouira,Marrocos,2023,5,217.36,217.60750000000002,217.69,2023-04-07 14:14:10
MXP,Erevã,Arménia,2023,10,217.7,317.32375,218.16,2023-04-07 14:14:10
MXP,Figari,França,2023,7,217.91,304.8359259259259,256.94,2023-04-07 14:14:10
MXP,Salzburgo,Áustria,2023,9,217.94,222.8738888888889,225.25,2023-04-07 14:14:10
MXP,Ioánnina,Grécia,2023,3,218.08,246.3083333333333,260.16499999999996,2023-04-07 14:14:10
MXP,Rovaniemi,Finlândia,2023,10,218.29,241.59736842105266,229.19,2023-04-07 14:14:10
MXP,Perugia,Itália,2023,6,218.31,615.829,218.66,2023-04-07 14:14:10
MXP,Figari,França,2023,4,218.31,312.6151351351351,273.15,2023-04-07 14:14:10
MXP,Pristina,Kosovo,2023,8,218.32,247.545,219.88,2023-04-07 14:14:10
MXP,Valladolid,Espanha,2023,2,218.36,257.79954545454547,257.58,2023-04-07 14:14:10
MXP,Quios,Grécia,2023,6,218.38,219.271875,219.22,2023-04-07 14:14:10
MXP,Bydgoszcz,Polónia,2023,5,218.78,219.1788888888889,219.49,2023-04-07 14:14:10
MXP,Münster,Alemanha,2023,4,218.81,263.21414285714286,232.49,2023-04-07 14:14:10
MXP,Nis,Sérvia,2023,1,219.28,236.39666666666668,219.37,2023-04-07 14:14:10
MXP,Tbilisi,Geórgia,2023,2,219.37,319.3856,290.87,2023-04-07 14:14:10
MXP,Parthéni,Grécia,2023,2,219.65,219.901,219.935,2023-04-07 14:14:10
MXP,Corvera,Espanha,2023,7,219.7,219.93999999999997,219.7,2023-04-07 14:14:10
MXP,Brest,França,2023,5,219.74,304.5106666666667,320.55,2023-04-07 14:14:10
MXP,Bratislava,Eslováquia,2023,9,219.87,257.334,266.13,2023-04-07 14:14:10
MXP,Bastia,França,2023,6,219.91,321.6395918367347,297.37,2023-04-07 14:14:10
MXP,Beirute,Líbano,2023,12,219.93,263.71999999999997,220.38,2023-04-07 14:14:10
MXP,Porto Santo,Portugal,2023,8,220.29,410.88296296296295,282.7,2023-04-07 14:14:10
MXP,Leipzig,Alemanha,2023,2,220.47,260.99266666666665,239.45499999999998,2023-04-07 14:14:10
MXP,Newquay,Reino Unido,2023,9,220.57,220.97333333333336,221.05,2023-04-07 14:14:10
MXP,Essaouira,Marrocos,2023,6,220.62,268.6382352941177,265.72,2023-04-07 14:14:10
MXP,Samos,Grécia,2023,7,220.63,327.6851515151515,310.9,2023-04-07 14:14:10
MXP,Corfú,Grécia,2023,3,220.88,286.15,263.615,2023-04-07 14:14:10
MXP,Régio da Calábria,Itália,2023,4,220.88,507.3041428571429,452.14,2023-04-07 14:14:10
MXP,Medina,Arábia Saudita,2023,3,220.9,506.14628205128207,516.89,2023-04-07 14:14:10
MXP,Mitilene,Grécia,2023,7,220.97,254.66588235294117,244.22,2023-04-07 14:14:10
MXP,Rzeszów,Polónia,2023,4,220.98,303.35978260869564,292.23,2023-04-07 14:14:10
MXP,Aberdeen,Reino Unido,2023,8,221.05,232.65526315789472,231.48,2023-04-07 14:14:10
MXP,Bastia,França,2023,8,221.09,366.35063492063495,332.65,2023-04-07 14:14:10
MXP,Argostoli,Grécia,2023,2,221.11,221.11,221.11,2023-04-07 14:14:10
MXP,Alexandroupolis Dimokritos,Grécia,2023,8,221.12,258.56333333333333,222.61,2023-04-07 14:14:10
MXP,Tromsø,Noruega,2023,9,221.28,257.24,264.04,2023-04-07 14:14:10
MXP,Sitia,Grécia,2023,8,221.45,345.3148717948718,346.85,2023-04-07 14:14:10
MXP,Münster,Alemanha,2023,2,221.49,515.9491304347827,598.19,2023-04-07 14:14:10
MXP,Horta,Portugal,2023,10,221.54,259.8825,231.115,2023-04-07 14:14:10
MXP,Ajácio,França,2023,7,221.54,301.2742105263158,281.385,2023-04-07 14:14:10
MXP,Banja Luka,Bósnia-Herzegóvina,2023,7,222.29,229.79928571428573,223.58,2023-04-07 14:14:10
MXP,Münster,Alemanha,2023,7,222.4,245.95882352941177,223.3,2023-04-07 14:14:10
MXP,Malmo,Suécia,2023,4,222.49,270.89444444444445,241.58,2023-04-07 14:14:10
MXP,Dubrovnik,Croácia,2023,2,222.58,354.17214285714283,351.805,2023-04-07 14:14:10
MXP,Milltown (Kerry),Irlanda,2023,6,222.85,223.01555555555555,222.86,2023-04-07 14:14:10
MXP,Rovaniemi,Finlândia,2023,11,223.21,276.94684210526316,249.97,2023-04-07 14:14:10
MXP,Kalmar,Suécia,2023,8,223.33,237.78222222222223,223.42,2023-04-07 14:14:10
MXP,Poitiers,França,2023,7,223.38,224.01500000000001,224.1,2023-04-07 14:14:10
MXP,Bodrum,Turquia,2023,10,223.64,254.16,224.4,2023-04-07 14:14:10
MXP,Szczecin,Polónia,2023,6,223.79,223.95555555555555,223.8,2023-04-07 14:14:10
MXP,Gibraltar,Gibraltar,2023,12,223.82,224.89454545454547,225.26,2023-04-07 14:14:10
MXP,Dalaman,Turquia,2023,3,223.83,287.21923076923076,292.44,2023-04-07 14:14:10
MXP,Samos,Grécia,2023,2,224.25,234.234,234.17,2023-04-07 14:14:10
MXP,Tetuão,Marrocos,2023,7,224.73,724.0481818181819,225.1,2023-04-07 14:14:10
MXP,Tromsø,Noruega,2023,10,224.78,270.04833333333335,257.65,2023-04-07 14:14:10
MXP,Paderborn,Alemanha,2023,8,224.95,225.10777777777776,225.17,2023-04-07 14:14:10
MXP,Bodrum,Turquia,2023,4,224.95,306.5612,314.42,2023-04-07 14:14:10
MXP,Város,Grécia,2023,5,224.98,287.71363636363634,275.32,2023-04-07 14:14:10
MXP,Agios Kirykos,Grécia,2023,6,225.16,302.86953846153847,287.76,2023-04-07 14:14:10
MXP,La Rochelle,França,2023,7,225.22,225.863,225.95,2023-04-07 14:14:10
MXP,Bolonha,Itália,2023,10,225.39,240.255,240.255,2023-04-07 14:14:10
MXP,Aalborg,Dinamarca,2023,9,225.7,225.855,225.745,2023-04-07 14:14:10
MXP,Skýros,Grécia,2023,8,225.73,382.33885714285714,400.78,2023-04-07 14:14:10
MXP,Roterdão,Holanda,2023,6,225.79,286.43375,284.71,2023-04-07 14:14:10
MXP,Parthéni,Grécia,2023,9,225.81,226.30714285714288,226.68,2023-04-07 14:14:10
MXP,Montpellier,França,2023,4,225.98,293.8209722222222,275.19,2023-04-07 14:14:10
MXP,Tromsø,Noruega,2024,1,226.03,302.4458333333333,336.995,2023-04-07 14:14:10
MXP,Dresden,Alemanha,2023,9,226.12,253.23333333333335,266.79,2023-04-07 14:14:10
MXP,Pristina,Kosovo,2023,6,226.14,226.30666666666664,226.14,2023-04-07 14:14:10
MXP,Maastricht,Holanda,2023,3,226.14,242.79142857142855,235.42000000000002,2023-04-07 14:14:10
MXP,Southampton,Reino Unido,2023,5,226.26,406.19052631578944,341.96,2023-04-07 14:14:10
MXP,Inverness,Reino Unido,2023,9,226.29,226.29,226.29,2023-04-07 14:14:10
MXP,Esmirna,Turquia,2023,1,226.58,229.345,230.26,2023-04-07 14:14:10
MXP,Jerez de la Frontera,Espanha,2023,8,226.69,226.69,226.69,2023-04-07 14:14:10
MXP,Esmirna,Turquia,2023,3,226.74,309.9135714285714,311.09000000000003,2023-04-07 14:14:10
MXP,Parikia,Grécia,2023,7,226.74,336.06975609756097,334.39,2023-04-07 14:14:10
MXP,Lajes,Portugal,2024,1,226.83,227.38,227.38,2023-04-07 14:14:10
MXP,Tbilisi,Geórgia,2023,4,226.91,439.0452631578947,353.55,2023-04-07 14:14:10
MXP,Calvi,França,2023,9,227.04,248.47666666666666,227.04,2023-04-07 14:14:10
MXP,Pamplona,Espanha,2023,2,227.15,227.15,227.15,2023-04-07 14:14:10
MXP,Horta,Portugal,2023,3,227.26,332.156,274.0,2023-04-07 14:14:10
MXP,Münster,Alemanha,2023,3,227.36,297.4654545454545,227.61,2023-04-07 14:14:10
MXP,Éilat,Israel,2023,5,227.65,387.6229166666667,284.985,2023-04-07 14:14:10
MXP,Pantelária,Itália,2023,9,227.76,296.962,286.82,2023-04-07 14:14:10
MXP,Klagenfurt,Áustria,2023,6,228.38,229.3088888888889,228.86,2023-04-07 14:14:10
MXP,Ponta Delgada,Portugal,2023,8,228.4,385.01,298.69,2023-04-07 14:14:10
MXP,Cairo,Egito,2023,4,228.42,313.66,331.69,2023-04-07 14:14:10
MXP,Oradea,Roménia,2023,5,228.61,633.9871875,311.02,2023-04-07 14:14:10
MXP,Quios,Grécia,2023,8,228.99,419.8482978723404,394.0,2023-04-07 14:14:10
MXP,Pau,França,2023,8,229.11,296.39421052631576,294.92,2023-04-07 14:14:10
MXP,Figari,França,2023,5,229.13,293.3327777777778,281.82500000000005,2023-04-07 14:14:10
MXP,Parikia,Grécia,2023,10,229.15,260.95,237.86,2023-04-07 14:14:10
MXP,Gaziantep,Turquia,2023,2,229.34,326.4111627906977,266.63,2023-04-07 14:14:10
MXP,Cairo,Egito,2023,10,229.37,259.8728571428572,260.675,2023-04-07 14:14:10
MXP,Narvik,Noruega,2023,4,229.53,380.97072289156625,372.27,2023-04-07 14:14:10
MXP,Dalaman,Turquia,2023,4,229.53,367.444375,368.47,2023-04-07 14:14:10
MXP,Dresden,Alemanha,2023,7,229.53,233.23333333333332,229.74,2023-04-07 14:14:10
MXP,Város,Grécia,2023,6,229.73,230.29625,230.46,2023-04-07 14:14:10
MXP,Antália,Turquia,2023,10,229.73,245.5125,230.46,2023-04-07 14:14:10
MXP,Roterdão,Holanda,2023,4,229.98,374.7033663366337,342.33,2023-04-07 14:14:10
MXP,Tivat,Montenegro,2023,3,230.13,270.9054838709677,234.37,2023-04-07 14:14:10
MXP,Pau,França,2023,12,230.26,230.26999999999998,230.26999999999998,2023-04-07 14:14:10
MXP,Parikia,Grécia,2023,6,230.76,296.77440476190475,295.3,2023-04-07 14:14:10
MXP,Reiquiavique,Islândia,2023,7,230.76,348.28999999999996,348.28999999999996,2023-04-07 14:14:10
MXP,Turku,Finlândia,2023,4,230.91,278.2428,246.77,2023-04-07 14:14:10
MXP,Badajoz,Espanha,2023,6,231.18,231.48166666666665,231.39,2023-04-07 14:14:10
MXP,Kuwait,Koweit,2023,5,231.36,433.02483870967745,362.48,2023-04-07 14:14:10
MXP,Argel,Argélia,2023,12,231.42,231.42,231.42,2023-04-07 14:14:10
MXP,Trondheim,Noruega,2023,6,231.57,301.77000000000004,258.3,2023-04-07 14:14:10
MXP,Oradea,Roménia,2023,2,231.6,427.6788372093023,536.18,2023-04-07 14:14:10
MXP,Manchester,Reino Unido,2023,1,231.6,231.6,231.6,2023-04-07 14:14:10
MXP,Toulon,França,2023,5,231.7,331.3555555555556,313.12,2023-04-07 14:14:10
MXP,Monastir,Tunísia,2023,10,231.89,232.23333333333332,231.9,2023-04-07 14:14:10
MXP,Santa Cruz de la Palma,Espanha,2023,10,231.93,234.3311111111111,235.36,2023-04-07 14:14:10
MXP,Leeds,Reino Unido,2023,8,231.95,231.95,231.95,2023-04-07 14:14:10
MXP,Santa Cruz de la Palma,Espanha,2023,11,232.1,232.1,232.1,2023-04-07 14:14:10
MXP,Calamata,Grécia,2023,8,232.12,361.62333333333333,365.52,2023-04-07 14:14:10
MXP,Aalborg,Dinamarca,2023,8,232.18,232.18,232.18,2023-04-07 14:14:10
MXP,Trondheim,Noruega,2023,9,232.44,232.43999999999997,232.44,2023-04-07 14:14:10
MXP,Beirute,Líbano,2023,4,232.45,339.73807692307696,358.475,2023-04-07 14:14:10
MXP,Régio da Calábria,Itália,2023,7,232.45,429.9391304347826,312.12,2023-04-07 14:14:10
MXP,Baku,Azerbeijão,2023,2,232.52,319.346,300.37,2023-04-07 14:14:10
MXP,Bergen,Noruega,2023,10,232.57,244.51090909090908,232.64,2023-04-07 14:14:10
MXP,Limoges,França,2023,7,232.57,233.17800000000003,233.33,2023-04-07 14:14:10
MXP,Pula,Croácia,2023,3,232.62,305.4907692307692,275.32,2023-04-07 14:14:10
MXP,Antália,Turquia,2023,7,232.86,431.9277777777778,442.91,2023-04-07 14:14:10
MXP,Bodø,Noruega,2023,4,232.87,343.45775,320.815,2023-04-07 14:14:10
MXP,Hanover,Alemanha,2023,1,233.03,233.032,233.03,2023-04-07 14:14:10
MXP,Alexandria,Egito,2023,9,233.21,461.3833333333334,575.47,2023-04-07 14:14:10
MXP,Beirute,Líbano,2023,11,233.38,236.7733333333333,233.38,2023-04-07 14:14:10
MXP,Beirute,Líbano,2023,10,233.44,239.56571428571428,240.87,2023-04-07 14:14:10
MXP,Palanga,Lituânia,2023,8,233.49,243.51217391304345,234.29,2023-04-07 14:14:10
MXP,Clermont-Ferrand,França,2023,7,233.49,234.0981818181818,234.25,2023-04-07 14:14:10
MXP,Katovice,Polónia,2023,9,233.65,233.65,233.65,2023-04-07 14:14:10
MXP,Rijeka,Croácia,2023,5,233.83,246.4475,237.14,2023-04-07 14:14:10
MXP,Houmt Souk,Tunísia,2023,6,234.05,335.09020408163263,313.18,2023-04-07 14:14:10
MXP,Craiova,Roménia,2023,9,234.17,234.87833333333333,235.07,2023-04-07 14:14:10
MXP,Agadir,Marrocos,2023,7,234.32,270.71,239.79,2023-04-07 14:14:10
MXP,Ancara,Turquia,2023,4,234.36,327.7925714285714,289.33,2023-04-07 14:14:10
MXP,Dresden,Alemanha,2023,1,234.45,332.37,332.37,2023-04-07 14:14:10
MXP,Mascate,Omã,2023,3,234.53,441.91682539682535,436.87,2023-04-07 14:14:10
MXP,Parikia,Grécia,2023,8,234.53,383.53849462365594,382.33,2023-04-07 14:14:10
MXP,Ålesund,Noruega,2023,5,234.86,235.15333333333334,235.17,2023-04-07 14:14:10
MXP,Ancara,Turquia,2023,3,234.97,324.656875,320.73,2023-04-07 14:14:10
MXP,Craiova,Roménia,2023,5,235.01,274.9669230769231,235.57,2023-04-07 14:14:10
MXP,Tromsø,Noruega,2023,2,235.04,492.791875,485.405,2023-04-07 14:14:10
MXP,Cairo,Egito,2023,12,235.21,255.36166666666668,248.13,2023-04-07 14:14:10
MXP,Pula,Croácia,2023,4,235.21,393.58612903225804,248.74,2023-04-07 14:14:10
MXP,Caen,França,2023,3,235.44,235.90300000000002,235.99,2023-04-07 14:14:10
MXP,Zaquinto,Grécia,2023,4,235.53,235.53,235.53,2023-04-07 14:14:10
MXP,Bodø,Noruega,2023,8,236.03,339.0232,331.805,2023-04-07 14:14:10
MXP,Skellefteå,Suécia,2023,2,236.22,378.7247368421053,505.73,2023-04-07 14:14:10
MXP,Chambéry,França,2023,3,236.36,237.49,237.585,2023-04-07 14:14:10
MXP,Parthéni,Grécia,2023,7,236.36,237.49,237.585,2023-04-07 14:14:10
MXP,Narvik,Noruega,2023,3,236.37,466.9865934065934,399.32,2023-04-07 14:14:10
MXP,Reus,Espanha,2023,7,236.58,285.5345454545455,289.61,2023-04-07 14:14:10
MXP,Rabate,Marrocos,2023,8,236.88,281.128,280.6,2023-04-07 14:14:10
MXP,Sønderborg,Dinamarca,2023,5,237.07,307.7627777777778,238.9,2023-04-07 14:14:10
MXP,Zielona Góra,Polónia,2023,1,237.11,442.50874999999996,465.13,2023-04-07 14:14:10
MXP,Palanga,Lituânia,2023,4,237.11,300.93333333333334,254.92,2023-04-07 14:14:10
MXP,Lublin,Polónia,2023,7,237.15,238.71300000000002,239.74,2023-04-07 14:14:10
MXP,Gibraltar,Gibraltar,2023,6,237.15,440.0133333333333,340.47,2023-04-07 14:14:10
MXP,Tours,França,2023,5,237.33,238.55499999999998,238.79,2023-04-07 14:14:10
MXP,Roterdão,Holanda,2023,5,237.6,294.0338461538462,262.69,2023-04-07 14:14:10
MXP,Essaouira,Marrocos,2023,2,237.62,389.56142857142856,238.13,2023-04-07 14:14:10
MXP,Monastir,Tunísia,2023,5,237.8,873.5038095238097,345.22,2023-04-07 14:14:10
MXP,Melilla,Espanha,2023,6,237.89,238.0425,237.89999999999998,2023-04-07 14:14:10
MXP,Ajácio,França,2023,8,238.18,310.94549295774647,320.36,2023-04-07 14:14:10
MXP,Cairo,Egito,2023,2,238.21,286.46666666666664,256.29999999999995,2023-04-07 14:14:10
MXP,Régio da Calábria,Itália,2023,3,238.27,412.570625,269.06,2023-04-07 14:14:10
MXP,Valladolid,Espanha,2023,4,238.31,245.15666666666667,239.92,2023-04-07 14:14:10
MXP,Bremen,Alemanha,2023,8,238.55,245.45615384615382,248.93,2023-04-07 14:14:10
MXP,Túnis,Tunísia,2023,1,238.55,238.55,238.55,2023-04-07 14:14:10
MXP,Liubliana,Eslovénia,2023,12,238.67,238.67,238.67,2023-04-07 14:14:10
MXP,Brest,França,2023,3,238.76,263.86555555555555,266.07,2023-04-07 14:14:10
MXP,Salalah,Omã,2023,5,238.86,534.381724137931,569.39,2023-04-07 14:14:10
MXP,Vitória,Espanha,2023,7,238.87,306.47,306.47,2023-04-07 14:14:10
MXP,Calvi,França,2023,4,238.95,367.37216216216217,372.53,2023-04-07 14:14:10
MXP,Reus,Espanha,2023,8,238.99,265.8075,275.84,2023-04-07 14:14:10
MXP,Valverde,Espanha,2023,2,239.1,422.0631818181818,312.71,2023-04-07 14:14:10
MXP,Knock,Irlanda,2023,8,239.18,291.77000000000004,239.18,2023-04-07 14:14:10
MXP,Caen,França,2023,1,239.47,239.475,239.47,2023-04-07 14:14:10
MXP,Sønderborg,Dinamarca,2023,3,240.22,240.78111111111113,241.03,2023-04-07 14:14:10
MXP,Marraquexe,Marrocos,2023,8,240.35,240.35,240.35,2023-04-07 14:14:10
MXP,Kythira,Grécia,2023,4,240.68,362.0914814814815,333.86,2023-04-07 14:14:10
MXP,Clermont-Ferrand,França,2023,4,240.72,270.9976984126984,246.68,2023-04-07 14:14:10
MXP,Leipzig,Alemanha,2023,7,240.79,242.72272727272727,241.66,2023-04-07 14:14:10
MXP,Ajácio,França,2023,3,241.05,285.3607692307692,257.24,2023-04-07 14:14:10
MXP,Monastir,Tunísia,2023,6,241.64,425.3996428571428,275.2,2023-04-07 14:14:10
MXP,Dresden,Alemanha,2023,4,241.65,278.63098591549294,255.06,2023-04-07 14:14:10
MXP,San Sebastián de la Gomera,Espanha,2023,3,241.71,317.537,262.59000000000003,2023-04-07 14:14:10
MXP,Calamata,Grécia,2023,7,241.75,321.3130303030303,355.89,2023-04-07 14:14:10
MXP,Paleochori,Grécia,2023,9,241.78,275.6295652173913,264.34,2023-04-07 14:14:10
MXP,Rijeka,Croácia,2023,10,241.79,248.825,249.025,2023-04-07 14:14:10
MXP,Perpinhã,França,2023,3,241.82,241.84666666666666,241.86,2023-04-07 14:14:10
MXP,Bodrum,Turquia,2023,5,242.56,334.81857142857143,321.52,2023-04-07 14:14:10
MXP,Leipzig,Alemanha,2023,9,243.13,277.071,276.835,2023-04-07 14:14:10
MXP,Bournemouth,Reino Unido,2023,7,243.15,243.15,243.15,2023-04-07 14:14:10
MXP,Samos,Grécia,2023,8,243.75,385.3220512820513,324.2,2023-04-07 14:14:10
MXP,Debrecen,Hungria,2023,2,244.05,282.90444444444444,244.62,2023-04-07 14:14:10
MXP,Ioánnina,Grécia,2023,8,244.05,245.76666666666668,244.06,2023-04-07 14:14:10
MXP,Cairo,Egito,2023,6,244.22,277.67619047619047,273.75,2023-04-07 14:14:10
MXP,Horta,Portugal,2023,6,244.56,302.4539393939394,296.56,2023-04-07 14:14:10
MXP,Karpathos,Grécia,2023,2,244.65,246.358,247.18,2023-04-07 14:14:10
MXP,Newquay,Reino Unido,2023,8,244.73,295.49,245.07,2023-04-07 14:14:10
MXP,Tivat,Montenegro,2023,4,245.15,537.36375,462.745,2023-04-07 14:14:10
MXP,Zadar,Croácia,2023,3,245.35,245.35,245.35,2023-04-07 14:14:10
MXP,Tbilisi,Geórgia,2023,8,245.35,515.6571428571428,384.47,2023-04-07 14:14:10
MXP,Rabate,Marrocos,2023,9,245.44,322.2081818181818,334.69,2023-04-07 14:14:10
MXP,Pau,França,2023,10,245.48,245.48,245.48,2023-04-07 14:14:10
MXP,Cardiff,Reino Unido,2023,8,245.57,320.5777777777778,271.235,2023-04-07 14:14:10
MXP,Heraclião,Grécia,2023,4,245.8,289.4433333333333,259.28,2023-04-07 14:14:10
MXP,Calamata,Grécia,2023,2,246.1,246.1,246.1,2023-04-07 14:14:10
MXP,Bastia,França,2023,7,246.21,359.28636363636366,277.65,2023-04-07 14:14:10
MXP,Kayseri,Turquia,2023,5,246.25,320.82485294117646,312.40999999999997,2023-04-07 14:14:10
MXP,Leipzig,Alemanha,2023,12,246.28,246.28,246.28,2023-04-07 14:14:10
MXP,Baku,Azerbeijão,2023,5,246.49,343.56347826086954,314.41999999999996,2023-04-07 14:14:10
MXP,Dubai,Emirados Árabes Unidos,2023,3,246.59,302.2101333333333,290.895,2023-04-07 14:14:10
MXP,Crotone,Itália,2023,5,246.67,1255.9285714285713,1425.87,2023-04-07 14:14:10
MXP,Naxos,Grécia,2023,1,246.84,268.69,268.69,2023-04-07 14:14:10
MXP,Baku,Azerbeijão,2023,4,247.46,490.619537037037,362.99,2023-04-07 14:14:10
MXP,Dubai,Emirados Árabes Unidos,2023,2,247.49,306.5695238095238,323.5,2023-04-07 14:14:10
MXP,Kristiansand,Noruega,2023,6,247.97,286.61,302.75,2023-04-07 14:14:10
MXP,Rovaniemi,Finlândia,2023,8,248.05,266.27214285714285,250.49,2023-04-07 14:14:10
MXP,Kittilä,Finlândia,2024,1,248.12,359.4761111111111,250.13,2023-04-07 14:14:10
MXP,Bergen,Noruega,2023,8,248.14,312.4780769230769,285.005,2023-04-07 14:14:10
MXP,Kittilä,Finlândia,2023,11,248.14,286.2412,250.66,2023-04-07 14:14:10
MXP,Kuusamo,Finlândia,2024,1,248.4,414.3007692307692,479.91,2023-04-07 14:14:10
MXP,Bergen,Noruega,2023,7,248.77,315.51272727272726,285.35,2023-04-07 14:14:10
MXP,Rovaniemi,Finlândia,2023,5,249.05,261.385,249.51,2023-04-07 14:14:10
MXP,Sylt,Alemanha,2023,6,249.06,249.38916666666668,249.6,2023-04-07 14:14:10
MXP,Dakar,Senegal,2023,10,249.07,290.73393939393935,263.5,2023-04-07 14:14:10
MXP,Ivalo,Finlândia,2023,11,249.07,431.055,455.02,2023-04-07 14:14:10
MXP,Cardiff,Reino Unido,2023,7,249.32,277.262962962963,274.6,2023-04-07 14:14:10
MXP,Bodø,Noruega,2023,2,249.6,408.20875,462.31,2023-04-07 14:14:10
MXP,Rovaniemi,Finlândia,2024,1,249.64,393.5930769230769,381.33,2023-04-07 14:14:10
MXP,Valladolid,Espanha,2023,5,250.04,250.425,250.425,2023-04-07 14:14:10
MXP,Rovaniemi,Finlândia,2024,3,250.04,252.08199999999997,250.85,2023-04-07 14:14:10
MXP,Rovaniemi,Finlândia,2023,9,250.27,311.25307692307695,308.9,2023-04-07 14:14:10
MXP,Ancara,Turquia,2023,6,250.52,270.424,252.72,2023-04-07 14:14:10
MXP,Horta,Portugal,2023,11,250.52,250.6125,250.52,2023-04-07 14:14:10
MXP,Palanga,Lituânia,2023,6,250.9,306.1930769230769,330.27,2023-04-07 14:14:10
MXP,Rennes,França,2023,8,250.94,662.5422727272727,304.97,2023-04-07 14:14:10
MXP,Parthéni,Grécia,2023,6,251.25,396.8415,252.09,2023-04-07 14:14:10
MXP,Ivalo,Finlândia,2023,3,252.11,325.0971584699453,289.18,2023-04-07 14:14:10
MXP,Kittilä,Finlândia,2023,3,252.11,398.72125,317.805,2023-04-07 14:14:10
MXP,Beirute,Líbano,2023,8,252.11,370.6385714285714,329.73,2023-04-07 14:14:10
MXP,Narvik,Noruega,2023,10,252.12,346.976,394.24,2023-04-07 14:14:10
MXP,Tours,França,2023,7,252.36,252.67555555555555,252.69,2023-04-07 14:14:10
MXP,Toulon,França,2023,9,252.5,252.5,252.5,2023-04-07 14:14:10
MXP,Corvera,Espanha,2023,8,252.69,324.98,345.85,2023-04-07 14:14:10
MXP,Dalaman,Turquia,2023,7,252.72,453.6404347826087,426.54,2023-04-07 14:14:10
MXP,Préveza,Grécia,2023,4,252.74,290.7366666666667,280.53,2023-04-07 14:14:10
MXP,Girona,Espanha,2023,9,253.3,256.5133333333333,258.12,2023-04-07 14:14:10
MXP,Trondheim,Noruega,2023,11,253.34,253.34,253.34,2023-04-07 14:14:10
MXP,Kuwait,Koweit,2023,2,253.44,437.97303030303027,399.78,2023-04-07 14:14:10
MXP,Kutaisi,Geórgia,2023,7,253.68,335.31399999999996,347.56,2023-04-07 14:14:10
MXP,Éilat,Israel,2023,4,253.91,387.7541428571429,375.37,2023-04-07 14:14:10
MXP,Castellón de la Plana,Espanha,2023,8,254.2,254.51999999999998,254.54,2023-04-07 14:14:10
MXP,Limoges,França,2023,5,254.22,254.4257142857143,254.22,2023-04-07 14:14:10
MXP,Estrasburgo,França,2023,8,254.87,255.3,254.87,2023-04-07 14:14:10
MXP,Dakar,Senegal,2023,11,254.92,322.7223076923077,332.86,2023-04-07 14:14:10
MXP,Ioánnina,Grécia,2023,10,255.06,255.26,255.06,2023-04-07 14:14:10
MXP,Dakar,Senegal,2023,6,255.27,422.53754385964913,400.89,2023-04-07 14:14:10
MXP,Estrasburgo,França,2023,7,255.5,359.521,301.8,2023-04-07 14:14:10
MXP,Ålesund,Noruega,2023,6,255.54,352.60117647058826,258.34,2023-04-07 14:14:10
MXP,Rzeszów,Polónia,2023,2,255.69,304.5523076923077,318.73,2023-04-07 14:14:10
MXP,Rovaniemi,Finlândia,2023,4,256.05,329.15500000000003,311.15,2023-04-07 14:14:10
MXP,Figari,França,2023,8,256.05,363.07729411764706,340.39,2023-04-07 14:14:10
MXP,Pau,França,2023,7,256.05,256.05,256.05,2023-04-07 14:14:10
MXP,San Sebastián de la Gomera,Espanha,2023,4,256.07,508.97157894736836,578.09,2023-04-07 14:14:10
MXP,Dortmund,Alemanha,2023,8,256.71,257.39142857142855,256.71,2023-04-07 14:14:10
MXP,Figari,França,2023,3,256.73,293.76,275.795,2023-04-07 14:14:10
MXP,Skýros,Grécia,2023,4,257.39,372.62159090909086,380.75,2023-04-07 14:14:10
MXP,Taif,Arábia Saudita,2023,4,257.41,493.34909090909093,573.57,2023-04-07 14:14:10
MXP,Dammam,Arábia Saudita,2023,9,257.41,257.41,257.41,2023-04-07 14:14:10
MXP,Tromsø,Noruega,2023,8,257.5,311.2833333333333,304.44,2023-04-07 14:14:10
MXP,Ängelholm,Suécia,2023,5,257.76,301.1663157894737,259.4,2023-04-07 14:14:10
MXP,Nova Iorque,Estados Unidos,2023,4,257.76,332.97135135135136,350.06,2023-04-07 14:14:10
MXP,Kayseri,Turquia,2023,3,257.89,290.64526315789476,292.72,2023-04-07 14:14:10
MXP,Donegal,Irlanda,2023,2,258.11,355.605,355.605,2023-04-07 14:14:10
MXP,Dresden,Alemanha,2023,12,258.27,259.88800000000003,260.46,2023-04-07 14:14:10
MXP,Pau,França,2023,6,258.33,357.4780769230769,390.22,2023-04-07 14:14:10
MXP,Clermont-Ferrand,França,2023,9,258.44,259.36,259.36,2023-04-07 14:14:10
MXP,Ajácio,França,2023,5,258.81,325.32666666666665,324.95,2023-04-07 14:14:10
MXP,Hermópolis,Grécia,2023,4,258.84,261.7675,259.855,2023-04-07 14:14:10
MXP,Casablanca,Marrocos,2023,7,259.05,283.24333333333334,295.34,2023-04-07 14:14:10
MXP,Lublin,Polónia,2023,2,259.47,350.76,272.34000000000003,2023-04-07 14:14:10
MXP,Narvik,Noruega,2023,8,259.64,358.1605714285715,358.28,2023-04-07 14:14:10
MXP,Parikia,Grécia,2023,4,260.13,314.48777777777775,321.15,2023-04-07 14:14:10
MXP,Régio da Calábria,Itália,2023,8,260.18,982.8641666666667,728.15,2023-04-07 14:14:10
MXP,Kayseri,Turquia,2023,2,260.25,269.50888888888886,260.37,2023-04-07 14:14:10
MXP,Calamata,Grécia,2023,9,260.29,376.031875,295.925,2023-04-07 14:14:10
MXP,Dresden,Alemanha,2023,6,260.56,260.74,260.615,2023-04-07 14:14:10
MXP,Horta,Portugal,2023,1,260.56,260.865,260.865,2023-04-07 14:14:10
MXP,Baku,Azerbeijão,2023,9,260.86,313.7218181818182,283.82,2023-04-07 14:14:10
MXP,Medina,Arábia Saudita,2023,4,260.88,466.6388172043011,394.44,2023-04-07 14:14:10
MXP,Sylt,Alemanha,2023,7,261.07,262.2728571428571,261.96,2023-04-07 14:14:10
MXP,Cairo,Egito,2024,2,261.09,271.05,273.9,2023-04-07 14:14:10
MXP,Ålesund,Noruega,2023,8,261.1,261.8175,261.95,2023-04-07 14:14:10
MXP,Tbilisi,Geórgia,2024,2,261.1,261.525,261.525,2023-04-07 14:14:10
MXP,Burgas,Bulgária,2023,3,261.12,261.7963636363636,261.82,2023-04-07 14:14:10
MXP,Dalaman,Turquia,2023,5,261.21,288.6382352941177,287.92,2023-04-07 14:14:10
MXP,Calvi,França,2023,6,261.24,365.66093023255814,323.85,2023-04-07 14:14:10
MXP,Bodø,Noruega,2023,3,261.58,471.3370786516854,495.87,2023-04-07 14:14:10
MXP,Lublin,Polónia,2023,9,262.02,262.02,262.02,2023-04-07 14:14:10
MXP,Oran,Argélia,2023,3,262.4,310.3722222222222,326.91,2023-04-07 14:14:10
MXP,Pau,França,2023,1,262.4,262.4,262.4,2023-04-07 14:14:10
MXP,Quios,Grécia,2023,9,262.41,263.03700000000003,263.12,2023-04-07 14:14:10
MXP,São Sebastião,Espanha,2023,2,262.77,413.305,476.58000000000004,2023-04-07 14:14:10
MXP,Oulu,Finlândia,2023,8,262.87,262.9766666666667,262.87,2023-04-07 14:14:10
MXP,Donegal,Irlanda,2023,6,263.1,263.9577777777778,263.25,2023-04-07 14:14:10
MXP,Baku,Azerbeijão,2023,10,263.15,278.06428571428575,264.93,2023-04-07 14:14:10
MXP,Agadir,Marrocos,2023,9,264.12,264.12,264.12,2023-04-07 14:14:10
MXP,Horta,Portugal,2023,4,264.39,417.79204081632656,422.46,2023-04-07 14:14:10
MXP,Naxos,Grécia,2023,2,264.68,337.8719047619048,322.73,2023-04-07 14:14:10
MXP,Houmt Souk,Tunísia,2023,5,264.94,350.89166666666665,361.435,2023-04-07 14:14:10
MXP,Plovdiv,Bulgária,2023,3,265.25,266.05333333333334,266.06,2023-04-07 14:14:10
MXP,Casablanca,Marrocos,2023,8,265.26,585.8636363636364,331.01,2023-04-07 14:14:10
MXP,Tuzla,Bósnia-Herzegóvina,2023,1,265.26,265.26,265.26,2023-04-07 14:14:10
MXP,Bacau,Roménia,2023,7,265.43,266.205,266.275,2023-04-07 14:14:10
MXP,Brest,França,2023,7,265.6,301.6,301.6,2023-04-07 14:14:10
MXP,Adana,Turquia,2023,3,265.86,332.0473076923077,292.79,2023-04-07 14:14:10
MXP,Kythira,Grécia,2023,7,266.08,340.59133333333335,366.78,2023-04-07 14:14:10
MXP,Naxos,Grécia,2023,10,266.21,302.065,283.71000000000004,2023-04-07 14:14:10
MXP,Manama,Bahrain,2023,6,266.35,365.41499999999996,267.185,2023-04-07 14:14:10
MXP,Naxos,Grécia,2023,6,266.7,364.4419178082192,321.4,2023-04-07 14:14:10
MXP,Kythira,Grécia,2023,9,266.92,359.49250000000006,266.92,2023-04-07 14:14:10
MXP,Sundsvall,Suécia,2023,5,267.06,267.69899999999996,267.78499999999997,2023-04-07 14:14:10
MXP,Tivat,Montenegro,2023,2,267.12,317.685,339.12,2023-04-07 14:14:10
MXP,Estrasburgo,França,2023,10,267.27,267.6875,267.27,2023-04-07 14:14:10
MXP,Constanţa,Roménia,2023,4,267.76,405.90749999999997,450.28,2023-04-07 14:14:10
MXP,Burgas,Bulgária,2023,8,267.9,473.173698630137,413.55,2023-04-07 14:14:10
MXP,Kristiansand,Noruega,2023,2,267.9,268.20222222222225,268.01,2023-04-07 14:14:10
MXP,Oradea,Roménia,2023,8,267.9,453.321,451.27,2023-04-07 14:14:10
MXP,Naxos,Grécia,2023,8,268.05,504.65206896551723,420.8,2023-04-07 14:14:10
MXP,Préveza,Grécia,2023,9,268.34,409.55125,431.17,2023-04-07 14:14:10
MXP,Trondheim,Noruega,2023,12,268.5,269.02,268.5,2023-04-07 14:14:10
MXP,Ancara,Turquia,2023,2,268.63,320.894,317.07,2023-04-07 14:14:10
MXP,Dubai,Emirados Árabes Unidos,2023,1,268.82,305.14000000000004,323.29,2023-04-07 14:14:10
MXP,Karpathos,Grécia,2023,8,268.85,427.3470454545455,433.22,2023-04-07 14:14:10
MXP,Tromsø,Noruega,2023,11,269.08,294.2371428571428,269.66,2023-04-07 14:14:10
MXP,Béziers,França,2023,7,269.34,270.11199999999997,270.22,2023-04-07 14:14:10
MXP,Burgas,Bulgária,2023,2,269.57,269.57,269.57,2023-04-07 14:14:10
MXP,Kuwait,Koweit,2023,4,269.66,423.43074074074076,428.31,2023-04-07 14:14:10
MXP,Bardufoss,Noruega,2023,11,269.66,369.9030769230769,355.95,2023-04-07 14:14:10
MXP,Fes,Marrocos,2023,8,269.68,574.5811111111111,565.79,2023-04-07 14:14:10
MXP,Ioánnina,Grécia,2023,7,269.7,603.02,766.7,2023-04-07 14:14:10
MXP,Liverpool,Reino Unido,2023,7,269.78,269.78,269.78,2023-04-07 14:14:10
MXP,Paleochori,Grécia,2023,7,269.85,375.3368518518518,332.87,2023-04-07 14:14:10
MXP,Kristiansund,Noruega,2023,4,270.02,271.23777777777775,271.21,2023-04-07 14:14:10
MXP,Essaouira,Marrocos,2023,10,270.3,270.3,270.3,2023-04-07 14:14:10
MXP,Darlington,Reino Unido,2023,4,270.6,368.4607692307692,386.07,2023-04-07 14:14:10
MXP,Sundsvall,Suécia,2023,2,270.65,366.601,313.52,2023-04-07 14:14:10
MXP,Horta,Portugal,2023,5,270.71,320.5330188679245,325.33,2023-04-07 14:14:10
MXP,Gotemburgo,Suécia,2023,7,270.95,270.95,270.95,2023-04-07 14:14:10
MXP,Tashkent,Uzbequistão,2023,6,271.17,638.7753333333333,673.54,2023-04-07 14:14:10
MXP,Ancona,Itália,2023,8,271.17,918.9107142857143,931.05,2023-04-07 14:14:10
MXP,Tromsø,Noruega,2024,3,272.09,272.26,272.26,2023-04-07 14:14:10
MXP,Pisa,Itália,2023,10,272.1,276.2558333333333,272.11,2023-04-07 14:14:10
MXP,Bournemouth,Reino Unido,2023,2,272.49,273.02,273.13,2023-04-07 14:14:10
MXP,Tampere,Finlândia,2023,7,272.5,272.5,272.5,2023-04-07 14:14:10
MXP,Pau,França,2023,5,272.75,318.9809375,294.24,2023-04-07 14:14:10
MXP,Ilha do Pico,Portugal,2023,9,273.37,341.77636363636367,324.67,2023-04-07 14:14:10
MXP,Tbilisi,Geórgia,2023,11,273.53,295.46999999999997,273.815,2023-04-07 14:14:10
MXP,Perpinhã,França,2023,9,273.55,273.56,273.56,2023-04-07 14:14:10
MXP,Nicósia,Chipre,2023,6,273.92,369.76195652173914,346.62,2023-04-07 14:14:10
MXP,Bolonha,Itália,2023,8,273.99,621.5085714285715,668.655,2023-04-07 14:14:10
MXP,Horta,Portugal,2023,9,274.26,316.1135294117647,297.79,2023-04-07 14:14:10
MXP,Oulu,Finlândia,2023,9,274.41,299.73545454545456,276.84,2023-04-07 14:14:10
MXP,Kaunas,Lituânia,2023,7,274.84,291.41866666666664,277.88,2023-04-07 14:14:10
MXP,Dammam,Arábia Saudita,2023,4,274.85,431.9834782608696,464.48,2023-04-07 14:14:10
MXP,Nova Iorque,Estados Unidos,2023,11,274.85,323.32550000000003,323.17,2023-04-07 14:14:10
MXP,Quios,Grécia,2023,7,275.0,307.1046875,302.565,2023-04-07 14:14:10
MXP,Târgu Mureş,Roménia,2023,4,275.09,369.84000000000003,406.44,2023-04-07 14:14:10
MXP,Antuérpia,Bélgica,2023,3,275.13,971.1737037037036,498.08,2023-04-07 14:14:10
MXP,Skýros,Grécia,2023,3,275.21,275.424,275.38,2023-04-07 14:14:10
MXP,Cairo,Egito,2023,8,275.32,337.84000000000003,353.46,2023-04-07 14:14:10
MXP,Kiruna,Suécia,2023,10,275.39,327.08583333333337,319.42,2023-04-07 14:14:10
MXP,Estrasburgo,França,2023,4,275.44,377.30909090909086,348.385,2023-04-07 14:14:10
MXP,Oradea,Roménia,2023,4,275.89,402.9670454545454,348.87,2023-04-07 14:14:10
MXP,Vila do Porto,Portugal,2023,6,275.92,415.342,508.23,2023-04-07 14:14:10
MXP,Norwich,Reino Unido,2023,9,275.99,275.99,275.99,2023-04-07 14:14:10
MXP,Oran,Argélia,2023,2,276.23,308.7765,309.23,2023-04-07 14:14:10
MXP,Vaasa,Finlândia,2023,3,276.37,311.5946153846154,276.75,2023-04-07 14:14:10
MXP,Éilat,Israel,2023,10,276.77,277.144,276.79999999999995,2023-04-07 14:14:10
MXP,Pristina,Kosovo,2023,10,276.81,276.81,276.81,2023-04-07 14:14:10
MXP,Astypálaia,Grécia,2023,3,277.19,277.19,277.19,2023-04-07 14:14:10
MXP,Newark,Estados Unidos,2023,9,277.75,356.05579710144923,358.27,2023-04-07 14:14:10
MXP,Nova Iorque,Estados Unidos,2023,9,277.75,345.0596428571429,355.89,2023-04-07 14:14:10
MXP,Saint Peter,Jersey,2023,8,278.32,278.53111111111116,278.34,2023-04-07 14:14:10
MXP,Lajes,Portugal,2023,8,278.36,374.5588571428571,320.51,2023-04-07 14:14:10
MXP,Molde,Noruega,2023,4,278.39,279.65666666666664,279.63,2023-04-07 14:14:10
MXP,Ålesund,Noruega,2023,3,278.4,334.3463157894737,279.57,2023-04-07 14:14:10
MXP,Bilbau,Espanha,2023,12,278.56,278.56,278.56,2023-04-07 14:14:10
MXP,Constantine,Argélia,2023,3,278.78,408.2109523809524,293.65,2023-04-07 14:14:10
MXP,Luleå,Suécia,2023,2,278.78,413.77340909090907,419.475,2023-04-07 14:14:10
MXP,Dakar,Senegal,2023,3,279.16,493.2041463414634,474.73,2023-04-07 14:14:10
MXP,Timişoara,Roménia,2023,6,279.23,302.4942857142857,279.23,2023-04-07 14:14:10
MXP,Ocrida,Macedónia do Norte,2023,3,279.33,279.59,279.62,2023-04-07 14:14:10
MXP,Luleå,Suécia,2023,9,279.35,309.3625,318.57,2023-04-07 14:14:10
MXP,Newark,Estados Unidos,2023,10,279.61,332.325306122449,340.36,2023-04-07 14:14:10
MXP,Nova Iorque,Estados Unidos,2023,10,279.61,323.8519444444444,340.11,2023-04-07 14:14:10
MXP,Basileia,Suíça,2023,9,279.86,279.86,279.86,2023-04-07 14:14:10
MXP,Constantine,Argélia,2023,2,280.0,429.69117647058823,448.2,2023-04-07 14:14:10
MXP,Guelmim,Marrocos,2023,5,280.17,280.57,280.6,2023-04-07 14:14:10
MXP,Cluj,Roménia,2023,7,280.53,304.685,293.03999999999996,2023-04-07 14:14:10
MXP,Tashkent,Uzbequistão,2023,5,281.0,689.5109090909091,757.0,2023-04-07 14:14:10
MXP,Umeå,Suécia,2023,2,281.23,319.6405555555555,343.2,2023-04-07 14:14:10
MXP,Knock,Irlanda,2023,6,281.61,281.90333333333336,281.61,2023-04-07 14:14:10
MXP,Southampton,Reino Unido,2023,4,281.83,752.7567213114754,748.46,2023-04-07 14:14:10
MXP,Taif,Arábia Saudita,2023,5,281.84,349.12999999999994,281.86,2023-04-07 14:14:10
MXP,Salalah,Omã,2023,4,282.19,656.9464761904762,565.64,2023-04-07 14:14:10
MXP,Oulu,Finlândia,2023,3,282.43,409.6166666666667,368.82,2023-04-07 14:14:10
MXP,Kristiansand,Noruega,2023,4,282.83,332.6047619047619,304.03,2023-04-07 14:14:10
MXP,Molde,Noruega,2023,5,283.16,284.294,284.255,2023-04-07 14:14:10
MXP,Caen,França,2023,2,283.24,340.51105263157893,391.76,2023-04-07 14:14:10
MXP,Satu Mare,Roménia,2023,4,283.31,360.8014285714286,416.63,2023-04-07 14:14:10
MXP,Kuopio,Finlândia,2023,7,283.74,285.54699999999997,285.705,2023-04-07 14:14:10
MXP,Ålesund,Noruega,2023,7,283.75,283.75,283.75,2023-04-07 14:14:10
MXP,Melilla,Espanha,2023,7,283.8,283.8,283.8,2023-04-07 14:14:10
MXP,Parikia,Grécia,2023,3,283.81,354.29333333333335,388.33,2023-04-07 14:14:10
MXP,Haugesund,Noruega,2023,4,284.23,382.8959574468085,404.48,2023-04-07 14:14:10
MXP,Esmirna,Turquia,2023,7,284.39,308.09799999999996,313.65,2023-04-07 14:14:10
MXP,Houmt Souk,Tunísia,2023,4,284.41,433.54702127659573,414.13,2023-04-07 14:14:10
MXP,Almeria,Espanha,2023,12,284.68,284.68,284.68,2023-04-07 14:14:10
MXP,Calvi,França,2023,8,284.81,385.79973684210523,422.71,2023-04-07 14:14:10
MXP,Eindhoven,Holanda,2023,9,285.0,285.175,285.175,2023-04-07 14:14:10
MXP,Dakar,Senegal,2023,9,285.0,338.0077777777778,292.92,2023-04-07 14:14:10
MXP,Kayseri,Turquia,2023,4,285.69,345.02881355932203,334.92,2023-04-07 14:14:10
MXP,Város,Grécia,2023,4,285.74,313.9418181818182,286.22,2023-04-07 14:14:10
MXP,Beirute,Líbano,2023,2,285.82,334.67809523809524,316.52,2023-04-07 14:14:10
MXP,Luleå,Suécia,2023,8,285.82,327.18933333333337,324.02,2023-04-07 14:14:10
MXP,Newark,Estados Unidos,2023,3,286.04,329.33511904761906,321.44,2023-04-07 14:14:10
MXP,Nova Iorque,Estados Unidos,2023,3,286.04,327.95404255319147,322.96,2023-04-07 14:14:10
MXP,Oran,Argélia,2023,5,286.22,441.35,345.69,2023-04-07 14:14:10
MXP,Salalah,Omã,2023,10,286.44,286.655,286.655,2023-04-07 14:14:10
MXP,Turku,Finlândia,2023,8,286.58,351.6485,362.0,2023-04-07 14:14:10
MXP,Kálymnos,Grécia,2023,4,287.17,544.2957142857142,397.89,2023-04-07 14:14:10
MXP,Rimini,Itália,2023,8,287.57,319.433,327.25,2023-04-07 14:14:10
MXP,Argostoli,Grécia,2023,3,287.62,287.88,287.62,2023-04-07 14:14:10
MXP,Nevşehir,Turquia,2023,5,288.08,342.530487804878,324.8,2023-04-07 14:14:10
MXP,Klagenfurt,Áustria,2023,2,288.08,385.04482758620685,337.77,2023-04-07 14:14:10
MXP,Split,Croácia,2023,11,288.32,288.32,288.32,2023-04-07 14:14:10
MXP,Newark,Estados Unidos,2023,4,288.47,342.924,329.78,2023-04-07 14:14:10
MXP,Lodz,Polónia,2023,9,288.53,288.53,288.53,2023-04-07 14:14:10
MXP,Sørvágur,Ilhas Faroe,2023,5,288.68,385.5806896551724,339.21,2023-04-07 14:14:10
MXP,Maastricht,Holanda,2023,7,288.96,394.41,394.48,2023-04-07 14:14:10
MXP,Constanţa,Roménia,2023,9,289.05,290.472,290.6,2023-04-07 14:14:10
MXP,Trondheim,Noruega,2023,8,289.55,353.34666666666664,367.26,2023-04-07 14:14:10
MXP,Skellefteå,Suécia,2023,10,289.55,290.9555555555555,291.64,2023-04-07 14:14:10
MXP,Kayseri,Turquia,2023,10,289.56,305.0672727272727,303.52,2023-04-07 14:14:10
MXP,Kaunas,Lituânia,2023,8,289.58,289.62,289.63,2023-04-07 14:14:10
MXP,Adana,Turquia,2023,2,289.72,325.4209090909091,334.7,2023-04-07 14:14:10
MXP,Tabuk,Arábia Saudita,2023,3,289.91,693.3493333333333,630.0,2023-04-07 14:14:10
MXP,Ålesund,Noruega,2023,2,290.3,290.3,290.3,2023-04-07 14:14:10
MXP,Nevşehir,Turquia,2023,3,290.42,325.33074074074074,296.46,2023-04-07 14:14:10
MXP,Miami,Estados Unidos,2023,10,290.82,415.64,425.58,2023-04-07 14:14:10
MXP,Saint Peter,Jersey,2023,4,290.82,292.534,293.015,2023-04-07 14:14:10
MXP,Tbilisi,Geórgia,2023,1,290.96,290.96,290.96,2023-04-07 14:14:10
MXP,Tromsø,Noruega,2023,12,291.04,349.4485714285714,341.43,2023-04-07 14:14:10
MXP,Taif,Arábia Saudita,2023,3,291.38,388.2018181818182,292.44,2023-04-07 14:14:10
MXP,Bodrum,Turquia,2023,3,291.39,296.9825,297.28,2023-04-07 14:14:10
MXP,Kastelorizo,Grécia,2023,6,291.54,359.1573333333333,317.78,2023-04-07 14:14:10
MXP,Konya,Turquia,2023,2,291.73,313.34299999999996,329.37,2023-04-07 14:14:10
MXP,Nicósia,Chipre,2023,10,291.78,300.7088888888889,292.17,2023-04-07 14:14:10
MXP,Kayseri,Turquia,2023,11,291.98,310.96999999999997,325.2,2023-04-07 14:14:10
MXP,Constanţa,Roménia,2023,6,292.29,304.20200000000006,312.11,2023-04-07 14:14:10
MXP,Vaasa,Finlândia,2023,4,292.52,293.573,293.445,2023-04-07 14:14:10
MXP,Constanţa,Roménia,2023,5,292.62,304.2133333333333,303.4,2023-04-07 14:14:10
MXP,Denizli,Turquia,2023,5,292.64,305.0255,304.405,2023-04-07 14:14:10
MXP,Malmo,Suécia,2023,1,292.67,293.00333333333333,292.79,2023-04-07 14:14:10
MXP,Telavive,Israel,2023,8,292.77,292.77,292.77,2023-04-07 14:14:10
MXP,Nevşehir,Turquia,2023,2,292.89,301.29857142857145,293.84,2023-04-07 14:14:10
MXP,Sørvágur,Ilhas Faroe,2023,9,292.9,334.4981481481482,310.19,2023-04-07 14:14:10
MXP,Umeå,Suécia,2023,4,293.06,950.2750000000001,327.94,2023-04-07 14:14:10
MXP,Sørvágur,Ilhas Faroe,2024,1,293.31,293.43,293.31,2023-04-07 14:14:10
MXP,Insbruque,Áustria,2023,1,293.71,293.71,293.71,2023-04-07 14:14:10
MXP,Constantine,Argélia,2023,4,294.14,398.2355555555555,322.82,2023-04-07 14:14:10
MXP,Valverde,Espanha,2023,6,294.59,331.008,296.39,2023-04-07 14:14:10
MXP,Sharjah,Emirados Árabes Unidos,2023,3,295.22,445.023768115942,440.67499999999995,2023-04-07 14:14:10
MXP,Dakar,Senegal,2023,5,295.53,408.49393442622954,422.21,2023-04-07 14:14:10
MXP,Newark,Estados Unidos,2023,11,296.04,345.2204761904762,355.32,2023-04-07 14:14:10
MXP,Bodø,Noruega,2023,11,296.05,297.4,297.4,2023-04-07 14:14:10
MXP,Nevşehir,Turquia,2023,10,296.18,309.562,312.69,2023-04-07 14:14:10
MXP,Miami,Estados Unidos,2023,11,296.27,401.1344444444444,393.93,2023-04-07 14:14:10
MXP,Bodø,Noruega,2023,5,296.31,444.63933333333335,529.23,2023-04-07 14:14:10
MXP,Luleå,Suécia,2023,11,296.57,296.78999999999996,296.78999999999996,2023-04-07 14:14:10
MXP,Nova Iorque,Estados Unidos,2023,5,296.84,322.683125,313.565,2023-04-07 14:14:10
MXP,Newark,Estados Unidos,2023,5,296.84,328.472,318.36,2023-04-07 14:14:10
MXP,Gibraltar,Gibraltar,2023,2,296.85,514.6836363636364,507.28,2023-04-07 14:14:10
MXP,Luleå,Suécia,2023,10,296.9,298.34333333333336,299.05,2023-04-07 14:14:10
MXP,Brno,República Checa,2023,7,296.96,297.9733333333333,297.92,2023-04-07 14:14:10
MXP,Craiova,Roménia,2023,7,297.0,297.0,297.0,2023-04-07 14:14:10
MXP,Nevşehir,Turquia,2023,6,297.07,361.7215,360.595,2023-04-07 14:14:10
MXP,Pantelária,Itália,2023,8,297.2,541.0300000000001,441.7,2023-04-07 14:14:10
MXP,Monastir,Tunísia,2023,2,297.25,343.6271428571428,308.21,2023-04-07 14:14:10
MXP,Dalaman,Turquia,2023,10,297.36,298.3233333333333,298.5,2023-04-07 14:14:10
MXP,Caen,França,2023,7,297.47,332.86692307692306,349.66,2023-04-07 14:14:10
MXP,Rovaniemi,Finlândia,2024,2,297.87,360.825,360.825,2023-04-07 14:14:10
MXP,Monastir,Tunísia,2023,4,298.28,443.0759090909091,419.15,2023-04-07 14:14:10
MXP,Naxos,Grécia,2023,9,298.3,368.7604166666667,365.605,2023-04-07 14:14:10
MXP,Debrecen,Hungria,2023,4,298.39,338.29,367.98,2023-04-07 14:14:10
MXP,Trebizonda,Turquia,2023,4,298.79,781.9803703703705,1104.64,2023-04-07 14:14:10
MXP,Kythira,Grécia,2023,3,298.92,299.38,299.38,2023-04-07 14:14:10
MXP,Iași,Roménia,2023,1,299.22,299.22,299.22,2023-04-07 14:14:10
MXP,Manama,Bahrain,2023,4,299.33,534.2557843137255,509.5,2023-04-07 14:14:10
MXP,Annaba,Argélia,2023,2,299.34,299.35,299.35,2023-04-07 14:14:10
MXP,Mitilene,Grécia,2023,2,299.8,299.9114285714286,299.93,2023-04-07 14:14:10
MXP,Akureyri,Islândia,2023,2,300.77,351.2651851851852,324.77,2023-04-07 14:14:10
MXP,Zielona Góra,Polónia,2023,6,300.85,302.6175,302.6,2023-04-07 14:14:10
MXP,Bol,Croácia,2023,5,300.85,303.17727272727274,303.51,2023-04-07 14:14:10
MXP,Castletown,Ilha de Man,2023,8,300.93,300.93,300.93,2023-04-07 14:14:10
MXP,Ponta Delgada,Portugal,2023,7,300.93,397.166,373.29,2023-04-07 14:14:10
MXP,Naxos,Grécia,2023,7,300.97,380.44465116279065,364.27,2023-04-07 14:14:10
MXP,Tromsø,Noruega,2023,6,301.2,318.2578571428571,301.69,2023-04-07 14:14:10
MXP,Tashkent,Uzbequistão,2023,9,301.51,604.4971428571428,709.06,2023-04-07 14:14:10
MXP,Umeå,Suécia,2023,9,301.74,302.20500000000004,302.20500000000004,2023-04-07 14:14:10
MXP,Vila do Porto,Portugal,2023,3,301.76,800.7804545454545,398.14,2023-04-07 14:14:10
MXP,Bugia,Argélia,2023,5,302.29,302.774,302.45,2023-04-07 14:14:10
MXP,Cavala,Grécia,2023,7,302.59,302.6788888888889,302.69,2023-04-07 14:14:10
MXP,Város,Grécia,2023,7,303.35,329.7388888888889,346.91,2023-04-07 14:14:10
MXP,Sørvágur,Ilhas Faroe,2023,11,303.39,303.88,303.88,2023-04-07 14:14:10
MXP,Argel,Argélia,2023,7,303.53,303.97999999999996,303.53,2023-04-07 14:14:10
MXP,Kittilä,Finlândia,2023,2,303.58,328.35,318.39,2023-04-07 14:14:10
MXP,Nicósia,Chipre,2023,3,303.61,338.1774358974359,322.37,2023-04-07 14:14:10
MXP,Kajaani,Finlândia,2023,2,304.2,455.505625,572.725,2023-04-07 14:14:10
MXP,Sørvágur,Ilhas Faroe,2023,6,304.25,403.87115384615385,389.93,2023-04-07 14:14:10
MXP,Luleå,Suécia,2023,5,304.55,372.31666666666666,353.22,2023-04-07 14:14:10
MXP,Nova Iorque,Estados Unidos,2023,6,304.56,352.414,356.43,2023-04-07 14:14:10
MXP,Calamata,Grécia,2023,4,304.7,422.28678571428566,400.51,2023-04-07 14:14:10
MXP,Nevşehir,Turquia,2023,11,304.8,304.8,304.8,2023-04-07 14:14:10
MXP,Mascate,Omã,2023,5,305.04,456.5577777777778,490.475,2023-04-07 14:14:10
MXP,Ouarzazate,Marrocos,2023,2,305.12,305.47,305.52,2023-04-07 14:14:10
MXP,Kuopio,Finlândia,2023,4,305.19,325.8696,306.22,2023-04-07 14:14:10
MXP,Ilha do Pico,Portugal,2023,6,305.35,371.2518181818182,340.08,2023-04-07 14:14:10
MXP,Antália,Turquia,2023,8,305.59,326.63666666666666,305.6,2023-04-07 14:14:10
MXP,Kruunupyy de Kokkola / Pietarsaari,Finlândia,2023,3,306.15,306.46888888888884,306.56,2023-04-07 14:14:10
MXP,Antália,Turquia,2023,9,306.21,491.78111111111116,410.37,2023-04-07 14:14:10
MXP,Mascate,Omã,2023,2,306.22,428.945,421.54999999999995,2023-04-07 14:14:10
MXP,Nicósia,Chipre,2023,5,306.27,332.19575757575757,334.4,2023-04-07 14:14:10
MXP,Alexandroupolis Dimokritos,Grécia,2023,3,306.39,306.39,306.39,2023-04-07 14:14:10
MXP,Nicósia,Chipre,2023,4,306.61,489.32657894736843,405.25,2023-04-07 14:14:10
MXP,Newark,Estados Unidos,2023,2,307.19,314.3876923076923,314.31,2023-04-07 14:14:10
MXP,Mascate,Omã,2023,6,307.25,404.5831578947368,425.43,2023-04-07 14:14:10
MXP,Breslavia,Polónia,2023,1,307.63,307.63,307.63,2023-04-07 14:14:10
MXP,Astypálaia,Grécia,2023,7,307.88,494.7844827586207,362.86,2023-04-07 14:14:10
MXP,Akureyri,Islândia,2023,5,307.93,963.0400000000001,862.29,2023-04-07 14:14:10
MXP,Régio da Calábria,Itália,2023,9,308.03,425.9942857142857,308.08,2023-04-07 14:14:10
MXP,Kayseri,Turquia,2023,6,308.21,377.0070588235294,374.09,2023-04-07 14:14:10
MXP,Gizé,Egito,2023,12,308.91,716.5,824.27,2023-04-07 14:14:10
MXP,Mitilene,Grécia,2023,8,309.08,342.87166666666667,311.31,2023-04-07 14:14:10
MXP,Trondheim,Noruega,2023,7,309.13,417.9066666666667,452.5,2023-04-07 14:14:10
MXP,Valverde,Espanha,2023,7,309.19,309.55,309.55,2023-04-07 14:14:10
MXP,Baku,Azerbeijão,2023,7,309.36,409.144,402.29,2023-04-07 14:14:10
MXP,Sørvágur,Ilhas Faroe,2023,10,309.71,357.206,362.15,2023-04-07 14:14:10
MXP,Bodrum,Turquia,2023,9,309.91,368.92333333333335,380.725,2023-04-07 14:14:10
MXP,Kiruna,Suécia,2023,9,310.32,310.32,310.32,2023-04-07 14:14:10
MXP,Kiruna,Suécia,2023,3,310.98,395.3480434782608,387.36,2023-04-07 14:14:10
MXP,Manama,Bahrain,2023,3,311.02,536.8736507936508,533.26,2023-04-07 14:14:10
MXP,Gazipasa,Turquia,2023,3,311.02,327.4293333333333,341.19,2023-04-07 14:14:10
MXP,Al Hoceima,Marrocos,2023,5,311.26,390.59833333333336,311.28499999999997,2023-04-07 14:14:10
MXP,Ilha do Pico,Portugal,2023,3,311.42,674.1540000000001,328.35,2023-04-07 14:14:10
MXP,Nador,Marrocos,2023,4,311.62,477.7010714285714,449.69,2023-04-07 14:14:10
MXP,Ouarzazate,Marrocos,2023,5,311.71,311.95,311.95,2023-04-07 14:14:10
MXP,Nevşehir,Turquia,2024,2,311.75,311.94,311.94,2023-04-07 14:14:10
MXP,Turim,Itália,2023,8,313.03,424.38,395.55,2023-04-07 14:14:10
MXP,Parma,Itália,2023,3,313.11,313.34777777777776,313.13,2023-04-07 14:14:10
MXP,Denizli,Turquia,2023,6,313.46,313.94888888888886,313.5,2023-04-07 14:14:10
MXP,Vólos,Grécia,2023,7,313.46,382.39384615384614,314.52,2023-04-07 14:14:10
MXP,Astypálaia,Grécia,2023,5,313.57,438.2205,398.44500000000005,2023-04-07 14:14:10
MXP,Ostersund,Suécia,2023,4,313.61,460.21358490566035,410.47,2023-04-07 14:14:10
MXP,Norwich,Reino Unido,2023,6,313.77,314.1255555555556,313.9,2023-04-07 14:14:10
MXP,Molde,Noruega,2023,3,313.78,451.31434782608693,377.14,2023-04-07 14:14:10
MXP,Parthéni,Grécia,2023,8,313.78,415.26590909090913,389.38,2023-04-07 14:14:10
MXP,Nador,Marrocos,2023,3,313.9,313.9,313.9,2023-04-07 14:14:10
MXP,Kayseri,Turquia,2023,9,314.13,345.59866666666665,324.77,2023-04-07 14:14:10
MXP,Kuopio,Finlândia,2023,2,314.31,400.6668421052632,376.73,2023-04-07 14:14:10
MXP,Konya,Turquia,2023,5,314.45,316.11,316.8,2023-04-07 14:14:10
MXP,Bol,Croácia,2023,8,314.5,469.6172,536.06,2023-04-07 14:14:10
MXP,Al Hoceima,Marrocos,2023,4,314.52,457.4370588235294,383.74,2023-04-07 14:14:10
MXP,Paleochori,Grécia,2023,8,314.86,426.48825581395346,386.47,2023-04-07 14:14:10
MXP,Ancara,Turquia,2023,8,314.88,452.60333333333335,440.1,2023-04-07 14:14:10
MXP,Veneza,Itália,2023,10,315.08,315.554,315.87,2023-04-07 14:14:10
MXP,Stavanger,Noruega,2023,12,315.29,315.71363636363634,315.94,2023-04-07 14:14:10
MXP,Condado de Derry,Reino Unido,2023,4,315.3,757.9049999999999,344.65,2023-04-07 14:14:10
MXP,Kuusamo,Finlândia,2023,2,315.43,437.4079310344828,410.17,2023-04-07 14:14:10
MXP,Pau,França,2023,9,315.71,315.71,315.71,2023-04-07 14:14:10
MXP,Tampere,Finlândia,2023,4,315.86,402.73759259259265,366.09,2023-04-07 14:14:10
MXP,León,Espanha,2023,3,315.88,315.99111111111114,315.88,2023-04-07 14:14:10
MXP,Calvi,França,2023,7,316.22,410.10499999999996,412.59,2023-04-07 14:14:10
MXP,Adana,Turquia,2023,4,316.35,318.30333333333334,319.28,2023-04-07 14:14:10
MXP,Samsun,Turquia,2023,4,316.39,1795.812105263158,3117.27,2023-04-07 14:14:10
MXP,Houmt Souk,Tunísia,2023,2,316.53,384.184,343.2,2023-04-07 14:14:10
MXP,Nevşehir,Turquia,2023,4,316.54,482.58296875,442.9,2023-04-07 14:14:10
MXP,Gazipasa,Turquia,2023,5,317.25,328.59235294117644,337.43,2023-04-07 14:14:10
MXP,Trebizonda,Turquia,2023,5,317.28,688.9391666666667,336.41499999999996,2023-04-07 14:14:10
MXP,Jerez de la Frontera,Espanha,2024,1,317.48,317.48,317.48,2023-04-07 14:14:10
MXP,Abidjã,Costa do Marfim,2023,10,317.72,329.17333333333335,334.61,2023-04-07 14:14:10
MXP,Gazipasa,Turquia,2023,4,317.81,377.02444444444444,372.64,2023-04-07 14:14:10
MXP,Diyarbakır,Turquia,2023,5,318.21,319.5416666666667,320.06,2023-04-07 14:14:10
MXP,Rovaniemi,Finlândia,2023,12,318.23,480.05172413793105,481.45,2023-04-07 14:14:10
MXP,Baku,Azerbeijão,2023,11,318.36,331.23,335.52,2023-04-07 14:14:10
MXP,Oulu,Finlândia,2023,7,318.43,319.64444444444445,319.5,2023-04-07 14:14:10
MXP,Miami,Estados Unidos,2023,12,318.6,378.3545454545454,365.21,2023-04-07 14:14:10
MXP,Cavala,Grécia,2023,5,318.69,360.49,318.69,2023-04-07 14:14:10
MXP,Houmt Souk,Tunísia,2023,8,318.7,536.0580769230769,493.845,2023-04-07 14:14:10
MXP,Mitilene,Grécia,2023,4,319.02,320.4418181818182,320.45,2023-04-07 14:14:10
MXP,Aqaba,Jordânia,2023,5,319.11,415.4332142857143,387.05,2023-04-07 14:14:10
MXP,Toronto,Canadá,2023,5,319.17,416.63,421.56,2023-04-07 14:14:10
MXP,Melilla,Espanha,2023,8,319.28,342.64363636363635,347.46,2023-04-07 14:14:10
MXP,Figari,França,2023,2,319.41,319.41,319.41,2023-04-07 14:14:10
MXP,Dubrovnik,Croácia,2023,11,319.62,333.37,333.37,2023-04-07 14:14:10
MXP,Dakar,Senegal,2024,1,319.73,321.55,322.46,2023-04-07 14:14:10
MXP,Malé,Maldivas,2023,9,319.84,485.48117647058825,452.82,2023-04-07 14:14:10
MXP,Nottingham,Reino Unido,2023,7,320.07,1827.0609090909093,2388.45,2023-04-07 14:14:10
MXP,Newark,Estados Unidos,2023,12,320.45,321.185,321.185,2023-04-07 14:14:10
MXP,Luxor,Egito,2023,2,320.52,423.1468965517241,381.99,2023-04-07 14:14:10
MXP,Santa Cruz das Flores,Portugal,2023,2,320.74,321.06666666666666,320.88,2023-04-07 14:14:10
MXP,Brest,França,2023,2,321.03,376.5311111111111,375.24,2023-04-07 14:14:10
MXP,Roterdão,Holanda,2023,8,321.44,460.608,321.92,2023-04-07 14:14:10
MXP,Baia Mare,Roménia,2023,4,321.9,489.88919999999996,532.86,2023-04-07 14:14:10
MXP,Dalaman,Turquia,2023,8,322.03,509.78799999999995,498.0,2023-04-07 14:14:10
MXP,Joensuu,Finlândia,2023,7,322.19,323.06,322.19,2023-04-07 14:14:10
MXP,Hermópolis,Grécia,2023,7,322.37,404.40555555555557,358.1,2023-04-07 14:14:10
MXP,Calvi,França,2023,3,322.4,519.1715789473684,631.62,2023-04-07 14:14:10
MXP,Edremit,Turquia,2023,5,322.79,322.86777777777775,322.93,2023-04-07 14:14:10
MXP,Southampton,Reino Unido,2023,6,323.29,840.8070967741936,911.63,2023-04-07 14:14:10
MXP,Sfax,Tunísia,2023,5,323.4,323.4,323.4,2023-04-07 14:14:10
MXP,Bastia,França,2023,2,323.5,341.84411764705885,324.21,2023-04-07 14:14:10
MXP,Nimes,França,2023,4,323.7,341.918,325.23,2023-04-07 14:14:10
MXP,Naxos,Grécia,2023,4,323.74,553.5208333333334,576.01,2023-04-07 14:14:10
MXP,Samarcanda,Uzbequistão,2023,5,323.75,553.9610416666667,575.865,2023-04-07 14:14:10
MXP,Arrecife,Espanha,2023,8,324.44,324.44,324.44,2023-04-07 14:14:10
MXP,Ilha do Pico,Portugal,2023,5,324.86,371.578125,334.58,2023-04-07 14:14:10
MXP,Bournemouth,Reino Unido,2023,8,324.92,339.29200000000003,342.3,2023-04-07 14:14:10
MXP,Rabate,Marrocos,2023,7,325.11,373.4757142857143,358.29,2023-04-07 14:14:10
MXP,Estrasburgo,França,2023,9,325.29,339.6025,339.3,2023-04-07 14:14:10
MXP,Enfidha,Tunísia,2023,3,325.46,396.81684210526316,329.05,2023-04-07 14:14:10
MXP,Astypálaia,Grécia,2023,6,325.7,497.82030769230767,500.38,2023-04-07 14:14:10
MXP,Burgas,Bulgária,2023,9,326.13,326.155,326.155,2023-04-07 14:14:10
MXP,Toulon,França,2023,8,326.26,1755.9288888888889,2423.69,2023-04-07 14:14:10
MXP,Miami,Estados Unidos,2024,1,326.55,327.33500000000004,327.33500000000004,2023-04-07 14:14:10
MXP,Haugesund,Noruega,2023,3,326.81,327.53900000000004,327.91,2023-04-07 14:14:10
MXP,Kittilä,Finlândia,2023,4,326.99,425.3353333333333,344.03,2023-04-07 14:14:10
MXP,Turim,Itália,2023,11,327.0,327.0,327.0,2023-04-07 14:14:10
MXP,Oulu,Finlândia,2023,2,327.1,393.31658536585365,347.62,2023-04-07 14:14:10
MXP,Ostersund,Suécia,2023,3,327.12,376.7690909090909,387.02,2023-04-07 14:14:10
MXP,Dakhla,Sara Ocidental,2023,2,327.18,355.02000000000004,365.22,2023-04-07 14:14:10
MXP,Aqaba,Jordânia,2023,6,327.22,538.0311764705883,537.69,2023-04-07 14:14:10
MXP,New Windsor,Estados Unidos,2023,3,327.91,435.97487179487183,423.03,2023-04-07 14:14:10
MXP,Valladolid,Espanha,2023,6,328.48,329.9136363636364,329.81,2023-04-07 14:14:10
MXP,Crotone,Itália,2023,3,328.67,328.67,328.67,2023-04-07 14:14:10
MXP,Sørvágur,Ilhas Faroe,2023,8,328.81,411.6120833333333,397.435,2023-04-07 14:14:10
MXP,Beirute,Líbano,2023,7,328.81,622.265,442.15,2023-04-07 14:14:10
MXP,Denizli,Turquia,2023,2,328.85,330.329,329.89,2023-04-07 14:14:10
MXP,Dole,França,2023,3,329.0,329.51,329.51,2023-04-07 14:14:10
MXP,Dakhla,Sara Ocidental,2023,5,329.28,369.94559999999996,344.15,2023-04-07 14:14:10
MXP,Melilla,Espanha,2023,5,329.41,329.7577777777778,329.86,2023-04-07 14:14:10
MXP,Basileia,Suíça,2023,8,329.84,329.85499999999996,329.84,2023-04-07 14:14:10
MXP,Luxor,Egito,2023,3,330.42,412.66962962962964,401.245,2023-04-07 14:14:10
MXP,Luxor,Egito,2023,10,330.57,407.70666666666665,399.865,2023-04-07 14:14:10
MXP,Batumi,Geórgia,2023,5,330.85,368.4725,349.375,2023-04-07 14:14:10
MXP,Fes,Marrocos,2023,7,330.86,330.86,330.86,2023-04-07 14:14:10
MXP,Dakhla,Sara Ocidental,2023,4,331.03,500.59047058823535,471.89,2023-04-07 14:14:10
MXP,Puerto del Rosario,Espanha,2023,8,331.06,331.06,331.06,2023-04-07 14:14:10
MXP,Samarcanda,Uzbequistão,2023,9,331.27,552.7425,331.495,2023-04-07 14:14:10
MXP,Perpinhã,França,2023,2,331.47,399.1690476190476,458.74,2023-04-07 14:14:10
MXP,Skellefteå,Suécia,2023,7,331.47,332.0957142857143,331.47,2023-04-07 14:14:10
MXP,Miami,Estados Unidos,2023,3,331.5,394.81859375,371.52,2023-04-07 14:14:10
MXP,Luxor,Egito,2023,5,332.12,440.54811594202897,464.0,2023-04-07 14:14:10
MXP,Sivas,Turquia,2023,3,332.12,332.6985714285714,332.9,2023-04-07 14:14:10
MXP,Toronto,Canadá,2023,9,332.13,445.5197727272727,441.93,2023-04-07 14:14:10
MXP,Tours,França,2023,6,332.86,334.0441666666667,333.97,2023-04-07 14:14:10
MXP,Oulu,Finlândia,2023,4,333.05,422.170652173913,407.78,2023-04-07 14:14:10
MXP,Newquay,Reino Unido,2023,2,333.05,333.05,333.05,2023-04-07 14:14:10
MXP,Manama,Bahrain,2023,5,333.06,442.3517647058824,400.3,2023-04-07 14:14:10
MXP,Assuão,Egito,2023,5,333.12,419.3894827586207,425.49,2023-04-07 14:14:10
MXP,Argel,Argélia,2023,9,333.37,334.5175,334.9,2023-04-07 14:14:10
MXP,Tromsø,Noruega,2023,7,333.67,479.7838461538461,517.73,2023-04-07 14:14:10
MXP,Al Hoceima,Marrocos,2023,2,333.78,888.975,902.53,2023-04-07 14:14:10
MXP,Samsun,Turquia,2023,3,333.84,334.265,334.265,2023-04-07 14:14:10
MXP,Malé,Maldivas,2023,4,333.87,586.0396296296296,580.75,2023-04-07 14:14:10
MXP,Doha,Catar,2023,3,334.8,591.9837037037037,472.38,2023-04-07 14:14:10
MXP,Denizli,Turquia,2023,1,335.01,335.01,335.01,2023-04-07 14:14:10
MXP,Errachidia,Marrocos,2023,4,335.79,415.0178787878788,391.01,2023-04-07 14:14:10
MXP,Ancara,Turquia,2023,9,335.82,462.40166666666664,525.67,2023-04-07 14:14:10
MXP,Errachidia,Marrocos,2023,3,335.84,337.994,338.115,2023-04-07 14:14:10
MXP,Errachidia,Marrocos,2023,9,335.93,336.32428571428574,336.51,2023-04-07 14:14:10
MXP,Suceava,Roménia,2023,7,336.08,336.08,336.08,2023-04-07 14:14:10
MXP,Kemi,Finlândia,2023,11,336.44,336.96888888888884,336.49,2023-04-07 14:14:10
MXP,Mardin,Turquia,2023,5,336.66,338.0675,338.62,2023-04-07 14:14:10
MXP,Lille,França,2023,1,336.71,425.73,425.295,2023-04-07 14:14:10
MXP,Malé,Maldivas,2023,3,337.05,548.7162025316455,546.57,2023-04-07 14:14:10
MXP,Boston,Estados Unidos,2023,3,337.05,518.4649999999999,463.655,2023-04-07 14:14:10
MXP,Trebizonda,Turquia,2023,3,337.19,338.18555555555554,338.25,2023-04-07 14:14:10
MXP,Kiruna,Suécia,2023,2,337.63,420.437962962963,433.53,2023-04-07 14:14:10
MXP,Skellefteå,Suécia,2023,3,338.23,357.8286956521739,373.14,2023-04-07 14:14:10
MXP,Bol,Croácia,2023,7,338.42,468.30826086956523,438.26,2023-04-07 14:14:10
MXP,Vila do Porto,Portugal,2023,4,338.91,750.212,664.75,2023-04-07 14:14:10
MXP,Sørvágur,Ilhas Faroe,2023,7,339.18,400.6388888888889,378.98,2023-04-07 14:14:10
MXP,Gaziantep,Turquia,2023,4,339.2,377.63295454545454,376.36,2023-04-07 14:14:10
MXP,Vila do Porto,Portugal,2023,8,339.49,423.17545454545456,367.85,2023-04-07 14:14:10
MXP,Chicago,Estados Unidos,2023,10,339.54,429.6941463414634,421.91,2023-04-07 14:14:10
MXP,Valverde,Espanha,2023,3,339.64,341.66615384615386,340.11,2023-04-07 14:14:10
MXP,Valverde,Espanha,2023,9,340.1,342.59666666666664,343.83,2023-04-07 14:14:10
MXP,Bodrum,Turquia,2023,2,340.38,340.38,340.38,2023-04-07 14:14:10
MXP,Miami,Estados Unidos,2023,2,340.41,370.04897435897436,369.69,2023-04-07 14:14:10
MXP,Crotone,Itália,2023,8,340.47,536.6978571428571,558.97,2023-04-07 14:14:10
MXP,Oostende,Bélgica,2023,4,340.49,500.8464705882353,532.2,2023-04-07 14:14:10
MXP,Chicago,Estados Unidos,2023,8,340.71,415.6222222222222,364.28,2023-04-07 14:14:10
MXP,Stavanger,Noruega,2023,7,340.73,375.2572727272727,382.55,2023-04-07 14:14:10
MXP,Kittilä,Finlândia,2024,2,341.4,341.7325,341.92,2023-04-07 14:14:10
MXP,Florença,Itália,2024,3,341.41,343.2366666666667,343.54,2023-04-07 14:14:10
MXP,Kuopio,Finlândia,2023,8,341.47,371.021,341.66,2023-04-07 14:14:10
MXP,Aqaba,Jordânia,2023,11,341.9,483.51733333333334,522.7,2023-04-07 14:14:10
MXP,Nicósia,Chipre,2023,11,341.97,360.06500000000005,360.06500000000005,2023-04-07 14:14:10
MXP,Ancara,Turquia,2024,1,342.19,342.33,342.19,2023-04-07 14:14:10
MXP,Gizé,Egito,2023,6,342.32,458.34,486.95,2023-04-07 14:14:10
MXP,Oulu,Finlândia,2023,5,342.36,346.13692307692304,344.01,2023-04-07 14:14:10
MXP,Nicósia,Chipre,2023,2,342.64,412.53615384615387,373.56,2023-04-07 14:14:10
MXP,Samsun,Turquia,2023,1,342.8,343.43,343.55,2023-04-07 14:14:10
MXP,Vila do Porto,Portugal,2023,9,343.1,343.63,343.63,2023-04-07 14:14:10
MXP,Calvi,França,2023,2,343.13,360.65176470588233,343.94,2023-04-07 14:14:10
MXP,Sørvágur,Ilhas Faroe,2023,4,343.2,409.8738775510204,382.57,2023-04-07 14:14:10
MXP,Gazipasa,Turquia,2023,2,343.27,369.7711111111111,343.86,2023-04-07 14:14:10
MXP,Doha,Catar,2023,5,343.37,452.3161111111111,444.935,2023-04-07 14:14:10
MXP,Ilha do Pico,Portugal,2023,10,343.8,349.1875,343.84,2023-04-07 14:14:10
MXP,Caen,França,2023,4,344.3,563.5106666666667,419.97,2023-04-07 14:14:10
MXP,Umeå,Suécia,2023,8,344.75,345.0388888888889,345.07,2023-04-07 14:14:10
MXP,Oostende,Bélgica,2023,3,344.97,527.4428,520.67,2023-04-07 14:14:10
MXP,Tozeur,Tunísia,2023,4,345.52,995.5253571428572,348.72,2023-04-07 14:14:10
MXP,Ilha do Pico,Portugal,2023,4,345.52,901.6482352941176,497.95,2023-04-07 14:14:10
MXP,Gizé,Egito,2023,7,345.64,345.66,345.65999999999997,2023-04-07 14:14:10
MXP,Luleå,Suécia,2024,2,345.66,345.66,345.66,2023-04-07 14:14:10
MXP,St Peter Port,Guernsey,2023,3,345.92,345.92,345.92,2023-04-07 14:14:10
MXP,Nova Deli,Índia,2024,1,346.02,574.9875000000001,574.995,2023-04-07 14:14:10
MXP,St Peter Port,Guernsey,2023,4,346.55,359.32428571428574,346.6,2023-04-07 14:14:10
MXP,Tampere,Finlândia,2023,2,346.88,443.748,509.53,2023-04-07 14:14:10
MXP,Kuusamo,Finlândia,2023,3,347.29,348.4041666666667,348.83,2023-04-07 14:14:10
MXP,Bugia,Argélia,2023,3,347.38,348.22875,348.47,2023-04-07 14:14:10
MXP,Cidade da Praia,Cabo Verde,2023,4,347.39,647.4603448275861,653.17,2023-04-07 14:14:10
MXP,Assuão,Egito,2023,2,347.49,547.3261538461538,573.575,2023-04-07 14:14:10
MXP,Skellefteå,Suécia,2024,2,347.53,347.8522222222222,347.89,2023-04-07 14:14:10
MXP,Kythira,Grécia,2023,8,348.02,417.1279411764706,431.13,2023-04-07 14:14:10
MXP,Hambantota,Sri Lanka,2023,10,348.13,349.088,348.86,2023-04-07 14:14:10
MXP,Grimsby,Reino Unido,2023,3,348.26,349.29714285714283,348.26,2023-04-07 14:14:10
MXP,Horta,Portugal,2023,8,348.31,630.2402702702702,636.39,2023-04-07 14:14:10
MXP,Van,Turquia,2023,2,348.45,349.6972727272727,349.61,2023-04-07 14:14:10
MXP,Ancara,Turquia,2023,7,349.04,384.53333333333336,384.45000000000005,2023-04-07 14:14:10
MXP,Exeter,Reino Unido,2023,5,349.32,351.60785714285714,352.31,2023-04-07 14:14:10
MXP,Monastir,Tunísia,2023,8,349.55,461.7865625,463.54,2023-04-07 14:14:10
MXP,Gaziantep,Turquia,2023,3,349.65,350.04499999999996,350.26,2023-04-07 14:14:10
MXP,Cavala,Grécia,2023,8,349.88,384.3777777777778,385.52,2023-04-07 14:14:10
MXP,Caen,França,2023,6,350.23,358.32363636363635,359.11,2023-04-07 14:14:10
MXP,Florença,Itália,2023,10,350.7,543.0377777777778,351.64,2023-04-07 14:14:10
MXP,New Windsor,Estados Unidos,2023,5,350.75,460.0447222222222,438.145,2023-04-07 14:14:10
MXP,Condado de Derry,Reino Unido,2023,2,350.99,377.22285714285715,353.635,2023-04-07 14:14:10
MXP,Kálymnos,Grécia,2023,6,351.29,421.62857142857143,472.99,2023-04-07 14:14:10
MXP,Bodø,Noruega,2023,7,351.48,445.2894444444444,403.24,2023-04-07 14:14:10
MXP,Saragoça,Espanha,2023,10,351.74,351.98,351.98,2023-04-07 14:14:10
MXP,Gazipasa,Turquia,2023,9,351.84,373.9484615384615,373.57500000000005,2023-04-07 14:14:10
MXP,Ørland,Noruega,2023,6,352.06,540.8995,692.72,2023-04-07 14:14:10
MXP,Van,Turquia,2023,4,352.53,352.53,352.53,2023-04-07 14:14:10
MXP,Chicago,Estados Unidos,2023,11,352.75,485.16285714285715,427.45,2023-04-07 14:14:10
MXP,Astypálaia,Grécia,2023,8,352.97,412.83299999999997,384.28999999999996,2023-04-07 14:14:10
MXP,"Washington, D.C.",Estados Unidos,2023,11,353.13,436.00513513513516,436.77,2023-04-07 14:14:10
MXP,Kálymnos,Grécia,2023,8,353.14,514.1882352941177,500.93,2023-04-07 14:14:10
MXP,Trebizonda,Turquia,2023,2,353.18,460.5157142857143,458.03,2023-04-07 14:14:10
MXP,Southampton,Reino Unido,2023,7,353.86,485.4883333333334,370.6,2023-04-07 14:14:10
MXP,Kristiansand,Noruega,2023,5,354.1,391.18666666666667,415.02,2023-04-07 14:14:10
MXP,Nova Iorque,Estados Unidos,2024,2,354.18,356.68333333333334,354.61,2023-04-07 14:14:10
MXP,Newark,Estados Unidos,2024,2,354.18,358.62399999999997,361.26,2023-04-07 14:14:10
MXP,Santa Cruz das Flores,Portugal,2023,9,354.52,1571.981052631579,2551.33,2023-04-07 14:14:10
MXP,Batumi,Geórgia,2023,6,354.66,495.87545454545455,495.97,2023-04-07 14:14:10
MXP,Kirkenes,Noruega,2023,8,354.83,355.6475,356.02,2023-04-07 14:14:10
MXP,Bergerac,França,2023,8,355.31,355.837,355.89,2023-04-07 14:14:10
MXP,Newark,Estados Unidos,2023,6,355.47,421.0872727272727,369.01,2023-04-07 14:14:10
MXP,Santa Cruz de la Palma,Espanha,2023,12,355.73,355.73,355.73,2023-04-07 14:14:10
MXP,Tbilisi,Geórgia,2023,10,355.86,355.86,355.86,2023-04-07 14:14:10
MXP,Pisa,Itália,2023,9,355.94,356.18666666666667,356.31,2023-04-07 14:14:10
MXP,Dakhla,Sara Ocidental,2023,3,355.98,405.7804545454546,394.815,2023-04-07 14:14:10
MXP,Samos,Grécia,2023,4,356.12,356.12,356.12,2023-04-07 14:14:10
MXP,Mumbai,Índia,2023,5,357.59,577.1242424242424,610.98,2023-04-07 14:14:10
MXP,Bodrum,Turquia,2023,7,358.08,379.336,359.71000000000004,2023-04-07 14:14:10
MXP,Al Hoceima,Marrocos,2023,6,358.29,403.7214285714286,358.89,2023-04-07 14:14:10
MXP,Kastelorizo,Grécia,2023,7,358.74,359.67333333333335,358.74,2023-04-07 14:14:10
MXP,Luxor,Egito,2023,7,358.88,495.2871428571429,471.57,2023-04-07 14:14:10
MXP,Akureyri,Islândia,2023,4,359.4,593.511875,363.365,2023-04-07 14:14:10
MXP,Kiruna,Suécia,2023,4,359.41,518.8396666666666,577.38,2023-04-07 14:14:10
MXP,Narvik,Noruega,2023,7,360.5,430.1572,424.09,2023-04-07 14:14:10
MXP,Dubai,Emirados Árabes Unidos,2023,9,360.53,360.53,360.53,2023-04-07 14:14:10
MXP,Ilha do Pico,Portugal,2023,8,360.54,628.8597183098592,659.65,2023-04-07 14:14:10
MXP,Chicago,Estados Unidos,2023,2,360.71,417.1533333333333,415.58,2023-04-07 14:14:10
MXP,Nevşehir,Turquia,2023,9,360.93,421.29842105263157,363.15,2023-04-07 14:14:10
MXP,Monastir,Tunísia,2023,7,361.05,405.769,386.095,2023-04-07 14:14:10
MXP,Miami,Estados Unidos,2023,1,361.18,445.39,445.39,2023-04-07 14:14:10
MXP,Alta,Noruega,2023,10,361.2,362.50666666666666,361.54,2023-04-07 14:14:10
MXP,Jidá,Arábia Saudita,2023,2,361.45,438.43,419.26,2023-04-07 14:14:10
MXP,Miami,Estados Unidos,2023,4,361.48,461.10787878787875,450.69,2023-04-07 14:14:10
MXP,Houmt Souk,Tunísia,2023,7,361.98,471.88,469.01,2023-04-07 14:14:10
MXP,Paderborn,Alemanha,2023,6,363.0,363.0,363.0,2023-04-07 14:14:10
MXP,Luxor,Egito,2023,6,363.96,455.14176470588234,492.69,2023-04-07 14:14:10
MXP,Nova Deli,Índia,2023,11,364.02,808.5223076923078,525.9,2023-04-07 14:14:10
MXP,Bodrum,Turquia,2023,8,364.04,456.1985714285714,439.76,2023-04-07 14:14:10
MXP,Longyearbyen,Noruega,2023,4,364.21,634.5725,638.37,2023-04-07 14:14:10
MXP,Nova Deli,Índia,2023,12,364.28,632.755,619.66,2023-04-07 14:14:10
MXP,Santa Cruz de la Palma,Espanha,2023,7,364.28,489.28066666666666,590.03,2023-04-07 14:14:10
MXP,Bardufoss,Noruega,2023,12,364.6,401.34250000000003,423.34000000000003,2023-04-07 14:14:10
MXP,Fort Lauderdale,Estados Unidos,2023,2,364.73,458.9907692307692,445.43,2023-04-07 14:14:10
MXP,Boston,Estados Unidos,2023,2,364.73,456.66249999999997,469.91999999999996,2023-04-07 14:14:10
MXP,Fort Lauderdale,Estados Unidos,2023,4,365.15,555.85,458.4,2023-04-07 14:14:10
MXP,Argel,Argélia,2023,6,365.25,367.2,367.29499999999996,2023-04-07 14:14:10
MXP,Kirkenes,Noruega,2023,4,365.54,365.5733333333333,365.59,2023-04-07 14:14:10
MXP,Dalaman,Turquia,2023,9,365.65,590.55,642.14,2023-04-07 14:14:10
MXP,Fort Lauderdale,Estados Unidos,2023,3,366.05,465.9258571428572,436.67,2023-04-07 14:14:10
MXP,Chicago,Estados Unidos,2023,12,366.14,366.15,366.15,2023-04-07 14:14:10
MXP,Luleå,Suécia,2023,4,366.24,434.18142857142857,431.855,2023-04-07 14:14:10
MXP,Konya,Turquia,2023,7,366.69,366.74333333333334,366.69,2023-04-07 14:14:10
MXP,Cidade da Praia,Cabo Verde,2023,3,366.82,433.85291666666666,447.6,2023-04-07 14:14:10
MXP,Cidade da Praia,Cabo Verde,2023,5,366.85,484.6455813953488,455.65,2023-04-07 14:14:10
MXP,Ilha do Pico,Portugal,2023,7,367.09,399.5058333333333,375.85,2023-04-07 14:14:10
MXP,Verona,Itália,2023,9,367.15,367.49,367.53,2023-04-07 14:14:10
MXP,Adıyaman,Turquia,2023,2,367.53,367.53,367.53,2023-04-07 14:14:10
MXP,Toronto,Canadá,2023,2,367.71,417.33666666666664,381.66,2023-04-07 14:14:10
MXP,Ivalo,Finlândia,2024,1,367.72,472.49285714285713,513.91,2023-04-07 14:14:10
MXP,Antuérpia,Bélgica,2023,4,367.75,917.1909090909091,588.7,2023-04-07 14:14:10
MXP,Toronto,Canadá,2023,6,368.06,805.9982608695652,540.58,2023-04-07 14:14:10
MXP,Mumbai,Índia,2023,6,368.52,446.89681818181816,392.21000000000004,2023-04-07 14:14:10
MXP,Gazipasa,Turquia,2023,6,368.81,406.0904,394.6,2023-04-07 14:14:10
MXP,Boston,Estados Unidos,2023,11,368.87,449.4827272727273,422.03,2023-04-07 14:14:10
MXP,Chicago,Estados Unidos,2023,4,368.97,472.79236842105263,457.47,2023-04-07 14:14:10
MXP,Toronto,Canadá,2023,3,369.34,457.1580555555555,451.12,2023-04-07 14:14:10
MXP,Pamplona,Espanha,2023,1,369.34,419.05428571428564,446.65,2023-04-07 14:14:10
MXP,Luxor,Egito,2023,4,369.78,494.1897872340425,468.36,2023-04-07 14:14:10
MXP,Edremit,Turquia,2023,12,369.88,369.88,369.88,2023-04-07 14:14:10
MXP,Abidjã,Costa do Marfim,2024,1,370.31,394.658125,404.52,2023-04-07 14:14:10
MXP,Vila do Porto,Portugal,2023,2,370.77,374.05277777777775,374.18,2023-04-07 14:14:10
MXP,Mascate,Omã,2023,10,371.17,421.18954545454545,421.78,2023-04-07 14:14:10
MXP,Quebec,Canadá,2023,2,371.18,602.3011538461539,595.645,2023-04-07 14:14:10
MXP,Santa Cruz das Flores,Portugal,2023,6,371.57,1696.1073684210526,2653.64,2023-04-07 14:14:10
MXP,Paderborn,Alemanha,2023,9,371.59,372.4045454545454,372.38,2023-04-07 14:14:10
MXP,Bournemouth,Reino Unido,2023,3,371.72,374.102,374.235,2023-04-07 14:14:10
MXP,Luxor,Egito,2023,1,371.73,371.73,371.73,2023-04-07 14:14:10
MXP,Liubliana,Eslovénia,2023,1,371.73,371.73,371.73,2023-04-07 14:14:10
MXP,Kiruna,Suécia,2024,2,371.82,372.1666666666667,372.21,2023-04-07 14:14:10
MXP,Sfax,Tunísia,2023,4,372.21,559.1864705882354,688.51,2023-04-07 14:14:10
MXP,Southampton,Reino Unido,2023,8,372.24,682.7837037037037,502.13,2023-04-07 14:14:10
MXP,São Francisco,Estados Unidos,2023,2,373.78,419.09487804878046,436.56,2023-04-07 14:14:10
MXP,New Windsor,Estados Unidos,2023,11,374.12,431.7581818181818,422.24,2023-04-07 14:14:10
MXP,San Sebastián de la Gomera,Espanha,2023,8,374.23,739.3935483870968,969.92,2023-04-07 14:14:10
MXP,Gazipasa,Turquia,2023,7,374.32,374.765,374.765,2023-04-07 14:14:10
MXP,Acra,Gana,2024,3,375.05,375.07500000000005,375.07500000000005,2023-04-07 14:14:10
MXP,Longyearbyen,Noruega,2023,9,375.94,418.41999999999996,415.7,2023-04-07 14:14:10
MXP,Sharjah,Emirados Árabes Unidos,2023,4,375.95,510.8538,506.57,2023-04-07 14:14:10
MXP,Pula,Croácia,2023,2,376.06,415.0828571428571,424.92,2023-04-07 14:14:10
MXP,Cidade do Panamá,Panamá,2023,3,376.32,634.7235365853659,580.66,2023-04-07 14:14:10
MXP,Cidade do Panamá,Panamá,2023,5,376.52,516.4037681159421,430.58,2023-04-07 14:14:10
MXP,Malmo,Suécia,2023,3,376.82,377.331,376.855,2023-04-07 14:14:10
MXP,Horta,Portugal,2023,7,376.87,426.034,410.52,2023-04-07 14:14:10
MXP,São Francisco,Estados Unidos,2023,3,377.05,462.2384285714285,458.805,2023-04-07 14:14:10
MXP,Kastelorizo,Grécia,2023,8,377.08,457.71454545454543,511.34,2023-04-07 14:14:10
MXP,Montreal,Canadá,2023,4,377.08,507.30824175824176,487.92,2023-04-07 14:14:10
MXP,Münster,Alemanha,2023,6,377.13,377.13,377.13,2023-04-07 14:14:10
MXP,São Francisco,Estados Unidos,2023,5,377.21,511.555,507.4,2023-04-07 14:14:10
MXP,Castletown,Ilha de Man,2023,2,377.43,377.43,377.43,2023-04-07 14:14:10
MXP,Kosice,Eslováquia,2023,8,377.66,379.02888888888884,378.02,2023-04-07 14:14:10
MXP,Montreal,Canadá,2023,3,377.72,491.96666666666664,472.72,2023-04-07 14:14:10
MXP,New Windsor,Estados Unidos,2023,4,377.88,517.6404347826087,489.41,2023-04-07 14:14:10
MXP,Bergerac,França,2023,2,378.01,378.085,378.13,2023-04-07 14:14:10
MXP,Oran,Argélia,2023,7,378.02,379.2,379.2,2023-04-07 14:14:10
MXP,Argel,Argélia,2023,8,378.66,421.3066666666667,378.66,2023-04-07 14:14:10
MXP,Al ‘Ulá,Arábia Saudita,2023,4,379.03,1409.0667272727273,1177.41,2023-04-07 14:14:10
MXP,Kuopio,Finlândia,2023,11,379.37,379.37,379.37,2023-04-07 14:14:10
MXP,Montreal,Canadá,2023,2,379.56,467.373125,453.5,2023-04-07 14:14:10
MXP,Inverness,Reino Unido,2023,7,379.64,382.9583333333333,379.64,2023-04-07 14:14:10
MXP,Rijeka,Croácia,2023,9,380.0,651.4666666666666,675.3,2023-04-07 14:14:10
MXP,Narvik,Noruega,2023,6,380.42,391.5825,381.03,2023-04-07 14:14:10
MXP,Skellefteå,Suécia,2023,9,380.67,381.26,381.33,2023-04-07 14:14:10
MXP,Sørvágur,Ilhas Faroe,2023,3,380.81,455.1584210526316,422.64,2023-04-07 14:14:10
MXP,Tabuk,Arábia Saudita,2023,5,380.93,381.298,381.39,2023-04-07 14:14:10
MXP,Espargos,Cabo Verde,2023,5,381.16,470.02287671232875,414.28,2023-04-07 14:14:10
MXP,Tours,França,2023,4,381.46,383.76375,384.22,2023-04-07 14:14:10
MXP,Sharjah,Emirados Árabes Unidos,2023,2,381.5,467.2548888888889,455.11,2023-04-07 14:14:10
MXP,São Francisco,Estados Unidos,2023,4,381.64,477.957358490566,490.54,2023-04-07 14:14:10
MXP,Girona,Espanha,2023,2,381.69,445.0586666666667,490.68,2023-04-07 14:14:10
MXP,Adana,Turquia,2023,5,381.85,383.04555555555555,382.32,2023-04-07 14:14:10
MXP,Florø,Noruega,2023,3,381.99,386.06545454545454,385.52,2023-04-07 14:14:10
MXP,Nimes,França,2023,7,382.4,383.5422222222222,383.65,2023-04-07 14:14:10
MXP,Bol,Croácia,2023,9,382.4,382.5611111111111,382.45,2023-04-07 14:14:10
MXP,Nicósia,Chipre,2023,7,382.41,438.81225806451613,438.71,2023-04-07 14:14:10
MXP,Baltimore,Estados Unidos,2023,2,382.51,539.9597222222222,531.485,2023-04-07 14:14:10
MXP,"Washington, D.C.",Estados Unidos,2023,2,382.51,509.15,493.895,2023-04-07 14:14:10
MXP,Skellefteå,Suécia,2023,5,382.58,420.8875,383.03,2023-04-07 14:14:10
MXP,Roterdão,Holanda,2023,10,382.77,382.77,382.77,2023-04-07 14:14:10
MXP,Montreal,Canadá,2023,5,383.48,520.3084810126583,505.86,2023-04-07 14:14:10
MXP,Cidade da Praia,Cabo Verde,2023,11,383.5,430.0995238095238,450.41,2023-04-07 14:14:10
MXP,Bardufoss,Noruega,2023,7,383.5,523.36,634.88,2023-04-07 14:14:10
MXP,Kutaisi,Geórgia,2023,9,383.66,383.66,383.66,2023-04-07 14:14:10
MXP,Medina,Arábia Saudita,2023,10,383.81,472.97249999999997,460.85,2023-04-07 14:14:10
MXP,New Windsor,Estados Unidos,2023,2,384.45,431.4422222222222,413.55,2023-04-07 14:14:10
MXP,Narvik,Noruega,2023,2,384.58,410.3277777777778,385.24,2023-04-07 14:14:10
MXP,Longyearbyen,Noruega,2023,11,385.09,400.47222222222223,407.84,2023-04-07 14:14:10
MXP,Adana,Turquia,2023,7,385.35,385.3542857142857,385.35,2023-04-07 14:14:10
MXP,Bardufoss,Noruega,2023,4,385.63,466.4838095238095,411.08,2023-04-07 14:14:10
MXP,Aqaba,Jordânia,2023,10,386.08,493.93933333333337,388.33,2023-04-07 14:14:10
MXP,Skellefteå,Suécia,2023,8,386.16,386.20000000000005,386.22,2023-04-07 14:14:10
MXP,Aqaba,Jordânia,2024,2,386.2,442.41499999999996,442.41499999999996,2023-04-07 14:14:10
MXP,Espargos,Cabo Verde,2023,2,386.4,492.2761538461539,480.65,2023-04-07 14:14:10
MXP,Manama,Bahrain,2023,2,386.54,416.9021052631579,418.14,2023-04-07 14:14:10
MXP,Miami,Estados Unidos,2024,2,386.93,408.993,415.7,2023-04-07 14:14:10
MXP,Sfax,Tunísia,2023,8,386.96,493.1611111111111,506.36,2023-04-07 14:14:10
MXP,Aqaba,Jordânia,2023,12,387.17,480.77941176470586,388.46,2023-04-07 14:14:10
MXP,Samsun,Turquia,2023,7,387.21,388.0233333333333,388.43,2023-04-07 14:14:10
MXP,New Windsor,Estados Unidos,2023,10,387.21,434.77235294117645,429.26,2023-04-07 14:14:10
MXP,Linz,Áustria,2023,5,387.28,389.036,389.055,2023-04-07 14:14:10
MXP,Abidjã,Costa do Marfim,2023,3,387.63,479.07951612903224,412.42,2023-04-07 14:14:10
MXP,Linkoping,Suécia,2023,7,387.86,389.768,389.94,2023-04-07 14:14:10
MXP,Cidade da Praia,Cabo Verde,2023,10,388.01,443.30071428571426,440.595,2023-04-07 14:14:10
MXP,Aqaba,Jordânia,2023,4,388.03,698.9153846153846,662.94,2023-04-07 14:14:10
MXP,Chicago,Estados Unidos,2023,3,388.05,484.16078947368425,462.3,2023-04-07 14:14:10
MXP,Aqaba,Jordânia,2023,7,388.08,419.925,404.48,2023-04-07 14:14:10
MXP,Cidade da Praia,Cabo Verde,2023,9,388.64,494.8157142857143,529.69,2023-04-07 14:14:10
MXP,"Washington, D.C.",Estados Unidos,2023,10,388.86,463.762,449.17,2023-04-07 14:14:10
MXP,Calvi,França,2023,5,388.89,403.212,412.34,2023-04-07 14:14:10
MXP,Joensuu,Finlândia,2023,3,389.05,518.5033333333333,391.83,2023-04-07 14:14:10
MXP,Los Angeles,Estados Unidos,2023,12,389.31,389.31,389.31,2023-04-07 14:14:10
MXP,Tetuão,Marrocos,2023,9,389.42,458.6626666666667,390.24,2023-04-07 14:14:10
MXP,Kiruna,Suécia,2023,8,389.55,390.28,389.92,2023-04-07 14:14:10
MXP,Kiruna,Suécia,2024,1,389.81,391.52875,391.27,2023-04-07 14:14:10
MXP,Város,Grécia,2023,8,390.68,398.23086956521735,393.65,2023-04-07 14:14:10
MXP,Abidjã,Costa do Marfim,2023,4,390.71,512.2612068965517,481.56,2023-04-07 14:14:10
MXP,Béziers,França,2023,8,392.3,393.02818181818185,392.66,2023-04-07 14:14:10
MXP,São Francisco,Estados Unidos,2023,10,392.43,434.26685185185187,421.26,2023-04-07 14:14:10
MXP,Gaziantep,Turquia,2023,7,392.48,392.52750000000003,392.48,2023-04-07 14:14:10
MXP,Islamabad,Paquistão,2024,1,392.92,393.8225,394.13,2023-04-07 14:14:10
MXP,Abidjã,Costa do Marfim,2023,5,393.04,442.215,461.345,2023-04-07 14:14:10
MXP,Nador,Marrocos,2023,2,393.31,393.31,393.31,2023-04-07 14:14:10
MXP,Umeå,Suécia,2023,6,393.31,417.2910526315789,410.63,2023-04-07 14:14:10
MXP,Pula,Croácia,2023,1,393.35,393.35,393.35,2023-04-07 14:14:10
MXP,Chicago,Estados Unidos,2024,2,393.41,393.41,393.41,2023-04-07 14:14:10
MXP,Tabuk,Arábia Saudita,2023,6,393.44,393.8933333333334,393.49,2023-04-07 14:14:10
MXP,Zagora,Marrocos,2023,3,393.48,396.3,396.46,2023-04-07 14:14:10
MXP,Dakhla,Sara Ocidental,2023,6,393.48,1288.161176470588,544.56,2023-04-07 14:14:10
MXP,Pisa,Itália,2023,8,393.83,707.94375,708.44,2023-04-07 14:14:10
MXP,Batumi,Geórgia,2023,2,394.26,453.51,403.89,2023-04-07 14:14:10
MXP,Almaty,Cazaquistão,2023,2,394.3,1109.1705263157894,492.6,2023-04-07 14:14:10
MXP,Edremit,Turquia,2023,7,394.33,410.25142857142856,398.15,2023-04-07 14:14:10
MXP,Boston,Estados Unidos,2023,10,394.41,412.01545454545453,409.98,2023-04-07 14:14:10
MXP,"Washington, D.C.",Estados Unidos,2023,12,394.54,542.37,543.3199999999999,2023-04-07 14:14:10
MXP,Longyearbyen,Noruega,2023,8,394.78,569.0196428571429,592.76,2023-04-07 14:14:10
MXP,Islamabad,Paquistão,2023,11,395.25,587.1118181818182,656.24,2023-04-07 14:14:10
MXP,Lodz,Polónia,2023,8,395.49,395.49,395.49,2023-04-07 14:14:10
MXP,Ras Al Khaimah,Emirados Árabes Unidos,2023,4,396.12,721.5264,792.35,2023-04-07 14:14:10
MXP,Longyearbyen,Noruega,2023,12,396.33,451.90625,406.53,2023-04-07 14:14:10
MXP,Ancona,Itália,2023,5,396.34,612.1252173913044,740.47,2023-04-07 14:14:10
MXP,Toronto,Canadá,2023,4,396.4,508.7918181818182,503.08,2023-04-07 14:14:10
MXP,Agios Kirykos,Grécia,2023,8,396.61,424.3629629629629,413.89,2023-04-07 14:14:10
MXP,Kemi,Finlândia,2023,3,397.26,1364.9405,2143.81,2023-04-07 14:14:10
MXP,Kálymnos,Grécia,2023,5,397.39,412.71454545454543,399.34,2023-04-07 14:14:10
MXP,Al Hoceima,Marrocos,2023,3,397.4,505.82750000000004,528.12,2023-04-07 14:14:10
MXP,Van,Turquia,2023,7,398.08,399.8545454545454,399.86,2023-04-07 14:14:10
MXP,Míconos,Grécia,2023,4,398.41,398.41,398.41,2023-04-07 14:14:10
MXP,Patras,Grécia,2023,6,398.5,501.7767857142857,400.98,2023-04-07 14:14:10
MXP,Mumbai,Índia,2023,3,398.86,588.108409090909,571.66,2023-04-07 14:14:10
MXP,Kristiansand,Noruega,2023,8,398.93,398.93,398.93,2023-04-07 14:14:10
MXP,Aalborg,Dinamarca,2023,7,399.04,400.19800000000004,400.97,2023-04-07 14:14:10
MXP,Assuão,Egito,2023,3,399.26,457.27000000000004,447.41,2023-04-07 14:14:10
MXP,Miami,Estados Unidos,2023,9,399.33,467.6427586206896,448.82,2023-04-07 14:14:10
MXP,Ostersund,Suécia,2023,7,399.43,443.72684210526313,401.74,2023-04-07 14:14:10
MXP,São Francisco,Estados Unidos,2023,11,399.85,444.3471428571429,475.48,2023-04-07 14:14:10
MXP,Longyearbyen,Noruega,2023,10,400.29,449.8892592592593,434.46,2023-04-07 14:14:10
MXP,Nova Deli,Índia,2023,3,400.44,605.431978021978,496.52,2023-04-07 14:14:10
MXP,Jidá,Arábia Saudita,2023,1,400.65,400.65,400.65,2023-04-07 14:14:10
MXP,Rimini,Itália,2023,9,400.73,400.73,400.73,2023-04-07 14:14:10
MXP,Patras,Grécia,2023,7,400.77,501.31155555555557,442.34,2023-04-07 14:14:10
MXP,Hermópolis,Grécia,2023,6,400.89,404.09000000000003,402.83,2023-04-07 14:14:10
MXP,Ivalo,Finlândia,2023,6,401.6,402.556,402.25,2023-04-07 14:14:10
MXP,Ocrida,Macedónia do Norte,2023,4,401.66,562.9309677419355,539.76,2023-04-07 14:14:10
MXP,Valverde,Espanha,2023,4,401.66,401.66,401.66,2023-04-07 14:14:10
MXP,Rabil,Cabo Verde,2023,4,402.04,850.1578947368421,701.53,2023-04-07 14:14:10
MXP,"Washington, D.C.",Estados Unidos,2023,3,402.37,764.609,510.105,2023-04-07 14:14:10
MXP,Longyearbyen,Noruega,2023,7,402.61,545.4273684210526,541.47,2023-04-07 14:14:10
MXP,Batumi,Geórgia,2023,4,402.73,476.6796875,482.69,2023-04-07 14:14:10
MXP,Samsun,Turquia,2023,9,402.98,402.98,402.98,2023-04-07 14:14:10
MXP,Kiruna,Suécia,2023,12,403.08,502.80375,455.35,2023-04-07 14:14:10
MXP,Kuopio,Finlândia,2024,1,403.27,403.59,403.27,2023-04-07 14:14:10
MXP,Esmirna,Turquia,2023,8,403.38,411.646,403.73,2023-04-07 14:14:10
MXP,Vaasa,Finlândia,2023,2,403.42,403.435,403.435,2023-04-07 14:14:10
MXP,Espargos,Cabo Verde,2023,4,404.14,776.582,781.52,2023-04-07 14:14:10
MXP,Kayseri,Turquia,2023,7,404.17,404.17,404.17,2023-04-07 14:14:10
MXP,Santander,Espanha,2023,12,404.24,404.6257142857143,404.24,2023-04-07 14:14:10
MXP,Toronto,Canadá,2023,10,404.47,461.1573333333333,438.94,2023-04-07 14:14:10
MXP,Espargos,Cabo Verde,2023,11,404.48,427.2670588235294,415.08,2023-04-07 14:14:10
MXP,Dakar,Senegal,2023,12,404.56,415.93999999999994,420.51,2023-04-07 14:14:10
MXP,Malé,Maldivas,2023,11,404.94,405.58000000000004,405.58000000000004,2023-04-07 14:14:10
MXP,Oulu,Finlândia,2023,10,405.02,406.2133333333333,406.81,2023-04-07 14:14:10
MXP,Kristiansand,Noruega,2023,7,405.39,406.14,406.095,2023-04-07 14:14:10
MXP,Mascate,Omã,2023,4,405.52,641.289375,550.3050000000001,2023-04-07 14:14:10
MXP,Rabate,Marrocos,2023,11,406.03,406.03,406.03,2023-04-07 14:14:10
MXP,Mascate,Omã,2023,12,406.21,607.6077777777778,596.17,2023-04-07 14:14:10
MXP,Boston,Estados Unidos,2023,6,406.27,472.4835,487.27,2023-04-07 14:14:10
MXP,Los Angeles,Estados Unidos,2023,9,406.44,462.6721739130434,458.01,2023-04-07 14:14:10
MXP,"Washington, D.C.",Estados Unidos,2023,5,407.1,694.8432432432433,485.05,2023-04-07 14:14:10
MXP,Espargos,Cabo Verde,2023,10,407.13,555.6883333333333,589.17,2023-04-07 14:14:10
MXP,Münster,Alemanha,2023,9,407.24,408.13818181818186,408.11,2023-04-07 14:14:10
MXP,Los Angeles,Estados Unidos,2023,10,407.66,443.6067391304348,434.08500000000004,2023-04-07 14:14:10
MXP,Luxor,Egito,2023,11,407.93,535.0845454545455,408.63,2023-04-07 14:14:10
MXP,Narvik,Noruega,2023,12,408.01,440.9216666666666,408.62,2023-04-07 14:14:10
MXP,"Washington, D.C.",Estados Unidos,2023,4,408.05,496.3628947368421,495.59,2023-04-07 14:14:10
MXP,Gizé,Egito,2023,9,408.22,409.5,409.5,2023-04-07 14:14:10
MXP,Kálymnos,Grécia,2023,7,408.5,472.0808333333334,482.375,2023-04-07 14:14:10
MXP,Dakar,Senegal,2023,4,408.6,487.8410526315789,457.03,2023-04-07 14:14:10
MXP,Alta,Noruega,2023,4,408.65,408.6966666666667,408.72,2023-04-07 14:14:10
MXP,Doha,Catar,2023,4,408.77,538.4130952380953,536.2,2023-04-07 14:14:10
MXP,Bardufoss,Noruega,2023,10,408.77,408.77,408.77,2023-04-07 14:14:10
MXP,Nairobi,Quénia,2023,3,409.23,540.8562195121951,502.245,2023-04-07 14:14:10
MXP,Doha,Catar,2023,9,409.28,558.6064705882353,518.92,2023-04-07 14:14:10
MXP,Batman,Turquia,2023,8,409.34,411.75199999999995,412.425,2023-04-07 14:14:10
MXP,Quimper,França,2023,3,409.45,411.658,412.21,2023-04-07 14:14:10
MXP,Iğdır,Turquia,2023,5,409.8,410.428,409.8,2023-04-07 14:14:10
MXP,Alexandria,Egito,2023,1,409.89,409.89,409.89,2023-04-07 14:14:10
MXP,Rabil,Cabo Verde,2023,3,410.2,675.5755319148936,636.13,2023-04-07 14:14:10
MXP,Espargos,Cabo Verde,2023,12,410.37,594.9449999999999,467.075,2023-04-07 14:14:10
MXP,Nova Deli,Índia,2023,5,410.97,496.2334782608696,487.02,2023-04-07 14:14:10
MXP,Espargos,Cabo Verde,2023,3,411.29,498.3372549019608,447.36,2023-04-07 14:14:10
MXP,Burgas,Bulgária,2023,4,411.53,508.3633333333334,534.86,2023-04-07 14:14:10
MXP,Espargos,Cabo Verde,2023,9,411.9,516.1869230769231,569.94,2023-04-07 14:14:10
MXP,Boston,Estados Unidos,2023,9,412.11,473.0762068965517,478.9,2023-04-07 14:14:10
MXP,Kutaisi,Geórgia,2023,10,412.14,412.14,412.14,2023-04-07 14:14:10
MXP,Kahramanmaras,Turquia,2023,2,413.52,414.315,414.315,2023-04-07 14:14:10
MXP,Doha,Catar,2023,2,413.55,556.2627777777777,501.95000000000005,2023-04-07 14:14:10
MXP,"Washington, D.C.",Estados Unidos,2023,9,413.89,464.9861111111111,429.46,2023-04-07 14:14:10
MXP,Djanet,Argélia,2023,4,414.33,415.19125,415.03,2023-04-07 14:14:10
MXP,Almaty,Cazaquistão,2023,3,414.75,524.788,510.62,2023-04-07 14:14:10
MXP,New Windsor,Estados Unidos,2023,6,414.78,599.7683333333333,654.915,2023-04-07 14:14:10
MXP,Sogndal,Noruega,2023,2,415.39,415.396,415.39,2023-04-07 14:14:10
MXP,Chicago,Estados Unidos,2023,5,416.31,461.59034482758625,437.82,2023-04-07 14:14:10
MXP,Gazipasa,Turquia,2023,8,416.59,541.5353333333334,575.32,2023-04-07 14:14:10
MXP,Norwich,Reino Unido,2023,7,416.66,416.88,416.88,2023-04-07 14:14:10
MXP,Boston,Estados Unidos,2023,4,416.88,516.4371328671328,496.45,2023-04-07 14:14:10
MXP,Assuão,Egito,2023,10,417.1,464.8441666666667,480.77,2023-04-07 14:14:10
MXP,Nevşehir,Turquia,2023,8,417.54,497.5855,474.89,2023-04-07 14:14:10
MXP,Grimsby,Reino Unido,2023,1,417.62,418.18,418.16,2023-04-07 14:14:10
MXP,Mersa Matruh,Egito,2023,7,417.82,501.60816326530613,542.38,2023-04-07 14:14:10
MXP,Gibraltar,Gibraltar,2023,8,417.9,739.4407142857143,562.91,2023-04-07 14:14:10
MXP,Mascate,Omã,2023,11,417.96,448.9307692307693,420.07,2023-04-07 14:14:10
MXP,Adana,Turquia,2023,8,418.11,543.3175,490.88,2023-04-07 14:14:10
MXP,Rabil,Cabo Verde,2023,9,418.14,593.1294318181818,668.81,2023-04-07 14:14:10
MXP,Zanzibar,Tanzânia,2023,3,418.54,498.66873239436626,482.62,2023-04-07 14:14:10
MXP,West Palm Beach,Estados Unidos,2023,2,418.54,556.8,454.4,2023-04-07 14:14:10
MXP,Zanzibar,Tanzânia,2023,5,418.84,476.56811764705884,460.14,2023-04-07 14:14:10
MXP,Haugesund,Noruega,2023,8,419.15,420.68833333333333,419.15,2023-04-07 14:14:10
MXP,Namsos,Noruega,2023,4,419.28,419.7555555555556,419.45,2023-04-07 14:14:10
MXP,Kittilä,Finlândia,2023,12,419.99,484.2591111111111,425.6,2023-04-07 14:14:10
MXP,Zanzibar,Tanzânia,2023,4,420.0,525.0103846153846,491.325,2023-04-07 14:14:10
MXP,Chennai,Índia,2023,5,420.12,977.2789655172414,740.44,2023-04-07 14:14:10
MXP,Kuopio,Finlândia,2023,12,420.31,421.69545454545454,420.87,2023-04-07 14:14:10
MXP,Rabil,Cabo Verde,2023,11,420.37,458.66625,458.945,2023-04-07 14:14:10
MXP,Indianápolis,Estados Unidos,2023,2,420.45,676.1583333333333,606.35,2023-04-07 14:14:10
MXP,Baltimore,Estados Unidos,2023,3,420.47,818.6072580645161,541.97,2023-04-07 14:14:10
MXP,Conacri,Guiné,2023,4,420.77,589.7606976744186,457.74,2023-04-07 14:14:10
MXP,Lagos,Nigéria,2023,3,420.85,517.9212987012987,442.62,2023-04-07 14:14:10
MXP,Beirute,Líbano,2023,1,421.11,421.11,421.11,2023-04-07 14:14:10
MXP,Rorvik,Noruega,2023,4,421.11,421.59,421.29,2023-04-07 14:14:10
MXP,Kayseri,Turquia,2023,8,421.26,533.30375,520.09,2023-04-07 14:14:10
MXP,Los Angeles,Estados Unidos,2023,11,421.44,478.3120833333333,451.91999999999996,2023-04-07 14:14:10
MXP,Ivalo,Finlândia,2023,8,421.51,421.92600000000004,422.03,2023-04-07 14:14:10
MXP,Antuérpia,Bélgica,2023,10,421.84,421.855,421.855,2023-04-07 14:14:10
MXP,Vólos,Grécia,2023,8,421.88,506.22357142857146,437.05,2023-04-07 14:14:10
MXP,Nova Deli,Índia,2023,4,421.92,523.780987654321,485.29,2023-04-07 14:14:10
MXP,Hermópolis,Grécia,2023,8,421.93,444.9988571428571,429.26,2023-04-07 14:14:10
MXP,Kittilä,Finlândia,2023,10,422.03,426.05625,422.29,2023-04-07 14:14:10
MXP,Enfidha,Tunísia,2023,4,422.05,568.3157894736842,519.52,2023-04-07 14:14:10
MXP,Norwich,Reino Unido,2023,2,422.1,436.23400000000004,426.01,2023-04-07 14:14:10
MXP,Ivalo,Finlândia,2023,10,422.21,479.46777777777777,485.11,2023-04-07 14:14:10
MXP,Fort Lauderdale,Estados Unidos,2023,9,422.75,472.0365,475.29499999999996,2023-04-07 14:14:10
MXP,Malé,Maldivas,2023,5,422.85,559.3812087912088,581.41,2023-04-07 14:14:10
MXP,Zanzibar,Tanzânia,2023,6,423.01,589.7071428571428,581.155,2023-04-07 14:14:10
MXP,Dakar,Senegal,2023,7,423.34,530.7542857142856,523.53,2023-04-07 14:14:10
MXP,Tindouf,Argélia,2023,5,423.39,423.7444444444444,423.78,2023-04-07 14:14:10
MXP,Medina,Arábia Saudita,2023,2,423.64,509.00533333333334,425.52,2023-04-07 14:14:10
MXP,Baia Mare,Roménia,2023,2,423.87,461.36894736842106,424.86,2023-04-07 14:14:10
MXP,Fort Myers,Estados Unidos,2023,2,423.87,501.4266666666666,538.46,2023-04-07 14:14:10
MXP,Sørvágur,Ilhas Faroe,2023,2,424.0,426.8375,427.055,2023-04-07 14:14:10
MXP,Sharjah,Emirados Árabes Unidos,2023,9,424.23,424.23,424.23,2023-04-07 14:14:10
MXP,Rabil,Cabo Verde,2023,12,424.58,800.8772727272727,837.94,2023-04-07 14:14:10
MXP,Poitiers,França,2023,2,424.59,714.8592,430.19,2023-04-07 14:14:10
MXP,Taif,Arábia Saudita,2023,6,424.69,680.0755555555556,426.38,2023-04-07 14:14:10
MXP,Jacksonville,Estados Unidos,2023,2,424.78,425.21125,424.96,2023-04-07 14:14:10
MXP,Lagos,Nigéria,2023,6,424.87,571.820625,475.51,2023-04-07 14:14:10
MXP,Fort Lauderdale,Estados Unidos,2023,5,425.18,514.4488,478.58,2023-04-07 14:14:10
MXP,"Washington, D.C.",Estados Unidos,2023,6,425.25,584.5169230769231,622.31,2023-04-07 14:14:10
MXP,Lagos,Nigéria,2023,2,425.51,573.7495238095238,494.09,2023-04-07 14:14:10
MXP,Lodz,Polónia,2023,7,426.13,426.49,426.53,2023-04-07 14:14:10
MXP,Kuwait,Koweit,2023,6,426.47,428.5711764705882,429.2,2023-04-07 14:14:10
MXP,Trieste,Itália,2024,1,426.53,427.36400000000003,427.92,2023-04-07 14:14:10
MXP,Atlanta,Estados Unidos,2023,3,426.76,512.8280392156863,515.78,2023-04-07 14:14:10
MXP,Ocrida,Macedónia do Norte,2023,6,427.37,429.2375,429.26,2023-04-07 14:14:10
MXP,Cochin,Índia,2023,5,427.45,622.1684848484849,619.93,2023-04-07 14:14:10
MXP,Abidjã,Costa do Marfim,2023,2,427.46,600.4625,576.23,2023-04-07 14:14:10
MXP,São Francisco,Estados Unidos,2023,1,427.53,427.53,427.53,2023-04-07 14:14:10
MXP,Batumi,Geórgia,2023,7,427.57,461.3936842105263,432.28,2023-04-07 14:14:10
MXP,Enfidha,Tunísia,2023,2,428.3,463.1763636363636,430.77,2023-04-07 14:14:10
MXP,Fort Lauderdale,Estados Unidos,2023,6,428.45,1051.1227272727274,1113.57,2023-04-07 14:14:10
MXP,San Jose,Estados Unidos,2023,2,428.45,867.4588,531.77,2023-04-07 14:14:10
MXP,Doha,Catar,2023,6,428.59,922.6692857142858,605.7950000000001,2023-04-07 14:14:10
MXP,Addis Abeba,Etiópia,2023,3,428.89,794.1221111111112,533.68,2023-04-07 14:14:10
MXP,Toulon,França,2023,4,429.17,500.52857142857147,502.38,2023-04-07 14:14:10
MXP,Nis,Sérvia,2023,6,429.96,892.245,892.245,2023-04-07 14:14:10
MXP,Chicago,Estados Unidos,2023,9,430.21,486.8379310344827,491.21,2023-04-07 14:14:10
MXP,Nicósia,Chipre,2023,8,430.3,595.6513636363636,565.38,2023-04-07 14:14:10
MXP,Santa Cruz de la Palma,Espanha,2023,8,431.17,676.23175,654.0,2023-04-07 14:14:10
MXP,West Palm Beach,Estados Unidos,2023,4,431.35,689.3491836734694,535.68,2023-04-07 14:14:10
MXP,Quebec,Canadá,2023,8,431.39,756.6373913043478,918.93,2023-04-07 14:14:10
MXP,São Francisco,Estados Unidos,2023,9,431.49,503.67125,496.865,2023-04-07 14:14:10
MXP,Agios Kirykos,Grécia,2023,4,431.59,432.1677777777778,432.17,2023-04-07 14:14:10
MXP,Banjul,Gâmbia,2023,4,431.7,651.3750909090909,597.67,2023-04-07 14:14:10
MXP,Kemi,Finlândia,2023,2,431.77,473.94272727272727,434.51,2023-04-07 14:14:10
MXP,Miami,Estados Unidos,2023,6,432.0,571.0,581.24,2023-04-07 14:14:10
MXP,Islamabad,Paquistão,2023,12,432.02,551.2416666666667,441.45,2023-04-07 14:14:10
MXP,Kuwait,Koweit,2023,7,432.33,433.43,433.22,2023-04-07 14:14:10
MXP,Calamata,Grécia,2023,3,432.33,432.6266666666667,432.33,2023-04-07 14:14:10
MXP,Montreal,Canadá,2023,9,432.41,463.9161111111111,452.665,2023-04-07 14:14:10
MXP,Namsos,Noruega,2023,9,432.53,432.82666666666665,432.94,2023-04-07 14:14:10
MXP,Sfax,Tunísia,2023,6,432.81,998.2104545454546,996.9,2023-04-07 14:14:10
MXP,"Washington, D.C.",Estados Unidos,2023,8,432.81,448.168947368421,435.05,2023-04-07 14:14:10
MXP,Exeter,Reino Unido,2023,3,433.88,572.7425925925926,456.65,2023-04-07 14:14:10
MXP,Hermópolis,Grécia,2023,9,433.94,681.906875,824.51,2023-04-07 14:14:10
MXP,Dakar,Senegal,2023,2,434.06,537.5718181818182,469.62,2023-04-07 14:14:10
MXP,Haugesund,Noruega,2023,7,434.41,434.99666666666667,435.0,2023-04-07 14:14:10
MXP,Sharjah,Emirados Árabes Unidos,2023,5,434.45,486.0456818181818,490.35,2023-04-07 14:14:10
MXP,Puerto del Rosario,Espanha,2023,7,434.77,434.77,434.77,2023-04-07 14:14:10
MXP,Orlando,Estados Unidos,2023,2,434.86,523.3014285714286,520.635,2023-04-07 14:14:10
MXP,Los Angeles,Estados Unidos,2023,5,434.89,476.69,466.21,2023-04-07 14:14:10
MXP,Mumbai,Índia,2023,4,434.96,619.4958333333333,600.0550000000001,2023-04-07 14:14:10
MXP,New Windsor,Estados Unidos,2023,9,435.0,508.17923076923074,440.4,2023-04-07 14:14:10
MXP,Fort Lauderdale,Estados Unidos,2023,10,435.18,482.7684615384615,488.61,2023-04-07 14:14:10
MXP,Lycksele,Suécia,2023,8,435.27,454.9611111111111,435.68,2023-04-07 14:14:10
MXP,Banjul,Gâmbia,2023,5,435.8,527.5804201680672,477.06,2023-04-07 14:14:10
MXP,Nice,França,2023,1,435.9,435.9,435.9,2023-04-07 14:14:10
MXP,Cidade do Panamá,Panamá,2023,4,436.28,712.7898333333334,654.8299999999999,2023-04-07 14:14:10
MXP,Entebbe,Uganda,2023,5,436.33,507.9570833333333,458.57,2023-04-07 14:14:10
MXP,Banjul,Gâmbia,2023,3,437.61,551.7809375,520.355,2023-04-07 14:14:10
MXP,Luxor,Egito,2023,12,437.73,793.2115384615385,439.73,2023-04-07 14:14:10
MXP,Bratislava,Eslováquia,2023,8,437.85,442.06,438.98,2023-04-07 14:14:10
MXP,Montreal,Canadá,2023,6,437.95,486.42300000000006,491.87,2023-04-07 14:14:10
MXP,Luxor,Egito,2023,8,438.26,584.958,621.1,2023-04-07 14:14:10
MXP,Nairobi,Quénia,2023,5,438.51,527.5327272727274,491.52,2023-04-07 14:14:10
MXP,Ancara,Turquia,2023,11,439.15,439.707,440.065,2023-04-07 14:14:10
MXP,Bardufoss,Noruega,2023,3,439.48,439.48,439.48,2023-04-07 14:14:10
MXP,Toronto,Canadá,2023,8,439.54,475.446,457.77,2023-04-07 14:14:10
MXP,Bol,Croácia,2023,6,439.81,501.4258823529412,442.79,2023-04-07 14:14:10
MXP,Lagos,Nigéria,2023,4,440.05,675.4772972972972,693.15,2023-04-07 14:14:10
MXP,Fort Myers,Estados Unidos,2023,3,440.22,582.406567164179,539.6,2023-04-07 14:14:10
MXP,Alta,Noruega,2023,6,440.48,503.7541176470588,474.28,2023-04-07 14:14:10
MXP,Nova Deli,Índia,2023,10,440.7,521.0275,541.94,2023-04-07 14:14:10
MXP,Ängelholm,Suécia,2023,4,440.99,441.32222222222225,441.02,2023-04-07 14:14:10
MXP,West Palm Beach,Estados Unidos,2023,5,441.06,548.916052631579,541.245,2023-04-07 14:14:10
MXP,Santo Domingo,República Dominicana,2023,11,441.18,617.1626666666667,631.25,2023-04-07 14:14:10
MXP,Asmara,Eritreia,2023,2,441.41,573.4802857142857,543.49,2023-04-07 14:14:10
MXP,Los Angeles,Estados Unidos,2024,2,441.67,496.6775,506.015,2023-04-07 14:14:10
MXP,Suceava,Roménia,2023,8,441.67,441.67,441.67,2023-04-07 14:14:10
MXP,Assuão,Egito,2023,11,441.98,443.9777777777778,444.84,2023-04-07 14:14:10
MXP,Narvik,Noruega,2023,5,442.23,442.8883333333333,442.47,2023-04-07 14:14:10
MXP,Los Angeles,Estados Unidos,2023,4,442.27,487.9543333333333,459.95,2023-04-07 14:14:10
MXP,Los Angeles,Estados Unidos,2023,2,442.39,450.44882352941175,451.44,2023-04-07 14:14:10
MXP,Atlanta,Estados Unidos,2023,2,442.61,484.96523809523813,457.25,2023-04-07 14:14:10
MXP,Malé,Maldivas,2023,2,442.97,580.5535294117647,565.07,2023-04-07 14:14:10
MXP,Quebec,Canadá,2023,10,443.01,443.274,443.01,2023-04-07 14:14:10
MXP,Crotone,Itália,2023,2,443.09,443.09,443.09,2023-04-07 14:14:10
MXP,Cidade da Praia,Cabo Verde,2023,6,443.68,490.1939534883721,456.5,2023-04-07 14:14:10
MXP,Dar Es Salaam,Tanzânia,2023,3,443.88,595.1601538461538,574.57,2023-04-07 14:14:10
MXP,Nur-Sultan,Cazaquistão,2023,1,443.89,653.382,444.08,2023-04-07 14:14:10
MXP,Al Hoceima,Marrocos,2023,1,445.1,446.0233333333333,446.21,2023-04-07 14:14:10
MXP,Sundsvall,Suécia,2023,4,445.33,445.7,445.53999999999996,2023-04-07 14:14:10
MXP,Baku,Azerbeijão,2023,8,445.39,446.96400000000006,445.39,2023-04-07 14:14:10
MXP,Boston,Estados Unidos,2023,5,445.69,482.1819047619048,466.05,2023-04-07 14:14:10
MXP,Espargos,Cabo Verde,2024,1,445.72,475.20666666666665,445.72,2023-04-07 14:14:10
MXP,Baltimore,Estados Unidos,2023,4,445.75,869.2205940594059,555.12,2023-04-07 14:14:10
MXP,Lagos,Nigéria,2023,11,446.04,447.06,447.06,2023-04-07 14:14:10
MXP,Ioánnina,Grécia,2023,4,446.99,447.758,447.95,2023-04-07 14:14:10
MXP,Dar Es Salaam,Tanzânia,2023,4,447.63,690.4097872340425,623.53,2023-04-07 14:14:10
MXP,Arar,Arábia Saudita,2023,4,448.11,663.118,827.78,2023-04-07 14:14:10
MXP,Montreal,Canadá,2023,10,448.54,468.9127272727273,463.71,2023-04-07 14:14:10
MXP,Karpathos,Grécia,2023,4,448.54,493.32500000000005,493.32500000000005,2023-04-07 14:14:10
MXP,Santa Cruz das Flores,Portugal,2023,5,448.7,450.54571428571427,450.83,2023-04-07 14:14:10
MXP,Cidade do Panamá,Panamá,2023,6,448.82,576.7372222222223,467.9,2023-04-07 14:14:10
MXP,Los Angeles,Estados Unidos,2023,3,448.83,480.92533333333336,479.80499999999995,2023-04-07 14:14:10
MXP,San Jose,Estados Unidos,2023,3,449.47,590.9117857142857,525.47,2023-04-07 14:14:10
MXP,San Jose,Estados Unidos,2023,5,449.69,601.7021052631579,586.69,2023-04-07 14:14:10
MXP,Quebec,Canadá,2023,3,449.71,559.691935483871,522.55,2023-04-07 14:14:10
MXP,Carachi,Paquistão,2023,3,449.89,638.9004,625.28,2023-04-07 14:14:10
MXP,San Sebastián de la Gomera,Espanha,2023,5,449.9,469.01,452.06,2023-04-07 14:14:10
MXP,Dar Es Salaam,Tanzânia,2023,5,449.94,524.6934285714286,516.49,2023-04-07 14:14:10
MXP,Régio da Calábria,Itália,2023,10,450.16,450.16,450.16,2023-04-07 14:14:10
MXP,Ålesund,Noruega,2023,1,450.39,450.39,450.39,2023-04-07 14:14:10
MXP,Escíato,Grécia,2023,4,450.92,450.92,450.92,2023-04-07 14:14:10
MXP,Entebbe,Uganda,2023,3,451.09,641.9409090909091,518.59,2023-04-07 14:14:10
MXP,Joanesburgo,África do Sul,2023,2,451.12,779.8611111111111,488.935,2023-04-07 14:14:10
MXP,Nova Orleães,Estados Unidos,2023,4,451.13,614.4223529411765,558.87,2023-04-07 14:14:10
MXP,Joanesburgo,África do Sul,2023,5,451.15,529.7352380952381,482.33,2023-04-07 14:14:10
MXP,Exeter,Reino Unido,2023,8,451.24,453.9625,454.06,2023-04-07 14:14:10
MXP,Joanesburgo,África do Sul,2023,3,451.57,892.3011594202899,565.14,2023-04-07 14:14:10
MXP,Corvo Island,Portugal,2023,7,451.73,453.36555555555555,452.16,2023-04-07 14:14:10
MXP,Joanesburgo,África do Sul,2023,4,451.79,607.6135714285714,550.7049999999999,2023-04-07 14:14:10
MXP,Kuusamo,Finlândia,2023,10,452.05,453.8025,453.47,2023-04-07 14:14:10
MXP,Joanesburgo,África do Sul,2023,6,452.1,592.6681818181819,611.99,2023-04-07 14:14:10
MXP,Sønderborg,Dinamarca,2023,7,452.2,452.2,452.2,2023-04-07 14:14:10
MXP,Boston,Estados Unidos,2024,2,452.22,452.555,452.555,2023-04-07 14:14:10
MXP,Dar Es Salaam,Tanzânia,2023,6,452.24,542.7865625000001,531.48,2023-04-07 14:14:10
MXP,Fort Lauderdale,Estados Unidos,2024,1,452.5,490.6133333333333,454.58,2023-04-07 14:14:10
MXP,Cartum,Sudão,2023,3,453.15,529.1369767441861,503.13,2023-04-07 14:14:10
MXP,Quimper,França,2023,7,453.34,1516.6100000000001,1634.8,2023-04-07 14:14:10
MXP,Rijeka,Croácia,2023,2,453.44,455.62916666666666,456.05,2023-04-07 14:14:10
MXP,Vasco da Gama,Índia,2023,6,453.64,523.3975,453.67499999999995,2023-04-07 14:14:10
MXP,Lerwick,Reino Unido,2023,6,454.07,533.4173333333333,497.83,2023-04-07 14:14:10
MXP,Cleveland,Estados Unidos,2023,2,454.14,504.6875,490.515,2023-04-07 14:14:10
MXP,Sivas,Turquia,2023,7,454.35,454.51250000000005,454.49,2023-04-07 14:14:10
MXP,Mascate,Omã,2023,8,454.49,657.1949999999999,657.1949999999999,2023-04-07 14:14:10
MXP,Bodø,Noruega,2023,9,454.96,455.65999999999997,455.65999999999997,2023-04-07 14:14:10
MXP,Mascate,Omã,2023,7,455.1,551.6750000000001,529.07,2023-04-07 14:14:10
MXP,Bangalore,Índia,2023,5,455.23,561.0173333333333,567.79,2023-04-07 14:14:10
MXP,Cleveland,Estados Unidos,2023,3,455.33,562.2680645161291,477.05,2023-04-07 14:14:10
MXP,Acra,Gana,2023,3,455.44,595.0964705882353,541.48,2023-04-07 14:14:10
MXP,Conacri,Guiné,2023,3,455.75,581.3411111111111,536.24,2023-04-07 14:14:10
MXP,Mulhouse,França,2023,4,455.82,458.6555555555556,458.67,2023-04-07 14:14:10
MXP,San Sebastián de la Gomera,Espanha,2023,6,456.09,458.1455555555555,459.03,2023-04-07 14:14:10
MXP,Nur-Sultan,Cazaquistão,2023,2,456.19,456.8433333333333,457.17,2023-04-07 14:14:10
MXP,Medina,Arábia Saudita,2023,1,456.76,457.26,457.26,2023-04-07 14:14:10
MXP,Atlanta,Estados Unidos,2023,11,456.9,478.658,457.97,2023-04-07 14:14:10
MXP,Adıyaman,Turquia,2023,3,456.98,457.58875,457.66499999999996,2023-04-07 14:14:10
MXP,Assuão,Egito,2023,8,457.08,457.08,457.08,2023-04-07 14:14:10
MXP,Mascate,Omã,2024,2,457.41,457.41,457.41,2023-04-07 14:14:10
MXP,Sharjah,Emirados Árabes Unidos,2023,6,457.61,534.3557142857143,537.59,2023-04-07 14:14:10
MXP,Santa Cruz das Flores,Portugal,2023,3,457.71,468.68555555555554,459.98,2023-04-07 14:14:10
MXP,Fort Lauderdale,Estados Unidos,2023,8,457.72,475.97499999999997,479.36,2023-04-07 14:14:10
MXP,Salalah,Omã,2023,6,458.13,507.185625,496.28,2023-04-07 14:14:10
MXP,Antuérpia,Bélgica,2023,6,458.35,687.7172222222222,470.42,2023-04-07 14:14:10
MXP,Baltimore,Estados Unidos,2023,5,458.67,1002.395625,629.9,2023-04-07 14:14:10
MXP,Los Angeles,Estados Unidos,2023,8,459.04,657.0033333333333,459.04,2023-04-07 14:14:10
MXP,Rabil,Cabo Verde,2023,10,459.18,652.1757142857142,789.9,2023-04-07 14:14:10
MXP,Toronto,Canadá,2023,11,459.27,459.27,459.27,2023-04-07 14:14:10
MXP,Medina,Arábia Saudita,2024,1,459.35,459.35,459.35,2023-04-07 14:14:10
MXP,Hyderabad,Índia,2023,6,459.59,633.9783333333334,500.67,2023-04-07 14:14:10
MXP,Oostende,Bélgica,2023,1,459.71,502.46500000000003,502.46500000000003,2023-04-07 14:14:10
MXP,São Francisco,Estados Unidos,2023,12,460.14,460.14,460.14,2023-04-07 14:14:10
MXP,Nashville,Estados Unidos,2023,3,460.43,837.9586666666667,576.99,2023-04-07 14:14:10
MXP,Ancona,Itália,2023,9,460.57,461.578,461.05,2023-04-07 14:14:10
MXP,Tampa,Estados Unidos,2023,2,460.88,529.2132352941177,519.81,2023-04-07 14:14:10
MXP,Islamabad,Paquistão,2023,5,461.17,640.1396774193548,621.67,2023-04-07 14:14:10
MXP,Orlando,Estados Unidos,2023,9,461.31,556.036,598.55,2023-04-07 14:14:10
MXP,Nairobi,Quénia,2023,9,461.54,570.5057142857142,540.85,2023-04-07 14:14:10
MXP,Mumbai,Índia,2023,2,461.55,860.6825,608.235,2023-04-07 14:14:10
MXP,Cavala,Grécia,2023,4,461.73,487.8816666666666,464.6,2023-04-07 14:14:10
MXP,Carachi,Paquistão,2023,5,461.79,654.1733333333334,698.15,2023-04-07 14:14:10
MXP,Alta,Noruega,2023,8,461.83,462.3066666666667,462.08,2023-04-07 14:14:10
MXP,West Palm Beach,Estados Unidos,2023,3,462.15,702.8713513513513,672.855,2023-04-07 14:14:10
MXP,Nova Deli,Índia,2023,2,462.4,560.016875,503.63,2023-04-07 14:14:10
MXP,Sohag,Egito,2023,7,463.32,626.4692857142857,671.38,2023-04-07 14:14:10
MXP,Santa Ana,Estados Unidos,2023,3,463.54,824.3575757575758,674.29,2023-04-07 14:14:10
MXP,Ontário,Estados Unidos,2023,2,463.69,605.2556756756757,494.96,2023-04-07 14:14:10
MXP,Quimper,França,2023,2,464.1,465.1044444444445,465.55,2023-04-07 14:14:10
MXP,Bogotá,Colômbia,2023,3,464.1,742.635294117647,711.87,2023-04-07 14:14:10
MXP,Islamabad,Paquistão,2023,4,464.55,663.798,615.13,2023-04-07 14:14:10
MXP,Abu Dhabi,Emirados Árabes Unidos,2023,7,464.55,464.55,464.55,2023-04-07 14:14:10
MXP,Daytona Beach,Estados Unidos,2023,2,465.15,639.8525,698.15,2023-04-07 14:14:10
MXP,Bodø,Noruega,2023,10,465.2,466.642,466.24,2023-04-07 14:14:10
MXP,Dar Es Salaam,Tanzânia,2023,10,465.26,562.5121428571429,582.0450000000001,2023-04-07 14:14:10
MXP,Nairobi,Quénia,2023,6,465.28,560.8005882352942,598.63,2023-04-07 14:14:10
MXP,Santa Ana,Estados Unidos,2023,2,465.53,610.8021153846154,570.285,2023-04-07 14:14:10
MXP,Lagos,Nigéria,2023,5,465.57,493.7921428571429,473.15999999999997,2023-04-07 14:14:10
MXP,Nairobi,Quénia,2023,4,465.82,614.8584615384615,650.565,2023-04-07 14:14:10
MXP,Cochin,Índia,2023,2,465.95,994.296,680.87,2023-04-07 14:14:10
MXP,Samarcanda,Uzbequistão,2023,10,466.07,763.8077777777778,718.39,2023-04-07 14:14:10
MXP,Ottawa,Canadá,2023,2,466.26,715.7592857142856,481.41,2023-04-07 14:14:10
MXP,Kastelorizo,Grécia,2023,3,466.62,467.87888888888887,466.62,2023-04-07 14:14:10
MXP,Lomé,Togo,2023,5,466.99,516.670731707317,498.08,2023-04-07 14:14:10
MXP,Ontário,Estados Unidos,2023,3,466.99,696.2184745762712,654.43,2023-04-07 14:14:10
MXP,Boston,Estados Unidos,2023,8,467.17,632.1750000000001,709.145,2023-04-07 14:14:10
MXP,Kuusamo,Finlândia,2023,12,468.22,479.2993333333333,481.45,2023-04-07 14:14:10
MXP,Isparta,Turquia,2023,4,468.28,468.28,468.28,2023-04-07 14:14:10
MXP,Kars,Turquia,2023,3,468.36,469.11,468.61,2023-04-07 14:14:10
MXP,Enfidha,Tunísia,2023,9,468.47,469.73444444444453,468.47,2023-04-07 14:14:10
MXP,New Windsor,Estados Unidos,2024,1,468.63,468.63,468.63,2023-04-07 14:14:10
MXP,Lagos,Nigéria,2023,10,468.71,468.71,468.71,2023-04-07 14:14:10
MXP,Filadélfia,Estados Unidos,2023,2,468.82,655.4082608695652,491.12,2023-04-07 14:14:10
MXP,Malé,Maldivas,2023,6,469.11,576.5956756756757,538.57,2023-04-07 14:14:10
MXP,Chicago,Estados Unidos,2023,6,469.21,790.4233333333333,513.29,2023-04-07 14:14:10
MXP,Nashville,Estados Unidos,2023,2,469.26,525.3815384615384,479.55,2023-04-07 14:14:10
MXP,Lomé,Togo,2023,4,469.5,593.1348387096774,559.39,2023-04-07 14:14:10
MXP,Nova Deli,Índia,2023,1,469.62,483.95,483.95,2023-04-07 14:14:10
MXP,Sharjah,Emirados Árabes Unidos,2023,1,469.74,469.74,469.74,2023-04-07 14:14:10
MXP,Miami,Estados Unidos,2023,5,470.22,489.44000000000005,489.44000000000005,2023-04-07 14:14:10
MXP,Joanesburgo,África do Sul,2023,9,470.39,581.8042307692308,576.0899999999999,2023-04-07 14:14:10
MXP,Charlotte,Estados Unidos,2023,3,470.41,620.2002597402598,546.8,2023-04-07 14:14:10
MXP,Bolzano,Itália,2023,5,470.66,524.245,471.305,2023-04-07 14:14:10
MXP,Acra,Gana,2023,4,470.85,597.0467391304348,571.35,2023-04-07 14:14:10
MXP,Charlotte,Estados Unidos,2023,5,471.57,537.7275510204082,526.82,2023-04-07 14:14:10
MXP,São Paulo,Brasil,2023,3,472.28,664.7085416666666,626.64,2023-04-07 14:14:10
MXP,Windsor,Canadá,2023,2,472.49,485.37875,485.505,2023-04-07 14:14:10
MXP,Nairobi,Quénia,2024,2,472.49,547.5833333333334,584.64,2023-04-07 14:14:10
MXP,Los Angeles,Estados Unidos,2023,6,472.53,618.206,618.14,2023-04-07 14:14:10
MXP,Santa Ana,Estados Unidos,2023,1,472.53,472.53,472.53,2023-04-07 14:14:10
MXP,Baku,Azerbeijão,2023,1,472.53,506.89363636363635,493.73,2023-04-07 14:14:10
MXP,Entebbe,Uganda,2023,4,472.99,655.4415384615385,654.5,2023-04-07 14:14:10
MXP,Alexandria,Egito,2023,8,473.1,473.1,473.1,2023-04-07 14:14:10
MXP,Nova Deli,Índia,2023,8,473.65,508.1014285714286,494.36,2023-04-07 14:14:10
MXP,Abidjã,Costa do Marfim,2023,6,473.84,473.84,473.84,2023-04-07 14:14:10
MXP,Kuala Lumpur,Malásia,2023,11,474.03,559.5518181818181,569.39,2023-04-07 14:14:10
MXP,Salalah,Omã,2023,3,474.07,588.5433962264151,608.33,2023-04-07 14:14:10
MXP,Nova Deli,Índia,2023,9,474.34,550.4723076923076,517.9,2023-04-07 14:14:10
MXP,Lahore,Paquistão,2023,5,475.0,692.475306122449,680.72,2023-04-07 14:14:10
MXP,Amritsar,Índia,2023,5,475.04,593.7654166666667,481.225,2023-04-07 14:14:10
MXP,Ahmedabad,Índia,2023,6,475.2,668.2766666666666,682.1500000000001,2023-04-07 14:14:10
MXP,Ahmedabad,Índia,2023,2,475.24,639.1062962962963,677.36,2023-04-07 14:14:10
MXP,Atlanta,Estados Unidos,2023,4,475.44,548.4145333333333,528.76,2023-04-07 14:14:10
MXP,Bishkek,Quirguizistão,2023,3,475.5,544.1847540983606,520.59,2023-04-07 14:14:10
MXP,Assuão,Egito,2023,4,475.89,561.8403125,532.575,2023-04-07 14:14:10
MXP,Turku,Finlândia,2023,2,476.13,477.4405882352941,477.63,2023-04-07 14:14:10
MXP,Thiruvananthapuram,Índia,2023,2,476.16,904.085,678.7950000000001,2023-04-07 14:14:10
MXP,Almaty,Cazaquistão,2023,5,476.42,1116.0904347826088,503.29,2023-04-07 14:14:10
MXP,Ostersund,Suécia,2023,6,476.8,482.4,482.84000000000003,2023-04-07 14:14:10
MXP,Atlanta,Estados Unidos,2023,10,476.8,488.16076923076923,479.29,2023-04-07 14:14:10
MXP,Malé,Maldivas,2023,10,476.81,677.818,699.6,2023-04-07 14:14:10
MXP,Nashville,Estados Unidos,2023,9,476.82,478.055,478.055,2023-04-07 14:14:10
MXP,Detroit,Estados Unidos,2023,3,477.08,695.2557142857144,657.515,2023-04-07 14:14:10
MXP,Banjul,Gâmbia,2023,12,477.34,478.54,477.98,2023-04-07 14:14:10
MXP,Brno,República Checa,2023,2,477.36,488.5735714285714,493.47,2023-04-07 14:14:10
MXP,Charlotte,Estados Unidos,2023,2,478.19,566.8027999999999,580.28,2023-04-07 14:14:10
MXP,Hong Kong,Hong Kong,2023,11,478.2,607.0,582.77,2023-04-07 14:14:10
MXP,Asmara,Eritreia,2023,4,478.7,672.1882352941177,637.005,2023-04-07 14:14:10
MXP,Nashville,Estados Unidos,2023,4,478.92,609.98425,536.8,2023-04-07 14:14:10
MXP,Banjul,Gâmbia,2023,6,478.98,564.8376923076922,559.17,2023-04-07 14:14:10
MXP,Addis Abeba,Etiópia,2023,4,479.54,626.2822950819673,571.23,2023-04-07 14:14:10
MXP,Cotonou,Benin,2023,3,479.55,547.9754545454546,558.32,2023-04-07 14:14:10
MXP,Ørland,Noruega,2023,9,479.62,479.62,479.62,2023-04-07 14:14:10
MXP,Ivalo,Finlândia,2023,12,480.3,507.00944444444445,484.45,2023-04-07 14:14:10
MXP,Entebbe,Uganda,2023,10,480.42,599.328,685.74,2023-04-07 14:14:10
MXP,Quebec,Canadá,2023,5,480.44,494.063,484.89,2023-04-07 14:14:10
MXP,São Diego,Estados Unidos,2023,2,480.65,730.4993181818182,648.47,2023-04-07 14:14:10
MXP,Sohag,Egito,2023,4,481.37,569.3248484848485,499.24,2023-04-07 14:14:10
MXP,Hyderabad,Índia,2023,4,481.44,671.5747916666667,652.26,2023-04-07 14:14:10
MXP,Santa Ana,Estados Unidos,2023,4,481.87,685.1085087719298,666.9200000000001,2023-04-07 14:14:10
MXP,Vila do Porto,Portugal,2023,7,482.22,482.22,482.22,2023-04-07 14:14:10
MXP,Nairobi,Quénia,2023,11,482.3,645.2008823529411,637.745,2023-04-07 14:14:10
MXP,Mascate,Omã,2023,9,482.56,530.4866666666667,554.4,2023-04-07 14:14:10
MXP,Atlanta,Estados Unidos,2023,5,482.58,539.9594623655914,531.2,2023-04-07 14:14:10
MXP,Batumi,Geórgia,2023,3,483.02,516.1716129032258,508.89,2023-04-07 14:14:10
MXP,Montreal,Canadá,2023,8,483.08,727.6999999999999,850.01,2023-04-07 14:14:10
MXP,Lomé,Togo,2023,3,483.23,552.7749056603774,530.99,2023-04-07 14:14:10
MXP,Gizé,Egito,2023,5,483.25,527.4088235294117,545.18,2023-04-07 14:14:10
MXP,Narvik,Noruega,2023,1,483.55,483.565,483.565,2023-04-07 14:14:10
MXP,Tampa,Estados Unidos,2023,3,483.61,630.0992,625.87,2023-04-07 14:14:10
MXP,Atlanta,Estados Unidos,2023,8,483.7,524.7682142857143,501.975,2023-04-07 14:14:10
MXP,Nairobi,Quénia,2023,10,483.9,535.5476470588235,495.34,2023-04-07 14:14:10
MXP,Ottawa,Canadá,2023,4,484.09,670.7511764705882,488.57,2023-04-07 14:14:10
MXP,Patras,Grécia,2023,8,484.16,552.9478181818182,566.22,2023-04-07 14:14:10
MXP,Entebbe,Uganda,2023,2,484.48,701.8764285714286,758.09,2023-04-07 14:14:10
MXP,Addis Abeba,Etiópia,2023,5,484.65,560.6722222222222,570.35,2023-04-07 14:14:10
MXP,Entebbe,Uganda,2023,11,484.81,524.22,524.385,2023-04-07 14:14:10
MXP,Sharjah,Emirados Árabes Unidos,2023,12,484.82,486.3066666666667,487.05,2023-04-07 14:14:10
MXP,Entebbe,Uganda,2023,6,485.08,720.9885294117647,684.57,2023-04-07 14:14:10
MXP,Nur-Sultan,Cazaquistão,2023,10,485.29,512.9352631578947,531.05,2023-04-07 14:14:10
MXP,Assuão,Egito,2023,7,485.34,485.9136363636364,485.54,2023-04-07 14:14:10
MXP,Addis Abeba,Etiópia,2023,9,485.34,501.59933333333333,499.01,2023-04-07 14:14:10
MXP,Medina,Arábia Saudita,2023,11,485.36,485.40500000000003,485.42,2023-04-07 14:14:10
MXP,Filadélfia,Estados Unidos,2023,3,486.02,780.0673214285715,555.52,2023-04-07 14:14:10
MXP,Astypálaia,Grécia,2023,9,486.54,486.54,486.54,2023-04-07 14:14:10
MXP,Medina,Arábia Saudita,2023,9,486.76,553.8425,596.085,2023-04-07 14:14:10
MXP,Aktau,Cazaquistão,2023,7,486.99,506.32849999999996,520.29,2023-04-07 14:14:10
MXP,Pittsburgh,Estados Unidos,2023,2,487.09,576.0717391304348,582.53,2023-04-07 14:14:10
MXP,Vasco da Gama,Índia,2023,2,487.23,673.4665217391304,692.32,2023-04-07 14:14:10
MXP,Almaty,Cazaquistão,2023,10,487.23,508.2271428571429,523.93,2023-04-07 14:14:10
MXP,San Jose,Estados Unidos,2023,6,487.27,597.8810714285715,499.13,2023-04-07 14:14:10
MXP,Santo Domingo,República Dominicana,2023,3,487.74,694.0422340425532,629.38,2023-04-07 14:14:10
MXP,Santo Domingo,República Dominicana,2023,9,488.0,638.8105882352942,648.83,2023-04-07 14:14:10
MXP,Errachidia,Marrocos,2023,2,488.17,671.5513333333333,745.44,2023-04-07 14:14:10
MXP,Nairobi,Quénia,2023,12,488.29,594.6816666666667,520.57,2023-04-07 14:14:10
MXP,Cidade do Panamá,Panamá,2023,2,488.29,603.9972727272727,633.72,2023-04-07 14:14:10
MXP,Winnipeg,Canadá,2023,2,488.38,561.6923529411765,488.53,2023-04-07 14:14:10
MXP,Raleigh,Estados Unidos,2023,5,488.38,585.415909090909,523.92,2023-04-07 14:14:10
MXP,Pittsburgh,Estados Unidos,2023,5,488.53,574.16125,584.88,2023-04-07 14:14:10
MXP,Orlando,Estados Unidos,2023,11,488.53,575.4871428571429,585.355,2023-04-07 14:14:10
MXP,Aktau,Cazaquistão,2023,2,488.65,836.8555555555555,839.18,2023-04-07 14:14:10
MXP,Nairobi,Quénia,2024,1,489.1,587.4277777777778,605.89,2023-04-07 14:14:10
MXP,Bishkek,Quirguizistão,2023,2,489.84,498.64833333333337,491.38,2023-04-07 14:14:10
MXP,Jacksonville,Estados Unidos,2023,9,490.03,490.03,490.03,2023-04-07 14:14:10
MXP,Islamabad,Paquistão,2023,10,490.69,615.5475,656.485,2023-04-07 14:14:10
MXP,Batumi,Geórgia,2023,8,490.69,490.69,490.69,2023-04-07 14:14:10
MXP,Austin,Estados Unidos,2023,3,490.7,782.8577777777778,714.245,2023-04-07 14:14:10
MXP,Aqaba,Jordânia,2023,9,490.85,684.024,657.17,2023-04-07 14:14:10
MXP,Espargos,Cabo Verde,2024,2,491.05,491.51800000000003,491.05,2023-04-07 14:14:10
MXP,Almaty,Cazaquistão,2023,4,491.21,615.5180487804878,645.97,2023-04-07 14:14:10
MXP,Ha'il,Arábia Saudita,2023,3,491.32,491.907,491.99,2023-04-07 14:14:10
MXP,Cidade da Praia,Cabo Verde,2023,2,491.5,778.1563636363636,625.05,2023-04-07 14:14:10
MXP,Orlando,Estados Unidos,2023,4,491.6,594.5758536585366,594.99,2023-04-07 14:14:10
MXP,Nur-Sultan,Cazaquistão,2023,4,491.76,576.0474193548388,564.49,2023-04-07 14:14:10
MXP,Bishkek,Quirguizistão,2023,4,491.77,674.5441509433962,578.09,2023-04-07 14:14:10
MXP,Bardufoss,Noruega,2023,5,491.97,499.2415384615385,492.43,2023-04-07 14:14:10
MXP,Bishkek,Quirguizistão,2023,11,492.17,492.17,492.17,2023-04-07 14:14:10
MXP,Sorkjosen,Noruega,2023,11,492.25,493.38000000000005,492.92,2023-04-07 14:14:10
MXP,Pittsburgh,Estados Unidos,2023,3,492.37,1112.366,536.21,2023-04-07 14:14:10
MXP,Addis Abeba,Etiópia,2023,6,492.77,548.7271428571428,522.275,2023-04-07 14:14:10
MXP,Vasco da Gama,Índia,2023,4,493.3,673.1329032258064,689.96,2023-04-07 14:14:10
MXP,Cidade da Praia,Cabo Verde,2023,12,493.34,566.7511111111112,583.71,2023-04-07 14:14:10
MXP,Kuwait,Koweit,2023,12,493.46,544.515,549.085,2023-04-07 14:14:10
MXP,Longyearbyen,Noruega,2023,3,493.46,564.0832558139535,536.81,2023-04-07 14:14:10
MXP,Ottawa,Canadá,2023,8,493.59,865.528695652174,862.07,2023-04-07 14:14:10
MXP,Chennai,Índia,2023,4,494.06,606.5994594594595,580.19,2023-04-07 14:14:10
MXP,Asmara,Eritreia,2023,9,494.06,698.1535714285714,727.635,2023-04-07 14:14:10
MXP,Perugia,Itália,2023,8,494.11,630.2583333333333,698.15,2023-04-07 14:14:10
MXP,Szczecin,Polónia,2023,2,495.16,495.16,495.16,2023-04-07 14:14:10
MXP,San Jose,Estados Unidos,2023,4,495.34,754.4430303030304,662.83,2023-04-07 14:14:10
MXP,Akureyri,Islândia,2023,6,495.63,496.04555555555555,496.09,2023-04-07 14:14:10
MXP,Bogotá,Colômbia,2023,2,495.73,744.888,745.28,2023-04-07 14:14:10
MXP,Orlando,Estados Unidos,2023,3,495.89,560.6516666666666,545.4449999999999,2023-04-07 14:14:10
MXP,Kálymnos,Grécia,2023,9,495.94,557.0649999999999,517.6,2023-04-07 14:14:10
MXP,Acra,Gana,2023,5,495.97,593.4326530612245,580.68,2023-04-07 14:14:10
MXP,Baia Mare,Roménia,2023,6,496.02,496.02,496.02,2023-04-07 14:14:10
MXP,Fort Lauderdale,Estados Unidos,2023,12,496.16,629.2957142857142,510.15,2023-04-07 14:14:10
MXP,Montreal,Canadá,2024,2,496.36,496.36,496.36,2023-04-07 14:14:10
MXP,Isle of Benbecula,Reino Unido,2023,8,496.39,692.90125,497.225,2023-04-07 14:14:10
MXP,Gdansk,Polónia,2023,1,497.19,497.3,497.3,2023-04-07 14:14:10
MXP,Nouakchott,Mauritânia,2023,2,497.26,662.1794871794872,695.53,2023-04-07 14:14:10
MXP,Las Vegas,Estados Unidos,2023,3,497.44,669.6008771929825,664.31,2023-04-07 14:14:10
MXP,Kajaani,Finlândia,2023,3,497.92,497.92,497.92,2023-04-07 14:14:10
MXP,Samarcanda,Uzbequistão,2023,3,497.98,570.194,563.2,2023-04-07 14:14:10
MXP,Fort Lauderdale,Estados Unidos,2023,11,498.0,504.36199999999997,506.36,2023-04-07 14:14:10
MXP,Paleochori,Grécia,2023,4,498.76,661.1875,667.45,2023-04-07 14:14:10
MXP,Sarasota,Estados Unidos,2023,3,498.76,537.2257142857143,499.99,2023-04-07 14:14:10
MXP,Kinshasa,República Democrática do Congo,2023,4,499.03,726.9181081081082,800.27,2023-04-07 14:14:10
MXP,Addis Abeba,Etiópia,2023,11,499.69,507.94736842105266,501.71,2023-04-07 14:14:10
MXP,Dundee,Reino Unido,2023,7,499.75,676.969,503.25,2023-04-07 14:14:10
MXP,Conacri,Guiné,2023,5,500.13,502.35909090909087,502.37,2023-04-07 14:14:10
MXP,Joanesburgo,África do Sul,2023,10,500.13,504.0533333333333,500.13,2023-04-07 14:14:10
MXP,Amritsar,Índia,2023,4,500.13,606.4848051948052,591.73,2023-04-07 14:14:10
MXP,Gainesville,Estados Unidos,2023,3,500.25,500.8241666666667,500.33,2023-04-07 14:14:10
MXP,Espargos,Cabo Verde,2023,6,500.5,519.3591666666666,519.61,2023-04-07 14:14:10
MXP,Éilat,Israel,2023,7,500.88,501.4875,500.88,2023-04-07 14:14:10
MXP,Raleigh,Estados Unidos,2023,3,500.93,626.7610126582279,521.76,2023-04-07 14:14:10
MXP,Addis Abeba,Etiópia,2023,10,500.99,503.822,501.05,2023-04-07 14:14:10
MXP,Raleigh,Estados Unidos,2023,2,501.14,504.42333333333335,502.0,2023-04-07 14:14:10
MXP,Nimes,França,2023,2,501.58,502.09799999999996,501.58,2023-04-07 14:14:10
MXP,Edremit,Turquia,2023,4,501.9,503.342,503.54,2023-04-07 14:14:10
MXP,Nouakchott,Mauritânia,2023,5,501.97,504.89500000000004,504.83,2023-04-07 14:14:10
MXP,Sogndal,Noruega,2023,4,502.06,502.7311111111111,502.71,2023-04-07 14:14:10
MXP,El Aiune,Sara Ocidental,2023,3,502.54,502.54,502.54,2023-04-07 14:14:10
MXP,Nova Orleães,Estados Unidos,2023,3,503.71,846.6886,573.695,2023-04-07 14:14:10
MXP,Zanzibar,Tanzânia,2023,9,503.92,727.2563636363636,607.26,2023-04-07 14:14:10
MXP,León,Espanha,2023,4,504.15,536.1852,537.22,2023-04-07 14:14:10
MXP,Santo Domingo,República Dominicana,2023,2,504.6,636.5277777777778,662.7,2023-04-07 14:14:10
MXP,Ajácio,França,2023,2,505.41,505.41,505.41,2023-04-07 14:14:10
MXP,São Francisco,Estados Unidos,2024,2,505.41,505.41,505.41,2023-04-07 14:14:10
MXP,Joanesburgo,África do Sul,2023,1,505.47,509.71500000000003,509.71500000000003,2023-04-07 14:14:10
MXP,Cartum,Sudão,2023,2,505.52,524.8068421052632,524.46,2023-04-07 14:14:10
MXP,São Francisco,Estados Unidos,2023,6,505.52,594.4693333333333,549.85,2023-04-07 14:14:10
MXP,Medina,Arábia Saudita,2023,8,505.65,669.915,720.73,2023-04-07 14:14:10
MXP,Zanzibar,Tanzânia,2023,10,505.77,520.1822222222222,506.65,2023-04-07 14:14:10
MXP,Doha,Catar,2023,11,505.97,519.505,526.02,2023-04-07 14:14:10
MXP,Debrecen,Hungria,2023,5,506.06,508.4688888888889,508.38,2023-04-07 14:14:10
MXP,Houston,Estados Unidos,2023,4,506.21,711.4895,649.11,2023-04-07 14:14:10
MXP,Luanda,Angola,2023,6,506.61,509.91,510.22,2023-04-07 14:14:10
MXP,Nova Orleães,Estados Unidos,2023,2,506.71,543.3848,517.26,2023-04-07 14:14:10
MXP,Zanzibar,Tanzânia,2023,11,507.56,557.4885714285714,543.62,2023-04-07 14:14:10
MXP,Colombo,Sri Lanka,2023,3,507.56,756.9589189189189,718.525,2023-04-07 14:14:10
MXP,Kigali,Ruanda,2023,5,507.81,597.7015384615385,601.73,2023-04-07 14:14:10
MXP,Fort Myers,Estados Unidos,2023,10,507.96,509.53333333333336,509.34,2023-04-07 14:14:10
MXP,Alta,Noruega,2023,7,508.24,510.03999999999996,510.03999999999996,2023-04-07 14:14:10
MXP,Colombo,Sri Lanka,2023,2,508.27,680.318,675.03,2023-04-07 14:14:10
MXP,San Jose,Estados Unidos,2023,10,508.69,514.0,515.77,2023-04-07 14:14:10
MXP,San Jose,Estados Unidos,2023,9,509.23,719.6804347826088,582.53,2023-04-07 14:14:10
MXP,Santa Ana,Estados Unidos,2023,10,509.3,552.5915384615384,537.75,2023-04-07 14:14:10
MXP,Namsos,Noruega,2023,6,509.3,511.0954545454546,511.02,2023-04-07 14:14:10
MXP,Rijeka,Croácia,2023,4,509.34,574.9466666666666,509.82,2023-04-07 14:14:10
MXP,Nova Orleães,Estados Unidos,2023,11,509.43,509.43,509.43,2023-04-07 14:14:10
MXP,Hong Kong,Hong Kong,2024,3,510.05,512.9979999999999,511.06,2023-04-07 14:14:10
MXP,Punta Cana,República Dominicana,2023,3,510.06,687.1002298850575,629.75,2023-04-07 14:14:10
MXP,Amritsar,Índia,2023,1,510.11,983.076,1296.9,2023-04-07 14:14:10
MXP,Asmara,Eritreia,2023,10,510.14,510.14000000000004,510.14,2023-04-07 14:14:10
MXP,Leknes,Noruega,2023,3,510.16,510.16,510.16,2023-04-07 14:14:10
MXP,Iaundé,Camarões,2023,3,510.23,857.5781318681319,649.89,2023-04-07 14:14:10
MXP,Skellefteå,Suécia,2023,4,510.26,510.2675,510.26,2023-04-07 14:14:10
MXP,Nova Orleães,Estados Unidos,2023,6,510.53,569.1608333333334,579.28,2023-04-07 14:14:10
MXP,Svolvær,Noruega,2023,8,511.05,1026.759,1038.555,2023-04-07 14:14:10
MXP,Lagos,Nigéria,2024,2,511.06,511.06,511.06,2023-04-07 14:14:10
MXP,Chattanooga,Estados Unidos,2023,3,511.24,516.155,512.01,2023-04-07 14:14:10
MXP,Acra,Gana,2023,6,511.6,511.6,511.6,2023-04-07 14:14:10
MXP,Manila,Filipinas,2023,6,511.65,655.3738461538462,516.06,2023-04-07 14:14:10
MXP,Luanda,Angola,2023,3,511.79,992.6421212121212,614.38,2023-04-07 14:14:10
MXP,Lerwick,Reino Unido,2023,8,512.09,686.9376666666667,747.02,2023-04-07 14:14:10
MXP,Charlotte,Estados Unidos,2023,4,512.21,545.172602739726,538.07,2023-04-07 14:14:10
MXP,Nova Orleães,Estados Unidos,2023,9,512.35,560.1706666666666,522.22,2023-04-07 14:14:10
MXP,Fort Myers,Estados Unidos,2023,9,512.49,512.49,512.49,2023-04-07 14:14:10
MXP,Mombaça,Quénia,2023,7,512.57,714.8281818181819,515.77,2023-04-07 14:14:10
MXP,Svolvær,Noruega,2023,3,512.95,1656.342142857143,1667.7,2023-04-07 14:14:10
MXP,Addis Abeba,Etiópia,2023,7,513.42,592.49875,516.89,2023-04-07 14:14:10
MXP,Bangalore,Índia,2023,6,513.81,591.375,591.375,2023-04-07 14:14:10
MXP,Manila,Filipinas,2023,5,513.91,733.6292682926829,730.79,2023-04-07 14:14:10
MXP,Luxor,Egito,2024,2,513.93,514.566,514.99,2023-04-07 14:14:10
MXP,Savannah,Estados Unidos,2023,2,513.94,604.3843333333333,602.57,2023-04-07 14:14:10
MXP,Las Vegas,Estados Unidos,2023,2,513.94,598.9426315789474,624.71,2023-04-07 14:14:10
MXP,Entebbe,Uganda,2023,9,514.07,514.202,514.29,2023-04-07 14:14:10
MXP,Tashkent,Uzbequistão,2023,3,514.13,608.6608108108109,594.96,2023-04-07 14:14:10
MXP,Bangalore,Índia,2023,3,514.14,713.5998387096774,629.38,2023-04-07 14:14:10
MXP,Savannah,Estados Unidos,2023,3,514.18,538.9036842105263,518.94,2023-04-07 14:14:10
MXP,Gaziantep,Turquia,2023,8,514.22,549.1135294117647,519.73,2023-04-07 14:14:10
MXP,Cartum,Sudão,2023,10,514.58,515.8100000000001,515.97,2023-04-07 14:14:10
MXP,Nairobi,Quénia,2023,2,514.66,684.2841176470588,648.67,2023-04-07 14:14:10
MXP,Greenville,Estados Unidos,2023,3,515.03,803.3457142857143,749.8,2023-04-07 14:14:10
MXP,Mombaça,Quénia,2024,1,515.29,662.5359090909092,578.5250000000001,2023-04-07 14:14:10
MXP,Lakselv,Noruega,2023,6,515.66,519.4333333333333,521.33,2023-04-07 14:14:10
MXP,Detroit,Estados Unidos,2023,2,515.73,635.6750000000001,633.89,2023-04-07 14:14:10
MXP,Dakhla,Sara Ocidental,2023,8,515.73,634.1083333333333,640.03,2023-04-07 14:14:10
MXP,Victoria,Seicheles,2023,6,515.81,577.6528301886792,561.28,2023-04-07 14:14:10
MXP,Rorvik,Noruega,2023,6,515.82,517.6336363636364,517.56,2023-04-07 14:14:10
MXP,Hong Kong,Hong Kong,2023,2,515.83,771.7363636363636,766.005,2023-04-07 14:14:10
MXP,Charleston,Estados Unidos,2023,3,515.96,621.2581666666666,562.98,2023-04-07 14:14:10
MXP,Nur-Sultan,Cazaquistão,2023,3,516.0,762.20375,684.87,2023-04-07 14:14:10
MXP,Longyearbyen,Noruega,2023,5,516.13,574.3007692307692,544.49,2023-04-07 14:14:10
MXP,Tampa,Estados Unidos,2023,5,516.25,640.6675757575757,606.84,2023-04-07 14:14:10
MXP,Chattanooga,Estados Unidos,2023,1,516.49,520.1700000000001,520.1700000000001,2023-04-07 14:14:10
MXP,Kigali,Ruanda,2023,3,516.49,685.5354901960784,574.48,2023-04-07 14:14:10
MXP,Gizé,Egito,2023,4,516.51,609.4484615384615,643.38,2023-04-07 14:14:10
MXP,Boston,Estados Unidos,2023,1,516.71,599.19,599.19,2023-04-07 14:14:10
MXP,Oostende,Bélgica,2023,5,516.73,530.4726315789474,527.68,2023-04-07 14:14:10
MXP,Burbank,Estados Unidos,2023,3,516.91,809.1745945945946,811.89,2023-04-07 14:14:10
MXP,Charlotte,Estados Unidos,2023,6,517.17,558.7571428571429,575.52,2023-04-07 14:14:10
MXP,Fort Myers,Estados Unidos,2023,4,517.5,566.9365714285714,523.1,2023-04-07 14:14:10
MXP,Victoria,Seicheles,2023,5,517.54,628.6044642857142,589.515,2023-04-07 14:14:10
MXP,Memphis,Estados Unidos,2023,9,517.56,521.7730769230769,518.09,2023-04-07 14:14:10
MXP,Raleigh,Estados Unidos,2023,4,517.57,543.3958163265306,543.47,2023-04-07 14:14:10
MXP,Myrtle Beach,Estados Unidos,2023,2,517.59,519.025,519.01,2023-04-07 14:14:10
MXP,Lahore,Paquistão,2023,9,517.6,662.39375,628.61,2023-04-07 14:14:10
MXP,Incheon,Coreia do Sul,2024,1,517.62,517.62,517.62,2023-04-07 14:14:10
MXP,Seul,Coreia do Sul,2024,1,517.62,517.62,517.62,2023-04-07 14:14:10
MXP,Mombaça,Quénia,2023,5,517.75,550.5993333333333,544.26,2023-04-07 14:14:10
MXP,Tampa,Estados Unidos,2023,9,517.82,567.380625,526.15,2023-04-07 14:14:10
MXP,Nova Deli,Índia,2023,6,517.86,546.7314285714286,533.63,2023-04-07 14:14:10
MXP,San Sebastián de la Gomera,Espanha,2023,9,518.09,519.9333333333333,519.81,2023-04-07 14:14:10
MXP,Victoria,Seicheles,2023,8,518.42,782.0233333333332,769.495,2023-04-07 14:14:10
MXP,Victoria,Seicheles,2023,7,518.42,566.6717391304348,559.34,2023-04-07 14:14:10
MXP,Maceió,Brasil,2023,11,518.42,521.0985714285714,522.17,2023-04-07 14:14:10
MXP,Samarcanda,Uzbequistão,2023,4,518.53,921.9257547169811,817.25,2023-04-07 14:14:10
MXP,Lahore,Paquistão,2023,3,518.53,806.5963636363635,715.57,2023-04-07 14:14:10
MXP,Baltimore,Estados Unidos,2023,9,518.73,650.1428571428571,523.54,2023-04-07 14:14:10
MXP,Columbia,Estados Unidos,2023,3,518.74,521.9245454545454,518.75,2023-04-07 14:14:10
MXP,Melbourne,Estados Unidos,2023,4,518.74,692.1122641509434,756.32,2023-04-07 14:14:10
MXP,Patras,Grécia,2023,5,518.75,520.01875,520.38,2023-04-07 14:14:10
MXP,Dallas,Estados Unidos,2023,3,518.79,782.6197345132744,685.49,2023-04-07 14:14:10
MXP,Kuusamo,Finlândia,2023,6,518.84,520.47625,520.14,2023-04-07 14:14:10
MXP,Filadélfia,Estados Unidos,2023,6,519.42,563.2370588235294,547.33,2023-04-07 14:14:10
MXP,Annaba,Argélia,2023,4,519.73,519.73,519.73,2023-04-07 14:14:10
MXP,Fayetteville,Estados Unidos,2023,3,519.86,579.1096428571428,577.615,2023-04-07 14:14:10
MXP,Fayetteville,Estados Unidos,2023,4,519.91,638.1625423728813,663.69,2023-04-07 14:14:10
MXP,Nashville,Estados Unidos,2023,5,520.13,528.3404347826087,521.49,2023-04-07 14:14:10
MXP,Knoxville,Estados Unidos,2023,3,520.17,853.4864285714285,522.87,2023-04-07 14:14:10
MXP,Tashkent,Uzbequistão,2023,2,520.2,572.0678260869565,588.69,2023-04-07 14:14:10
MXP,Banguecoque,Tailândia,2023,5,520.32,622.4189130434783,615.59,2023-04-07 14:14:10
MXP,Kirkenes,Noruega,2023,3,520.4,521.4110000000001,521.6,2023-04-07 14:14:10
MXP,Bishkek,Quirguizistão,2023,5,520.44,590.3272727272728,566.11,2023-04-07 14:14:10
MXP,Cartum,Sudão,2023,9,520.47,522.894,523.125,2023-04-07 14:14:10
MXP,Katmandu,Nepal,2023,3,520.68,850.6552238805971,803.74,2023-04-07 14:14:10
MXP,Errachidia,Marrocos,2023,8,520.78,521.7488888888888,521.85,2023-04-07 14:14:10
MXP,Suceava,Roménia,2023,9,520.8,520.8,520.8,2023-04-07 14:14:10
MXP,Banguecoque,Tailândia,2023,9,520.83,589.7645098039216,590.37,2023-04-07 14:14:10
MXP,Vasco da Gama,Índia,2023,5,521.18,709.2705882352941,730.57,2023-04-07 14:14:10
MXP,Bishkek,Quirguizistão,2024,1,521.23,522.0566666666667,522.47,2023-04-07 14:14:10
MXP,Long Beach,Estados Unidos,2023,5,521.49,904.6995833333334,887.26,2023-04-07 14:14:10
MXP,Long Beach,Estados Unidos,2023,2,521.49,728.43,761.145,2023-04-07 14:14:10
MXP,Carachi,Paquistão,2023,2,521.49,712.0027586206897,635.73,2023-04-07 14:14:10
MXP,Singapura,Singapura,2023,6,522.01,657.2979487179487,548.54,2023-04-07 14:14:10
MXP,Houston,Estados Unidos,2023,5,522.04,849.2771153846154,698.89,2023-04-07 14:14:10
MXP,Victoria,Seicheles,2023,11,522.67,565.9983333333333,543.605,2023-04-07 14:14:10
MXP,Agadir,Marrocos,2023,8,522.8,746.26125,761.71,2023-04-07 14:14:10
MXP,Abu Simbel,Egito,2023,5,522.95,523.5925,523.62,2023-04-07 14:14:10
MXP,Banguecoque,Tailândia,2023,4,523.55,679.8788372093023,673.43,2023-04-07 14:14:10
MXP,Joanesburgo,África do Sul,2023,11,523.78,563.5966666666667,536.91,2023-04-07 14:14:10
MXP,Addis Abeba,Etiópia,2023,1,523.85,1326.356,1861.36,2023-04-07 14:14:10
MXP,Punta Cana,República Dominicana,2023,1,523.87,586.7133333333333,525.1,2023-04-07 14:14:10
MXP,Kuusamo,Finlândia,2023,4,523.89,718.4686666666668,526.0,2023-04-07 14:14:10
MXP,Lagos,Nigéria,2024,1,524.11,524.11,524.11,2023-04-07 14:14:10
MXP,Singapura,Singapura,2023,3,524.41,704.4103636363636,623.17,2023-04-07 14:14:10
MXP,Nur-Sultan,Cazaquistão,2023,8,524.41,757.1671428571428,756.7149999999999,2023-04-07 14:14:10
MXP,Charleston,Estados Unidos,2023,5,525.12,661.6442553191489,551.57,2023-04-07 14:14:10
MXP,Colombo,Sri Lanka,2023,5,525.45,621.2524999999999,603.525,2023-04-07 14:14:10
MXP,Sharm El Sheikh,Egito,2023,8,525.49,525.49,525.49,2023-04-07 14:14:10
MXP,Rabil,Cabo Verde,2023,5,525.58,744.5011363636363,731.105,2023-04-07 14:14:10
MXP,Amritsar,Índia,2023,3,525.91,815.140625,779.95,2023-04-07 14:14:10
MXP,Addis Abeba,Etiópia,2023,2,526.03,3643.89,4679.19,2023-04-07 14:14:10
MXP,West Palm Beach,Estados Unidos,2023,11,526.3,549.7085714285714,529.59,2023-04-07 14:14:10
MXP,Nassau,Bahamas,2023,3,526.34,807.1295238095239,897.11,2023-04-07 14:14:10
MXP,Samarcanda,Uzbequistão,2023,6,526.4,639.326,637.41,2023-04-07 14:14:10
MXP,Sarasota,Estados Unidos,2023,5,526.7,533.759375,533.0799999999999,2023-04-07 14:14:10
MXP,Amritsar,Índia,2023,6,526.79,620.89,526.79,2023-04-07 14:14:10
MXP,Santo Domingo,República Dominicana,2023,10,527.54,587.9884615384616,604.95,2023-04-07 14:14:10
MXP,Nashville,Estados Unidos,2023,10,527.63,532.838888888889,532.31,2023-04-07 14:14:10
MXP,Kajaani,Finlândia,2024,1,527.63,528.0500000000001,527.63,2023-04-07 14:14:10
MXP,Asmara,Eritreia,2023,5,527.63,527.88,527.88,2023-04-07 14:14:10
MXP,Antuérpia,Bélgica,2023,7,527.75,881.0490000000001,698.5,2023-04-07 14:14:10
MXP,Singapura,Singapura,2023,5,527.81,607.8539506172839,596.79,2023-04-07 14:14:10
MXP,Indianápolis,Estados Unidos,2023,3,528.01,773.8460273972603,780.16,2023-04-07 14:14:10
MXP,Kinshasa,República Democrática do Congo,2023,2,528.17,718.954347826087,743.37,2023-04-07 14:14:10
MXP,Fortaleza,Brasil,2023,11,528.22,574.3647619047618,532.13,2023-04-07 14:14:10
MXP,Orlando,Estados Unidos,2023,6,528.22,550.225,550.84,2023-04-07 14:14:10
MXP,Knoxville,Estados Unidos,2023,4,528.43,554.0646153846154,532.37,2023-04-07 14:14:10
MXP,Mombaça,Quénia,2023,4,528.44,682.5192307692307,686.2049999999999,2023-04-07 14:14:10
MXP,Niamey,Níger,2023,3,528.54,576.5533333333333,531.9,2023-04-07 14:14:10
MXP,Almaty,Cazaquistão,2023,6,528.66,649.8588888888888,641.72,2023-04-07 14:14:10
MXP,Victoria,Seicheles,2023,9,528.68,570.301052631579,546.37,2023-04-07 14:14:10
MXP,Zanzibar,Tanzânia,2024,1,528.72,552.7883333333334,538.7,2023-04-07 14:14:10
MXP,Chennai,Índia,2023,3,528.85,1010.8858,1047.33,2023-04-07 14:14:10
MXP,Luanda,Angola,2023,9,528.94,579.0388888888889,553.4,2023-04-07 14:14:10
MXP,Montgomery,Estados Unidos,2023,3,528.94,531.396,531.3299999999999,2023-04-07 14:14:10
MXP,Raleigh,Estados Unidos,2023,6,529.21,786.6211111111111,530.54,2023-04-07 14:14:10
MXP,Doha,Catar,2023,10,529.23,539.938,530.38,2023-04-07 14:14:10
MXP,Halifax,Canadá,2023,1,529.36,719.7333333333332,743.49,2023-04-07 14:14:10
MXP,Nassau,Bahamas,2023,10,529.37,696.8227777777778,674.245,2023-04-07 14:14:10
MXP,Maputo,Moçambique,2023,3,529.67,721.8551282051282,695.86,2023-04-07 14:14:10
MXP,Wilmington,Estados Unidos,2023,6,529.76,854.0277777777778,828.67,2023-04-07 14:14:10
MXP,Columbus,Estados Unidos,2023,3,529.85,643.9545,696.51,2023-04-07 14:14:10
MXP,Fort Myers,Estados Unidos,2023,5,530.51,570.595,586.71,2023-04-07 14:14:10
MXP,Winnipeg,Canadá,2023,3,530.59,906.5548,663.0,2023-04-07 14:14:10
MXP,Little Rock,Estados Unidos,2023,3,530.71,533.185,533.42,2023-04-07 14:14:10
MXP,Little Rock,Estados Unidos,2023,2,530.79,533.0345454545454,532.46,2023-04-07 14:14:10
MXP,Victoria,Seicheles,2023,4,531.11,746.2352307692308,639.65,2023-04-07 14:14:10
MXP,San Juan,Porto Rico,2023,2,531.2,651.5022580645161,640.33,2023-04-07 14:14:10
MXP,Jacksonville,Estados Unidos,2023,5,531.29,531.7242857142857,531.29,2023-04-07 14:14:10
MXP,Melbourne,Estados Unidos,2023,5,531.32,531.6157142857143,531.39,2023-04-07 14:14:10
MXP,Daytona Beach,Estados Unidos,2023,5,531.32,531.6157142857143,531.39,2023-04-07 14:14:10
MXP,Atlanta,Estados Unidos,2024,2,531.39,531.39,531.39,2023-04-07 14:14:10
MXP,Victoria,Seicheles,2023,10,531.8,636.7881818181818,589.83,2023-04-07 14:14:10
MXP,Orlando,Estados Unidos,2023,5,532.2,604.9916666666667,580.1199999999999,2023-04-07 14:14:10
MXP,Filadélfia,Estados Unidos,2023,9,532.43,551.135,553.78,2023-04-07 14:14:10
MXP,Bridgetown,Barbados,2023,4,532.46,946.6339726027397,903.4,2023-04-07 14:14:10
MXP,Filadélfia,Estados Unidos,2023,4,532.46,561.4682474226804,553.54,2023-04-07 14:14:10
MXP,Nova Orleães,Estados Unidos,2023,10,532.98,532.98,532.98,2023-04-07 14:14:10
MXP,Winnipeg,Canadá,2023,6,533.04,704.682,534.3,2023-04-07 14:14:10
MXP,Memphis,Estados Unidos,2023,10,533.27,533.8625,534.06,2023-04-07 14:14:10
MXP,Nova Orleães,Estados Unidos,2023,8,533.41,711.3942857142857,664.93,2023-04-07 14:14:10
MXP,Cartum,Sudão,2023,5,533.61,533.61,533.61,2023-04-07 14:14:10
MXP,Ontário,Estados Unidos,2023,5,533.97,881.9,618.8,2023-04-07 14:14:10
MXP,Ontário,Estados Unidos,2023,9,534.03,605.2733333333333,554.38,2023-04-07 14:14:10
MXP,Ontário,Estados Unidos,2023,10,534.08,928.2533333333332,889.595,2023-04-07 14:14:10
MXP,Salalah,Omã,2023,2,534.2,647.9121052631579,671.81,2023-04-07 14:14:10
MXP,Santa Ana,Estados Unidos,2023,9,534.53,584.039,554.38,2023-04-07 14:14:10
MXP,Greensboro,Estados Unidos,2023,4,534.59,662.7335714285715,696.63,2023-04-07 14:14:10
MXP,Rio de Janeiro,Brasil,2023,11,534.87,657.1632558139535,655.14,2023-04-07 14:14:10
MXP,Halifax,Canadá,2023,2,534.88,691.7863333333333,584.95,2023-04-07 14:14:10
MXP,Pittsburgh,Estados Unidos,2023,10,534.95,535.3733333333333,534.95,2023-04-07 14:14:10
MXP,Nur-Sultan,Cazaquistão,2024,2,534.96,535.2850000000001,535.2850000000001,2023-04-07 14:14:10
MXP,Banguecoque,Tailândia,2024,1,535.14,592.6848,586.34,2023-04-07 14:14:10
MXP,Memphis,Estados Unidos,2023,5,535.41,773.0872,911.69,2023-04-07 14:14:10
MXP,Filadélfia,Estados Unidos,2023,5,535.45,543.9625,544.19,2023-04-07 14:14:10
MXP,Charleston,Estados Unidos,2023,4,535.53,677.990576923077,564.545,2023-04-07 14:14:10
MXP,Malé,Maldivas,2023,8,535.79,535.995,535.995,2023-04-07 14:14:10
MXP,Filadélfia,Estados Unidos,2024,1,535.87,537.8725,538.54,2023-04-07 14:14:10
MXP,Antuérpia,Bélgica,2023,5,535.89,696.5792,781.25,2023-04-07 14:14:10
MXP,Filadélfia,Estados Unidos,2023,10,535.92,540.8309090909091,538.08,2023-04-07 14:14:10
MXP,Houston,Estados Unidos,2023,3,536.59,747.5993333333333,610.68,2023-04-07 14:14:10
MXP,Santa Ana,Estados Unidos,2023,5,536.74,881.6630000000001,792.475,2023-04-07 14:14:10
MXP,Melbourne,Estados Unidos,2023,9,536.81,536.81,536.81,2023-04-07 14:14:10
MXP,Filadélfia,Estados Unidos,2024,2,536.99,536.99,536.99,2023-04-07 14:14:10
MXP,Bolzano,Itália,2023,4,537.14,642.7514285714286,719.8599999999999,2023-04-07 14:14:10
MXP,Birmingham,Estados Unidos,2023,9,537.16,537.16,537.16,2023-04-07 14:14:10
MXP,Tashkent,Uzbequistão,2023,4,537.34,703.5040963855422,646.19,2023-04-07 14:14:10
MXP,Victoria,Seicheles,2023,3,537.4,677.724347826087,621.61,2023-04-07 14:14:10
MXP,Little Rock,Estados Unidos,2023,5,537.75,538.7333333333333,539.5,2023-04-07 14:14:10
MXP,Atlanta,Estados Unidos,2023,6,537.93,552.9714285714285,537.93,2023-04-07 14:14:10
MXP,Gainesville,Estados Unidos,2023,1,537.98,538.164,538.21,2023-04-07 14:14:10
MXP,Pointe-à-Pitre,Guadalupe,2023,6,538.16,700.5320634920636,658.1,2023-04-07 14:14:10
MXP,New Windsor,Estados Unidos,2023,8,538.21,841.7766666666666,912.01,2023-04-07 14:14:10
MXP,Kiruna,Suécia,2023,5,538.33,540.2940000000001,540.29,2023-04-07 14:14:10
MXP,Mombaça,Quénia,2023,11,538.55,573.6175675675676,565.07,2023-04-07 14:14:10
MXP,Sarasota,Estados Unidos,2023,2,538.55,765.0174193548387,741.53,2023-04-07 14:14:10
MXP,Antananarivo,Madagáscar,2023,3,539.6,752.8964102564103,743.35,2023-04-07 14:14:10
MXP,Long Beach,Estados Unidos,2023,1,539.77,707.7533333333334,735.22,2023-04-07 14:14:10
MXP,Baltimore,Estados Unidos,2023,10,539.94,544.3725000000001,539.94,2023-04-07 14:14:10
MXP,Jacksonville,Estados Unidos,2023,8,540.26,629.1111111111111,646.55,2023-04-07 14:14:10
MXP,Ahmedabad,Índia,2023,3,540.38,655.8607142857143,669.44,2023-04-07 14:14:10
MXP,Longyearbyen,Noruega,2023,2,540.38,626.760625,638.49,2023-04-07 14:14:10
MXP,Djanet,Argélia,2023,2,540.39,541.38,541.57,2023-04-07 14:14:10
MXP,Niamey,Níger,2023,5,540.61,610.332,543.76,2023-04-07 14:14:10
MXP,Denver,Estados Unidos,2023,2,540.65,706.604,740.165,2023-04-07 14:14:10
MXP,Winnipeg,Canadá,2023,10,540.91,541.4122222222222,541.47,2023-04-07 14:14:10
MXP,Amã,Jordânia,2023,8,540.96,540.96,540.96,2023-04-07 14:14:10
MXP,Exeter,Reino Unido,2023,4,540.97,593.1911764705883,637.29,2023-04-07 14:14:10
MXP,Carachi,Paquistão,2023,6,540.98,562.1033333333332,542.68,2023-04-07 14:14:10
MXP,Luxor,Egito,2023,9,541.25,653.0181818181818,677.0,2023-04-07 14:14:10
MXP,Maputo,Moçambique,2023,6,541.3,601.672105263158,641.13,2023-04-07 14:14:10
MXP,Alta,Noruega,2023,2,541.31,630.5611111111111,542.51,2023-04-07 14:14:10
MXP,Acra,Gana,2023,10,541.43,560.9646153846154,547.24,2023-04-07 14:14:10
MXP,Baltimore,Estados Unidos,2023,11,541.43,548.7525,541.5,2023-04-07 14:14:10
MXP,Punta Cana,República Dominicana,2023,4,541.57,806.0077272727272,686.8,2023-04-07 14:14:10
MXP,Osijek,Croácia,2023,3,541.6,547.1475,542.05,2023-04-07 14:14:10
MXP,Wausau,Estados Unidos,2023,4,541.62,545.1844444444445,545.72,2023-04-07 14:14:10
MXP,Punta Cana,República Dominicana,2023,5,541.66,754.9287096774194,688.51,2023-04-07 14:14:10
MXP,Asmara,Eritreia,2023,3,542.2,655.6023076923077,570.72,2023-04-07 14:14:10
MXP,Mombaça,Quénia,2023,6,542.32,621.3805,654.785,2023-04-07 14:14:10
MXP,Bangalore,Índia,2023,4,542.37,626.5558333333333,547.62,2023-04-07 14:14:10
MXP,Abu Simbel,Egito,2023,1,542.44,542.44,542.44,2023-04-07 14:14:10
MXP,Phuket,Tailândia,2023,7,542.44,766.5242857142857,830.33,2023-04-07 14:14:10
MXP,Oakland,Estados Unidos,2023,5,542.54,1033.7522988505748,1054.53,2023-04-07 14:14:10
MXP,São Pedro,Cabo Verde,2023,5,542.68,662.7089285714285,626.11,2023-04-07 14:14:10
MXP,Mombaça,Quénia,2023,12,542.82,599.8103225806451,544.28,2023-04-07 14:14:10
MXP,Rabil,Cabo Verde,2023,6,543.3,836.7933333333334,710.0,2023-04-07 14:14:10
MXP,Banjul,Gâmbia,2023,9,543.69,544.61125,544.92,2023-04-07 14:14:10
MXP,Toronto,Canadá,2023,1,544.06,551.4933333333333,545.9,2023-04-07 14:14:10
MXP,Nur-Sultan,Cazaquistão,2023,6,544.09,663.8834615384616,704.505,2023-04-07 14:14:10
MXP,Ontário,Estados Unidos,2023,4,544.24,717.9089743589744,687.365,2023-04-07 14:14:10
MXP,Bucara,Uzbequistão,2023,4,544.24,767.685945945946,797.87,2023-04-07 14:14:10
MXP,Dallas,Estados Unidos,2023,4,544.28,681.9135779816514,658.61,2023-04-07 14:14:10
MXP,Columbus,Estados Unidos,2023,2,544.33,544.355,544.355,2023-04-07 14:14:10
MXP,Cancún,México,2023,3,544.68,693.857027027027,618.06,2023-04-07 14:14:10
MXP,Pointe-à-Pitre,Guadalupe,2023,10,544.68,635.3114285714286,547.49,2023-04-07 14:14:10
MXP,Memphis,Estados Unidos,2023,3,544.68,701.3925,564.71,2023-04-07 14:14:10
MXP,Lahore,Paquistão,2023,6,544.68,579.395,544.69,2023-04-07 14:14:10
MXP,Nur-Sultan,Cazaquistão,2023,11,544.78,545.48875,545.11,2023-04-07 14:14:10
MXP,Chattanooga,Estados Unidos,2023,4,544.97,545.49125,545.2,2023-04-07 14:14:10
MXP,Winnipeg,Canadá,2023,12,545.2,546.04,546.04,2023-04-07 14:14:10
MXP,Phuket,Tailândia,2023,5,545.4,683.0261445783133,700.46,2023-04-07 14:14:10
MXP,Sydney,Canadá,2023,3,545.47,555.2688235294117,547.56,2023-04-07 14:14:10
MXP,Myrtle Beach,Estados Unidos,2023,3,545.6,545.7966666666666,545.61,2023-04-07 14:14:10
MXP,Nassau,Bahamas,2023,11,545.95,672.2372727272727,550.83,2023-04-07 14:14:10
MXP,Jacksonville,Estados Unidos,2023,3,546.06,568.0600000000001,560.19,2023-04-07 14:14:10
MXP,Mombaça,Quénia,2023,9,546.19,668.9399999999999,590.65,2023-04-07 14:14:10
MXP,Cancún,México,2023,2,546.25,620.641052631579,595.91,2023-04-07 14:14:10
MXP,Abu Simbel,Egito,2023,2,546.32,546.4711111111111,546.49,2023-04-07 14:14:10
MXP,St John's,Canadá,2023,3,546.53,546.7266666666667,546.54,2023-04-07 14:14:10
MXP,Assuão,Egito,2024,2,547.03,548.0575,547.77,2023-04-07 14:14:10
MXP,Tóquio,Japão,2023,6,547.03,827.1242592592592,844.7049999999999,2023-04-07 14:14:10
MXP,Lima,Perú,2023,3,547.08,676.55703125,606.235,2023-04-07 14:14:10
MXP,Punta Cana,República Dominicana,2023,12,547.47,833.0737037037038,776.08,2023-04-07 14:14:10
MXP,Ras Al Khaimah,Emirados Árabes Unidos,2023,10,547.47,554.8469230769231,549.19,2023-04-07 14:14:10
MXP,Niamey,Níger,2023,10,547.82,549.8018181818182,549.45,2023-04-07 14:14:10
MXP,Tashkent,Uzbequistão,2023,8,547.84,945.066111111111,913.98,2023-04-07 14:14:10
MXP,Bangalore,Índia,2023,2,548.33,726.9266176470588,665.72,2023-04-07 14:14:10
MXP,Victoria,Seicheles,2023,12,548.41,1385.04,1457.685,2023-04-07 14:14:10
MXP,Patna,Índia,2023,1,548.87,549.6033333333334,549.58,2023-04-07 14:14:10
MXP,Montego Bay,Jamaica,2023,1,548.94,548.94,548.94,2023-04-07 14:14:10
MXP,Chennai,Índia,2023,2,548.96,670.5458620689656,640.09,2023-04-07 14:14:10
MXP,Fort Lauderdale,Estados Unidos,2024,2,549.18,549.18,549.18,2023-04-07 14:14:10
MXP,Colombo,Sri Lanka,2023,4,549.2,767.4775000000001,707.95,2023-04-07 14:14:10
MXP,Bogotá,Colômbia,2023,10,549.56,640.8000000000001,631.73,2023-04-07 14:14:10
MXP,Cidade do Cabo,África do Sul,2023,6,549.73,609.2688888888889,595.6,2023-04-07 14:14:10
MXP,Tampa,Estados Unidos,2023,10,549.86,572.318,577.99,2023-04-07 14:14:10
MXP,Rorvik,Noruega,2023,9,550.49,550.8666666666667,551.01,2023-04-07 14:14:10
MXP,Wilmington,Estados Unidos,2023,5,550.55,948.9572857142856,784.47,2023-04-07 14:14:10
MXP,Singapura,Singapura,2023,4,550.62,721.414,650.49,2023-04-07 14:14:10
MXP,Santo Domingo,República Dominicana,2023,6,550.79,767.68,700.1,2023-04-07 14:14:10
MXP,Arusha,Tanzânia,2023,5,550.84,637.1803225806451,601.29,2023-04-07 14:14:10
MXP,Kastelorizo,Grécia,2023,4,551.31,551.31,551.31,2023-04-07 14:14:10
MXP,Memphis,Estados Unidos,2023,2,551.39,551.7725,551.505,2023-04-07 14:14:10
MXP,Cap Skirring,Senegal,2023,5,551.39,551.995,551.54,2023-04-07 14:14:10
MXP,Daytona Beach,Estados Unidos,2023,4,551.41,729.040606060606,757.15,2023-04-07 14:14:10
MXP,Longyearbyen,Noruega,2024,1,551.62,551.62,551.62,2023-04-07 14:14:10
MXP,Nova Orleães,Estados Unidos,2023,5,551.62,577.3407692307693,573.91,2023-04-07 14:14:10
MXP,Tampa,Estados Unidos,2023,4,551.62,656.4716161616162,613.18,2023-04-07 14:14:10
MXP,Jacksonville,Estados Unidos,2023,4,551.98,683.1622807017544,663.78,2023-04-07 14:14:10
MXP,Maputo,Moçambique,2023,11,552.13,563.2583333333333,555.31,2023-04-07 14:14:10
MXP,Luanda,Angola,2023,4,552.23,612.1644444444444,558.23,2023-04-07 14:14:10
MXP,Thiruvananthapuram,Índia,2023,3,552.52,1477.341851851852,1101.1,2023-04-07 14:14:10
MXP,Cleveland,Estados Unidos,2023,4,552.62,773.1903571428572,745.28,2023-04-07 14:14:10
MXP,Filadélfia,Estados Unidos,2023,12,552.69,678.01,718.39,2023-04-07 14:14:10
MXP,Santa Cruz da Graciosa,Portugal,2023,8,552.93,763.7381818181819,782.33,2023-04-07 14:14:10
MXP,Lucknow,Índia,2023,7,553.16,586.5683333333333,602.29,2023-04-07 14:14:10
MXP,Taif,Arábia Saudita,2023,10,553.38,774.9705263157895,745.94,2023-04-07 14:14:10
MXP,Norfolk,Estados Unidos,2023,3,553.49,603.3822222222223,566.73,2023-04-07 14:14:10
MXP,Punta Cana,República Dominicana,2024,1,553.49,683.7891666666666,724.54,2023-04-07 14:14:10
MXP,Ras Al Khaimah,Emirados Árabes Unidos,2023,11,553.65,555.1422222222222,553.65,2023-04-07 14:14:10
MXP,Cotonou,Benin,2023,2,553.68,659.8765625,657.3,2023-04-07 14:14:10
MXP,Cotonou,Benin,2023,5,553.82,554.2377777777779,553.86,2023-04-07 14:14:10
MXP,Santo Domingo,República Dominicana,2023,4,553.85,671.5920689655173,647.41,2023-04-07 14:14:10
MXP,Asheville,Estados Unidos,2023,4,554.11,556.39,556.74,2023-04-07 14:14:10
MXP,Banjul,Gâmbia,2023,7,554.26,564.3175,554.31,2023-04-07 14:14:10
MXP,Burbank,Estados Unidos,2023,9,554.38,945.194375,1034.29,2023-04-07 14:14:10
MXP,New Bern,Estados Unidos,2023,3,554.42,555.4933333333333,556.06,2023-04-07 14:14:10
MXP,Nur-Sultan,Cazaquistão,2023,5,554.45,767.5022222222223,593.31,2023-04-07 14:14:10
MXP,Greenville,Estados Unidos,2023,6,554.56,555.5911111111111,555.7,2023-04-07 14:14:10
MXP,Lima,Perú,2023,12,554.6,780.9557142857144,829.27,2023-04-07 14:14:10
MXP,Halifax,Canadá,2023,3,554.76,555.825,555.825,2023-04-07 14:14:10
MXP,Duala,Camarões,2023,9,554.77,556.955,557.63,2023-04-07 14:14:10
MXP,Punta Cana,República Dominicana,2023,11,554.77,655.870625,646.37,2023-04-07 14:14:10
MXP,Svolvær,Noruega,2023,7,554.93,621.75,653.19,2023-04-07 14:14:10
MXP,Gizé,Egito,2023,8,555.22,556.125,556.125,2023-04-07 14:14:10
MXP,Cidade do Cabo,África do Sul,2023,5,555.29,608.4278571428572,590.095,2023-04-07 14:14:10
MXP,Manila,Filipinas,2023,4,555.34,879.796393442623,824.67,2023-04-07 14:14:10
MXP,Katmandu,Nepal,2023,5,555.41,740.5932,750.78,2023-04-07 14:14:10
MXP,Santiago,Chile,2023,9,555.86,793.182962962963,824.92,2023-04-07 14:14:10
MXP,Isle of Islay,Reino Unido,2023,3,556.01,557.0333333333333,557.23,2023-04-07 14:14:10
MXP,Cap Skirring,Senegal,2023,4,556.48,775.933076923077,814.55,2023-04-07 14:14:10
MXP,Fortaleza,Brasil,2023,10,556.64,2309.6733333333336,556.66,2023-04-07 14:14:10
MXP,Savannah,Estados Unidos,2023,9,556.73,556.73,556.73,2023-04-07 14:14:10
MXP,Mombaça,Quénia,2023,10,556.78,631.6520547945205,591.16,2023-04-07 14:14:10
MXP,São Diego,Estados Unidos,2023,3,556.84,788.1279166666667,708.38,2023-04-07 14:14:10
MXP,Ottawa,Canadá,2024,2,557.03,559.0749999999999,557.03,2023-04-07 14:14:10
MXP,Santa Ana,Estados Unidos,2023,8,557.03,592.702,561.06,2023-04-07 14:14:10
MXP,Duala,Camarões,2023,4,557.81,701.5234375,723.765,2023-04-07 14:14:10
MXP,Dakhla,Sara Ocidental,2023,7,557.81,558.3375,558.33,2023-04-07 14:14:10
MXP,Islamabad,Paquistão,2023,3,558.05,770.0377419354838,645.28,2023-04-07 14:14:10
MXP,Baton Rouge,Estados Unidos,2023,4,558.15,558.1700000000001,558.1700000000001,2023-04-07 14:14:10
MXP,Kirkenes,Noruega,2023,2,558.15,660.1936363636364,682.44,2023-04-07 14:14:10
MXP,Kruunupyy de Kokkola / Pietarsaari,Finlândia,2023,5,558.2,558.2,558.2,2023-04-07 14:14:10
MXP,Buenos Aires,Argentina,2023,6,558.31,840.645,837.56,2023-04-07 14:14:10
MXP,Colombo,Sri Lanka,2023,6,558.33,636.266129032258,646.51,2023-04-07 14:14:10
MXP,Dar Es Salaam,Tanzânia,2023,11,558.45,558.45,558.45,2023-04-07 14:14:10
MXP,Arusha,Tanzânia,2023,3,558.73,611.0970588235294,564.86,2023-04-07 14:14:10
MXP,Greensboro,Estados Unidos,2023,3,559.2,725.5286666666667,769.76,2023-04-07 14:14:10
MXP,Nouakchott,Mauritânia,2023,3,559.25,559.5033333333333,559.25,2023-04-07 14:14:10
MXP,Punta Cana,República Dominicana,2023,10,559.25,773.0909090909091,767.66,2023-04-07 14:14:10
MXP,Dar Es Salaam,Tanzânia,2023,12,559.5,1007.8666666666668,1111.615,2023-04-07 14:14:10
MXP,Duala,Camarões,2023,5,559.51,641.4226470588235,609.67,2023-04-07 14:14:10
MXP,Ottawa,Canadá,2023,3,559.58,1020.9352,707.13,2023-04-07 14:14:10
MXP,Orlando,Estados Unidos,2023,12,559.69,571.3000000000001,572.26,2023-04-07 14:14:10
MXP,Bogotá,Colômbia,2023,5,559.76,722.23175,735.75,2023-04-07 14:14:10
MXP,Adana,Turquia,2023,9,559.99,560.01,560.01,2023-04-07 14:14:10
MXP,Ottawa,Canadá,2023,6,560.51,716.345625,786.0,2023-04-07 14:14:10
MXP,Cancún,México,2023,1,560.61,561.42,561.76,2023-04-07 14:14:10
MXP,Banguecoque,Tailândia,2023,6,560.74,638.5186486486487,617.09,2023-04-07 14:14:10
MXP,Nassau,Bahamas,2023,2,560.97,763.9425806451613,757.09,2023-04-07 14:14:10
MXP,Bolzano,Itália,2023,3,561.12,631.2122857142857,582.59,2023-04-07 14:14:10
MXP,Cidade do Cabo,África do Sul,2023,3,561.29,660.6307843137255,660.14,2023-04-07 14:14:10
MXP,Zanzibar,Tanzânia,2023,7,561.48,754.4788888888888,659.35,2023-04-07 14:14:10
MXP,Dammam,Arábia Saudita,2023,8,561.94,615.37,561.94,2023-04-07 14:14:10
MXP,Iaundé,Camarões,2023,4,562.4,797.7230555555556,842.565,2023-04-07 14:14:10
MXP,Arusha,Tanzânia,2023,2,562.4,841.5208333333334,715.65,2023-04-07 14:14:10
MXP,Quebec,Canadá,2023,6,562.89,686.3614285714285,624.69,2023-04-07 14:14:10
MXP,Joanesburgo,África do Sul,2023,12,562.91,727.475,659.415,2023-04-07 14:14:10
MXP,Riade,Arábia Saudita,2023,8,563.05,602.054,621.49,2023-04-07 14:14:10
MXP,Riade,Arábia Saudita,2023,12,563.2,563.2,563.2,2023-04-07 14:14:10
MXP,Phuket,Tailândia,2023,6,563.32,671.941,670.95,2023-04-07 14:14:10
MXP,Orlando,Estados Unidos,2024,1,563.57,577.5114285714286,579.85,2023-04-07 14:14:10
MXP,Nairobi,Quénia,2023,8,563.66,959.2800000000001,1005.595,2023-04-07 14:14:10
MXP,West Palm Beach,Estados Unidos,2023,8,563.73,780.0827777777778,761.36,2023-04-07 14:14:10
MXP,Acra,Gana,2023,9,563.82,624.76,659.61,2023-04-07 14:14:10
MXP,Charleston,Estados Unidos,2023,6,563.82,608.3961538461539,568.19,2023-04-07 14:14:10
MXP,Nouakchott,Mauritânia,2023,4,563.83,900.9826666666667,966.61,2023-04-07 14:14:10
MXP,Svolvær,Noruega,2023,4,564.14,758.7538235294118,743.25,2023-04-07 14:14:10
MXP,Pointe-à-Pitre,Guadalupe,2023,11,564.24,705.6149999999999,564.89,2023-04-07 14:14:10
MXP,Hambantota,Sri Lanka,2023,8,564.32,570.944,571.4649999999999,2023-04-07 14:14:10
MXP,Seul,Coreia do Sul,2023,4,564.47,728.3371739130436,658.27,2023-04-07 14:14:10
MXP,Incheon,Coreia do Sul,2023,4,564.47,729.924888888889,658.27,2023-04-07 14:14:10
MXP,Salvador,Brasil,2023,2,564.6,1184.868484848485,1120.36,2023-04-07 14:14:10
MXP,Jacarta,Indonésia,2023,11,564.76,695.5012499999999,741.73,2023-04-07 14:14:10
MXP,Taif,Arábia Saudita,2023,11,564.77,729.77,564.77,2023-04-07 14:14:10
MXP,Örnsköldsvik,Suécia,2023,2,565.15,565.72375,565.39,2023-04-07 14:14:10
MXP,Incheon,Coreia do Sul,2023,2,565.44,659.3379166666667,625.3900000000001,2023-04-07 14:14:10
MXP,Seul,Coreia do Sul,2023,2,565.44,659.3379166666667,625.3900000000001,2023-04-07 14:14:10
MXP,Incheon,Coreia do Sul,2023,6,565.51,701.8339024390243,659.65,2023-04-07 14:14:10
MXP,Seul,Coreia do Sul,2023,6,565.51,701.8339024390243,659.65,2023-04-07 14:14:10
MXP,Banguecoque,Tailândia,2023,3,565.6,674.7502631578947,677.91,2023-04-07 14:14:10
MXP,Singapura,Singapura,2023,11,565.81,599.2575,598.2149999999999,2023-04-07 14:14:10
MXP,Baton Rouge,Estados Unidos,2023,6,565.88,566.75,566.75,2023-04-07 14:14:10
MXP,Calecute,Índia,2023,3,566.1,703.1853333333333,599.77,2023-04-07 14:14:10
MXP,Seul,Coreia do Sul,2023,5,566.35,691.8673913043478,615.07,2023-04-07 14:14:10
MXP,Incheon,Coreia do Sul,2023,5,566.35,692.605,601.27,2023-04-07 14:14:10
MXP,Jacarta,Indonésia,2024,1,566.55,566.55,566.55,2023-04-07 14:14:10
MXP,Banguecoque,Tailândia,2023,11,566.99,635.793448275862,625.19,2023-04-07 14:14:10
MXP,Nashville,Estados Unidos,2023,8,566.99,665.3846875,633.04,2023-04-07 14:14:10
MXP,Greensboro,Estados Unidos,2023,2,567.03,840.1177777777777,569.54,2023-04-07 14:14:10
MXP,Mumbai,Índia,2024,1,567.62,579.3144444444445,569.3,2023-04-07 14:14:10
MXP,Lahore,Paquistão,2023,4,567.98,783.9379518072288,767.36,2023-04-07 14:14:10
MXP,Leknes,Noruega,2023,7,568.0,626.6242105263158,625.01,2023-04-07 14:14:10
MXP,Manila,Filipinas,2023,11,568.09,839.561052631579,802.32,2023-04-07 14:14:10
MXP,Winnipeg,Canadá,2023,11,568.09,568.9699999999999,568.16,2023-04-07 14:14:10
MXP,Kuwait,Koweit,2023,8,568.32,596.608,603.53,2023-04-07 14:14:10
MXP,Hong Kong,Hong Kong,2024,2,568.46,654.716,675.43,2023-04-07 14:14:10
MXP,Assuão,Egito,2023,6,568.63,568.66,568.63,2023-04-07 14:14:10
MXP,Charlotte,Estados Unidos,2023,9,568.64,569.4018181818182,569.81,2023-04-07 14:14:10
MXP,Greenville,Estados Unidos,2023,4,568.83,636.3053846153847,665.95,2023-04-07 14:14:10
MXP,Arusha,Tanzânia,2023,9,568.88,698.8110869565218,660.57,2023-04-07 14:14:10
MXP,Seul,Coreia do Sul,2023,10,569.01,713.2365384615385,725.105,2023-04-07 14:14:10
MXP,Incheon,Coreia do Sul,2023,10,569.01,712.6292452830188,724.99,2023-04-07 14:14:10
MXP,Ivalo,Finlândia,2023,7,569.04,569.04,569.04,2023-04-07 14:14:10
MXP,Houston,Estados Unidos,2023,2,569.24,674.6324137931034,626.62,2023-04-07 14:14:10
MXP,Incheon,Coreia do Sul,2023,3,569.44,695.671375,666.98,2023-04-07 14:14:10
MXP,Seul,Coreia do Sul,2023,3,569.44,695.671375,666.98,2023-04-07 14:14:10
MXP,Memphis,Estados Unidos,2023,8,569.49,730.1333333333333,789.76,2023-04-07 14:14:10
MXP,Baltimore,Estados Unidos,2023,8,569.62,721.281875,631.37,2023-04-07 14:14:10
MXP,Filadélfia,Estados Unidos,2023,11,569.64,569.64,569.64,2023-04-07 14:14:10
MXP,Carachi,Paquistão,2023,9,570.25,570.6733333333333,570.25,2023-04-07 14:14:10
MXP,Samarcanda,Uzbequistão,2023,8,570.41,1053.5673529411765,938.69,2023-04-07 14:14:10
MXP,Hartford,Estados Unidos,2023,10,570.66,571.3916666666667,571.64,2023-04-07 14:14:10
MXP,Springfield,Estados Unidos,2023,10,570.66,571.3916666666667,571.64,2023-04-07 14:14:10
MXP,West Palm Beach,Estados Unidos,2023,9,570.72,742.7166666666667,736.95,2023-04-07 14:14:10
MXP,São Pedro,Cabo Verde,2023,3,570.9,722.2576190476191,680.81,2023-04-07 14:14:10
MXP,Cartum,Sudão,2023,4,571.08,571.08,571.08,2023-04-07 14:14:10
MXP,Kuala Lumpur,Malásia,2023,6,571.09,732.0267647058823,679.08,2023-04-07 14:14:10
MXP,Mombaça,Quénia,2023,3,571.27,687.6184210526316,606.4300000000001,2023-04-07 14:14:10
MXP,St John's,Canadá,2023,2,571.38,571.38,571.38,2023-04-07 14:14:10
MXP,Hyderabad,Índia,2023,11,571.61,577.2033333333333,576.9,2023-04-07 14:14:10
MXP,Ontário,Estados Unidos,2023,1,571.64,571.7520000000001,571.64,2023-04-07 14:14:10
MXP,Santa Ana,Estados Unidos,2023,12,571.95,572.5875,572.8,2023-04-07 14:14:10
MXP,Santa Cruz da Graciosa,Portugal,2023,4,572.36,574.6755555555555,573.54,2023-04-07 14:14:10
MXP,Rodez,França,2023,4,572.4,573.2133333333334,573.27,2023-04-07 14:14:10
MXP,Orlando,Estados Unidos,2023,10,572.41,616.1273417721519,618.37,2023-04-07 14:14:10
MXP,Tóquio,Japão,2023,5,572.76,790.7475999999999,673.73,2023-04-07 14:14:10
MXP,Duala,Camarões,2023,3,572.85,619.0734246575342,606.04,2023-04-07 14:14:10
MXP,Norfolk,Estados Unidos,2023,4,573.08,711.0419047619048,643.9549999999999,2023-04-07 14:14:10
MXP,Leknes,Noruega,2023,8,573.35,671.5514814814815,659.06,2023-04-07 14:14:10
MXP,Tindouf,Argélia,2023,3,573.61,597.8199999999999,576.02,2023-04-07 14:14:10
MXP,Kingston,Jamaica,2023,10,573.91,761.2634615384615,763.55,2023-04-07 14:14:10
MXP,Tóquio,Japão,2023,4,574.27,666.1388461538462,583.12,2023-04-07 14:14:10
MXP,Peshawar,Paquistão,2023,4,574.51,852.62,823.4449999999999,2023-04-07 14:14:10
MXP,Jyväskylä,Finlândia,2023,4,574.52,672.2077272727273,750.99,2023-04-07 14:14:10
MXP,Oakland,Estados Unidos,2023,4,574.72,885.3551785714286,786.34,2023-04-07 14:14:10
MXP,Maputo,Moçambique,2023,5,574.74,701.7827272727272,656.95,2023-04-07 14:14:10
MXP,Nur-Sultan,Cazaquistão,2023,9,574.94,623.3444444444444,577.91,2023-04-07 14:14:10
MXP,Panama City,Estados Unidos,2023,3,575.26,683.4465,669.98,2023-04-07 14:14:10
MXP,Osaka,Japão,2023,5,575.41,886.7212499999999,897.79,2023-04-07 14:14:10
MXP,Assuão,Egito,2023,12,575.54,577.3399999999999,576.24,2023-04-07 14:14:10
MXP,Tóquio,Japão,2023,12,575.65,689.4889473684211,652.09,2023-04-07 14:14:10
MXP,Lomé,Togo,2023,2,575.93,663.2488888888888,627.04,2023-04-07 14:14:10
MXP,Riade,Arábia Saudita,2023,7,576.15,576.15,576.15,2023-04-07 14:14:10
MXP,Nassau,Bahamas,2023,4,576.17,850.2349019607843,873.49,2023-04-07 14:14:10
MXP,Medellín,Colômbia,2023,5,576.17,869.979,818.085,2023-04-07 14:14:10
MXP,Osaka,Japão,2023,4,576.36,1061.0523076923077,1008.5,2023-04-07 14:14:10
MXP,Cidade de Ho Chi Minh,Vietname,2023,5,576.39,751.107,744.29,2023-04-07 14:14:10
MXP,Kinshasa,República Democrática do Congo,2023,5,576.93,640.2316666666667,579.26,2023-04-07 14:14:10
MXP,Urgench,Uzbequistão,2023,5,577.28,649.1331578947368,596.35,2023-04-07 14:14:10
MXP,New Windsor,Estados Unidos,2023,12,577.38,590.196,580.52,2023-04-07 14:14:10
MXP,Lima,Perú,2023,1,577.53,577.53,577.53,2023-04-07 14:14:10
MXP,Doha,Catar,2023,7,577.85,587.588,582.5,2023-04-07 14:14:10
MXP,Dar Es Salaam,Tanzânia,2023,9,577.95,707.4814285714285,776.08,2023-04-07 14:14:10
MXP,Denver,Estados Unidos,2023,4,578.02,747.8217582417582,705.15,2023-04-07 14:14:10
MXP,Key West,Estados Unidos,2023,2,578.07,578.4642857142857,578.07,2023-04-07 14:14:10
MXP,Punta Cana,República Dominicana,2023,6,578.46,689.864,617.38,2023-04-07 14:14:10
MXP,White Plains,Estados Unidos,2023,11,578.79,675.4617647058824,650.85,2023-04-07 14:14:10
MXP,Ontário,Estados Unidos,2023,11,578.88,665.116,578.88,2023-04-07 14:14:10
MXP,Antuérpia,Bélgica,2023,2,578.92,785.681111111111,579.16,2023-04-07 14:14:10
MXP,Urgench,Uzbequistão,2023,3,578.92,767.582962962963,702.33,2023-04-07 14:14:10
MXP,Cidade do Cabo,África do Sul,2023,9,579.2,633.7042105263157,645.65,2023-04-07 14:14:10
MXP,Hanói,Vietname,2023,10,579.28,808.8285365853659,677.17,2023-04-07 14:14:10
MXP,Zanzibar,Tanzânia,2023,2,579.58,579.58,579.58,2023-04-07 14:14:10
MXP,Cochin,Índia,2023,4,579.59,679.2197560975609,644.96,2023-04-07 14:14:10
MXP,Rio de Janeiro,Brasil,2023,10,579.61,703.6344,727.16,2023-04-07 14:14:10
MXP,Kuala Lumpur,Malásia,2023,9,579.75,671.7180000000001,687.1600000000001,2023-04-07 14:14:10
MXP,Dallas,Estados Unidos,2023,2,579.85,659.6025000000001,618.96,2023-04-07 14:14:10
MXP,Leknes,Noruega,2023,11,579.86,579.86,579.86,2023-04-07 14:14:10
MXP,Cleveland,Estados Unidos,2023,11,580.04,580.096,580.11,2023-04-07 14:14:10
MXP,Basileia,Suíça,2023,10,580.15,580.1659999999999,580.15,2023-04-07 14:14:10
MXP,Pointe-à-Pitre,Guadalupe,2023,3,580.23,888.5363636363636,911.81,2023-04-07 14:14:10
MXP,Richmond,Estados Unidos,2023,4,580.23,620.8955555555556,599.29,2023-04-07 14:14:10
MXP,Taif,Arábia Saudita,2023,2,580.35,584.2732,585.42,2023-04-07 14:14:10
MXP,Halifax,Canadá,2023,4,581.25,688.2872972972972,707.62,2023-04-07 14:14:10
MXP,Colombo,Sri Lanka,2023,9,581.44,694.8528571428571,643.295,2023-04-07 14:14:10
MXP,Hanói,Vietname,2023,9,581.64,732.9034090909091,744.525,2023-04-07 14:14:10
MXP,Djanet,Argélia,2023,3,581.73,582.878,582.655,2023-04-07 14:14:10
MXP,Almaty,Cazaquistão,2023,12,581.81,584.915,585.64,2023-04-07 14:14:10
MXP,Zanzibar,Tanzânia,2024,2,581.88,620.22,624.185,2023-04-07 14:14:10
MXP,Rio de Janeiro,Brasil,2023,9,582.02,773.4429411764706,791.54,2023-04-07 14:14:10
MXP,Conacri,Guiné,2023,2,582.06,625.778947368421,587.26,2023-04-07 14:14:10
MXP,Madison,Estados Unidos,2023,5,582.5,764.6427027027026,797.59,2023-04-07 14:14:10
MXP,Fort Myers,Estados Unidos,2023,8,582.51,582.8528571428571,582.51,2023-04-07 14:14:10
MXP,Amritsar,Índia,2023,2,582.59,892.661320754717,863.33,2023-04-07 14:14:10
MXP,Osaka,Japão,2023,6,582.6,929.5546428571428,855.1500000000001,2023-04-07 14:14:10
MXP,Windhoek,Namíbia,2024,1,582.85,653.4585714285714,582.95,2023-04-07 14:14:10
MXP,Hamilton,Canadá,2023,10,583.28,806.4822222222223,867.8,2023-04-07 14:14:10
MXP,Béziers,França,2023,2,583.46,589.6890909090909,588.86,2023-04-07 14:14:10
MXP,Ronneby,Suécia,2023,3,583.5,586.005,585.0,2023-04-07 14:14:10
MXP,Las Vegas,Estados Unidos,2023,11,583.79,678.10359375,691.525,2023-04-07 14:14:10
MXP,Cotonou,Benin,2023,10,583.79,583.79,583.79,2023-04-07 14:14:10
MXP,Halifax,Canadá,2023,5,583.93,584.4459999999999,584.79,2023-04-07 14:14:10
MXP,Buffalo,Estados Unidos,2023,3,584.11,1099.5534375,858.19,2023-04-07 14:14:10
MXP,Chandigarh,Índia,2023,5,584.23,585.7372727272727,585.79,2023-04-07 14:14:10
MXP,Milwaukee,Estados Unidos,2023,11,584.37,595.2889473684211,588.09,2023-04-07 14:14:10
MXP,Kingston,Jamaica,2023,11,584.37,751.3177777777778,699.69,2023-04-07 14:14:10
MXP,Cancún,México,2023,9,584.51,638.2995238095237,631.81,2023-04-07 14:14:10
MXP,White Plains,Estados Unidos,2023,3,584.52,1547.2303333333334,747.5,2023-04-07 14:14:10
MXP,Iaundé,Camarões,2023,11,584.64,585.414,584.71,2023-04-07 14:14:10
MXP,Linkoping,Suécia,2023,4,584.82,585.9827272727272,585.43,2023-04-07 14:14:10
MXP,Manama,Bahrain,2023,8,585.24,585.7066666666666,585.24,2023-04-07 14:14:10
MXP,Siālkot,Paquistão,2023,3,585.43,726.2603896103897,672.98,2023-04-07 14:14:10
MXP,Baia Mare,Roménia,2023,8,585.51,585.51,585.51,2023-04-07 14:14:10
MXP,Salvador,Brasil,2023,9,585.55,812.4343478260869,802.49,2023-04-07 14:14:10
MXP,Banguecoque,Tailândia,2024,2,585.57,589.0514285714287,586.58,2023-04-07 14:14:10
MXP,Incheon,Coreia do Sul,2024,3,585.63,585.63,585.63,2023-04-07 14:14:10
MXP,Seul,Coreia do Sul,2024,3,585.63,585.63,585.63,2023-04-07 14:14:10
MXP,Buffalo,Estados Unidos,2023,9,586.1,589.5725,590.06,2023-04-07 14:14:10
MXP,Rochester,Estados Unidos,2023,3,586.29,645.185806451613,646.36,2023-04-07 14:14:10
MXP,Banguecoque,Tailândia,2023,10,587.02,620.7883333333333,614.2,2023-04-07 14:14:10
MXP,Carachi,Paquistão,2023,1,587.26,600.3883333333333,606.56,2023-04-07 14:14:10
MXP,Providence,Estados Unidos,2023,3,587.3,642.6276923076923,634.38,2023-04-07 14:14:10
MXP,White Plains,Estados Unidos,2023,8,587.51,1154.9054545454544,1078.79,2023-04-07 14:14:10
MXP,Hanói,Vietname,2023,11,587.78,678.5463157894736,700.69,2023-04-07 14:14:10
MXP,Oostende,Bélgica,2023,7,587.98,588.4628571428572,587.98,2023-04-07 14:14:10
MXP,Mumbai,Índia,2023,7,588.09,632.5233333333334,625.11,2023-04-07 14:14:10
MXP,Kuala Lumpur,Malásia,2023,4,588.28,700.1852631578947,674.83,2023-04-07 14:14:10
MXP,Bangor,Estados Unidos,2023,4,588.28,627.3272222222222,651.04,2023-04-07 14:14:10
MXP,Hartford,Estados Unidos,2023,3,588.44,697.4795,701.79,2023-04-07 14:14:10
MXP,Springfield,Estados Unidos,2023,3,588.44,697.4795,701.79,2023-04-07 14:14:10
MXP,Fort-de-France,Martinica,2023,6,588.44,768.1311363636363,712.355,2023-04-07 14:14:10
MXP,Bridgetown,Barbados,2023,3,588.44,1065.7306557377049,811.89,2023-04-07 14:14:10
MXP,White Plains,Estados Unidos,2023,4,588.6,814.444406779661,696.77,2023-04-07 14:14:10
MXP,Mumbai,Índia,2023,10,588.83,881.7560000000001,588.83,2023-04-07 14:14:10
MXP,Bogotá,Colômbia,2023,11,588.9,633.1908333333333,606.565,2023-04-07 14:14:10
MXP,Cancún,México,2023,11,589.02,626.2495652173913,629.84,2023-04-07 14:14:10
MXP,São Paulo,Brasil,2023,1,589.46,589.46,589.46,2023-04-07 14:14:10
MXP,Recife,Brasil,2023,10,589.55,661.1966666666666,589.73,2023-04-07 14:14:10
MXP,White Plains,Estados Unidos,2023,9,590.08,668.6929411764706,670.21,2023-04-07 14:14:10
MXP,Columbia,Estados Unidos,2024,1,590.1,592.80875,592.81,2023-04-07 14:14:10
MXP,Nassau,Bahamas,2023,9,590.11,745.1078947368421,633.59,2023-04-07 14:14:10
MXP,White Plains,Estados Unidos,2023,2,590.93,610.7655555555556,604.28,2023-04-07 14:14:10
MXP,Singapura,Singapura,2023,10,590.93,905.8744444444444,647.72,2023-04-07 14:14:10
MXP,Port Louis,Maurícia,2023,3,590.93,908.2269642857143,804.41,2023-04-07 14:14:10
MXP,Denver,Estados Unidos,2023,3,591.38,880.7884745762711,682.295,2023-04-07 14:14:10
MXP,Colombo,Sri Lanka,2023,11,591.41,603.6706666666666,594.08,2023-04-07 14:14:10
MXP,Pittsburgh,Estados Unidos,2023,4,591.51,787.9242857142857,832.5,2023-04-07 14:14:10
MXP,Burlington,Estados Unidos,2023,6,591.76,592.4549999999999,592.4549999999999,2023-04-07 14:14:10
MXP,Conacri,Guiné,2023,6,591.99,593.6083333333332,593.91,2023-04-07 14:14:10
MXP,Calcutá,Índia,2023,4,592.36,722.5305000000001,698.59,2023-04-07 14:14:10
MXP,Cidade do Cabo,África do Sul,2023,10,592.56,681.66125,721.4300000000001,2023-04-07 14:14:10
MXP,Montego Bay,Jamaica,2023,12,592.77,1060.7822222222221,728.25,2023-04-07 14:14:10
MXP,Harare,Zimbábue,2023,10,592.81,593.47,593.71,2023-04-07 14:14:10
MXP,Appleton,Estados Unidos,2023,3,592.84,693.0870588235293,594.72,2023-04-07 14:14:10
MXP,Lima,Perú,2023,11,592.92,638.6979411764705,652.49,2023-04-07 14:14:10
MXP,San José,Costa Rica,2023,6,592.92,926.0247619047619,878.9,2023-04-07 14:14:10
MXP,Bishkek,Quirguizistão,2023,7,593.09,651.95,664.7,2023-04-07 14:14:10
MXP,Punta Cana,República Dominicana,2023,2,593.69,838.9975000000001,699.21,2023-04-07 14:14:10
MXP,Charlotte,Estados Unidos,2023,7,593.69,594.5566666666667,594.99,2023-04-07 14:14:10
MXP,Des Moines,Estados Unidos,2023,3,593.8,822.4786666666666,1016.49,2023-04-07 14:14:10
MXP,Providence,Estados Unidos,2023,4,594.03,733.1590625,732.23,2023-04-07 14:14:10
MXP,Springfield,Estados Unidos,2023,4,594.23,594.2600000000001,594.23,2023-04-07 14:14:10
MXP,Hartford,Estados Unidos,2023,4,594.23,594.2600000000001,594.23,2023-04-07 14:14:10
MXP,Dodoma,Tanzânia,2023,5,594.49,703.1946153846154,711.99,2023-04-07 14:14:10
MXP,Tashkent,Uzbequistão,2023,10,594.61,610.794,596.14,2023-04-07 14:14:10
MXP,Blountville,Estados Unidos,2023,4,594.75,595.6700000000001,594.82,2023-04-07 14:14:10
MXP,Longyearbyen,Noruega,2023,6,594.84,676.0992307692309,701.61,2023-04-07 14:14:10
MXP,Omaha,Estados Unidos,2023,5,595.11,635.1006666666667,616.16,2023-04-07 14:14:10
MXP,Pensacola,Estados Unidos,2023,4,595.16,597.6028571428571,597.98,2023-04-07 14:14:10
MXP,Dakar,Senegal,2023,8,595.25,618.5571428571428,603.2,2023-04-07 14:14:10
MXP,Cidade do Cabo,África do Sul,2023,11,595.43,978.3191666666667,661.24,2023-04-07 14:14:10
MXP,Savannah,Estados Unidos,2023,4,595.43,888.8668749999999,596.83,2023-04-07 14:14:10
MXP,Cancún,México,2024,2,595.67,614.0925,595.74,2023-04-07 14:14:10
MXP,Niamey,Níger,2023,4,595.86,601.6825925925926,600.87,2023-04-07 14:14:10
MXP,Mumbai,Índia,2023,12,595.91,3168.9435714285714,655.82,2023-04-07 14:14:10
MXP,Kingston,Jamaica,2023,12,595.91,1141.259347826087,1151.19,2023-04-07 14:14:10
MXP,Cidade do Panamá,Panamá,2023,1,595.91,595.91,595.91,2023-04-07 14:14:10
MXP,Long Beach,Estados Unidos,2023,3,596.22,822.0396825396825,768.21,2023-04-07 14:14:10
MXP,Lusaka,Zâmbia,2023,3,596.22,686.0057692307693,687.015,2023-04-07 14:14:10
MXP,Taipé,Taiwan,2023,4,596.24,871.15640625,690.9649999999999,2023-04-07 14:14:10
MXP,Singapura,Singapura,2023,12,596.34,1169.376,1444.09,2023-04-07 14:14:10
MXP,Lima,Perú,2023,2,596.34,619.5677777777778,620.15,2023-04-07 14:14:10
MXP,White Plains,Estados Unidos,2023,10,596.5,720.5778048780488,710.11,2023-04-07 14:14:10
MXP,Green Bay,Estados Unidos,2023,3,596.55,626.2376470588234,598.44,2023-04-07 14:14:10
MXP,Milwaukee,Estados Unidos,2023,3,596.55,673.2508,613.58,2023-04-07 14:14:10
MXP,Singapura,Singapura,2023,9,596.56,665.5664285714286,681.265,2023-04-07 14:14:10
MXP,Montego Bay,Jamaica,2023,3,596.59,968.5426373626374,871.21,2023-04-07 14:14:10
MXP,Burbank,Estados Unidos,2023,10,596.59,830.6111111111111,710.66,2023-04-07 14:14:10
MXP,Multan,Paquistão,2023,2,597.14,759.1418421052631,638.39,2023-04-07 14:14:10
MXP,Medellín,Colômbia,2023,4,597.37,961.0132183908046,891.9,2023-04-07 14:14:10
MXP,Montevidéu,Uruguai,2023,6,597.59,937.5995,909.98,2023-04-07 14:14:10
MXP,Almaty,Cazaquistão,2023,7,597.6,1739.13375,597.71,2023-04-07 14:14:10
MXP,Windhoek,Namíbia,2023,6,597.74,797.6025,821.2149999999999,2023-04-07 14:14:10
MXP,Charleston,Estados Unidos,2023,1,598.29,599.3883333333333,599.6,2023-04-07 14:14:10
MXP,Banguecoque,Tailândia,2023,12,598.53,652.27125,657.33,2023-04-07 14:14:10
MXP,Manila,Filipinas,2024,1,598.55,598.55,598.55,2023-04-07 14:14:10
MXP,Charlottetown,Canadá,2023,9,598.74,598.74,598.74,2023-04-07 14:14:10
MXP,Atyrau,Cazaquistão,2023,4,598.78,600.9236363636363,600.77,2023-04-07 14:14:10
MXP,Shreveport,Estados Unidos,2023,3,598.96,602.4922222222223,604.5,2023-04-07 14:14:10
MXP,Cidade do México,México,2023,3,598.96,748.8540350877194,705.82,2023-04-07 14:14:10
MXP,Madison,Estados Unidos,2023,3,599.33,599.5444444444445,599.34,2023-04-07 14:14:10
MXP,Dayton,Estados Unidos,2023,3,599.33,599.5444444444445,599.34,2023-04-07 14:14:10
MXP,Wausau,Estados Unidos,2023,3,599.33,634.5260000000001,599.34,2023-04-07 14:14:10
MXP,Cidade do México,México,2023,1,599.35,600.74,600.38,2023-04-07 14:14:10
MXP,Hammerfest,Noruega,2023,8,599.42,602.0909090909091,602.1,2023-04-07 14:14:10
MXP,Namsos,Noruega,2023,7,599.66,599.8809090909091,599.85,2023-04-07 14:14:10
MXP,Long Beach,Estados Unidos,2023,4,599.66,749.296119402985,749.01,2023-04-07 14:14:10
MXP,Kristiansund,Noruega,2023,3,599.96,625.7911111111111,601.47,2023-04-07 14:14:10
MXP,Crotone,Itália,2023,9,600.02,653.1488888888889,601.43,2023-04-07 14:14:10
MXP,San José,Costa Rica,2023,10,600.03,911.1569999999999,692.05,2023-04-07 14:14:10
MXP,Sarasota,Estados Unidos,2023,4,600.13,678.9981481481482,688.27,2023-04-07 14:14:10
MXP,Lexington,Estados Unidos,2023,4,600.26,601.3885714285715,601.18,2023-04-07 14:14:10
MXP,Seul,Coreia do Sul,2023,11,600.27,665.2970588235294,650.49,2023-04-07 14:14:10
MXP,Incheon,Coreia do Sul,2023,11,600.27,666.7488888888888,650.49,2023-04-07 14:14:10
MXP,Tantan,Marrocos,2023,2,600.27,601.0699999999999,601.04,2023-04-07 14:14:10
MXP,Hammerfest,Noruega,2023,4,600.35,676.931,685.45,2023-04-07 14:14:10
MXP,Taipé,Taiwan,2023,5,600.5,801.2694339622641,785.5,2023-04-07 14:14:10
MXP,Louisville,Estados Unidos,2023,3,600.63,886.5771739130436,664.41,2023-04-07 14:14:10
MXP,Niamey,Níger,2024,1,600.79,601.0699999999999,601.0699999999999,2023-04-07 14:14:10
MXP,Melbourne,Estados Unidos,2023,3,600.93,601.3475,601.055,2023-04-07 14:14:10
MXP,Banguecoque,Tailândia,2023,7,601.04,603.5366666666667,604.72,2023-04-07 14:14:10
MXP,Norfolk,Estados Unidos,2023,2,601.12,601.325,601.12,2023-04-07 14:14:10
MXP,Buenos Aires,Argentina,2023,3,601.18,924.2421568627451,740.13,2023-04-07 14:14:10
MXP,Cidade do México,México,2023,2,601.53,653.0635135135135,623.77,2023-04-07 14:14:10
MXP,Las Vegas,Estados Unidos,2023,5,601.7,791.5575,646.08,2023-04-07 14:14:10
MXP,Chattanooga,Estados Unidos,2023,10,601.7,604.6408333333333,606.03,2023-04-07 14:14:10
MXP,Winnipeg,Canadá,2023,4,601.77,1155.6991666666665,1505.74,2023-04-07 14:14:10
MXP,Fort-de-France,Martinica,2023,11,601.85,734.5406666666667,754.19,2023-04-07 14:14:10
MXP,Alta,Noruega,2023,3,602.08,602.6022222222223,603.0,2023-04-07 14:14:10
MXP,Kuala Lumpur,Malásia,2023,5,602.11,654.3726829268293,642.85,2023-04-07 14:14:10
MXP,Seattle,Estados Unidos,2023,3,602.11,663.5215000000001,653.8299999999999,2023-04-07 14:14:10
MXP,Lake Charles,Estados Unidos,2023,4,602.29,604.6336363636364,605.79,2023-04-07 14:14:10
MXP,Dammam,Arábia Saudita,2023,12,602.36,646.9307142857143,658.28,2023-04-07 14:14:10
MXP,Fortaleza,Brasil,2023,4,602.42,953.8942592592592,825.7249999999999,2023-04-07 14:14:10
MXP,Kutaisi,Geórgia,2023,8,602.42,602.42,602.42,2023-04-07 14:14:10
MXP,Salalah,Omã,2023,9,602.49,602.49,602.49,2023-04-07 14:14:10
MXP,Hammerfest,Noruega,2023,5,602.66,602.7266666666666,602.76,2023-04-07 14:14:10
MXP,Punta Cana,República Dominicana,2024,2,602.72,672.3133333333334,602.76,2023-04-07 14:14:10
MXP,Metz,França,2023,3,602.77,639.9769230769232,603.02,2023-04-07 14:14:10
MXP,Kuala Lumpur,Malásia,2023,3,602.87,738.14,692.29,2023-04-07 14:14:10
MXP,Cancún,México,2023,6,603.28,664.2253333333333,665.72,2023-04-07 14:14:10
MXP,Fort-de-France,Martinica,2023,10,603.28,736.9766666666667,752.48,2023-04-07 14:14:10
MXP,Mascate,Omã,2024,1,603.45,604.6433333333333,605.24,2023-04-07 14:14:10
MXP,Montego Bay,Jamaica,2023,11,603.52,685.3818181818182,709.76,2023-04-07 14:14:10
MXP,San Juan,Porto Rico,2023,3,603.52,914.5416129032259,806.93,2023-04-07 14:14:10
MXP,Espargos,Cabo Verde,2023,7,603.78,691.6957142857143,690.32,2023-04-07 14:14:10
MXP,São Paulo,Brasil,2023,2,603.8,676.1008333333333,631.96,2023-04-07 14:14:10
MXP,Providenciales,Ilhas Turcas e Caicos,2023,6,604.01,842.4566666666666,791.59,2023-04-07 14:14:10
MXP,Islamabad,Paquistão,2023,2,604.2,948.3637142857144,837.83,2023-04-07 14:14:10
MXP,Windhoek,Namíbia,2023,5,604.83,775.4777272727274,823.87,2023-04-07 14:14:10
MXP,Buffalo,Estados Unidos,2023,4,604.86,619.306,619.855,2023-04-07 14:14:10
MXP,Recife,Brasil,2023,9,604.94,647.6266666666667,616.6,2023-04-07 14:14:10
MXP,Asmara,Eritreia,2023,1,605.12,605.12,605.12,2023-04-07 14:14:10
MXP,Vancouver,Canadá,2023,3,605.2,980.4763636363638,722.14,2023-04-07 14:14:10
MXP,Cidade da Praia,Cabo Verde,2024,1,605.23,606.1975,606.52,2023-04-07 14:14:10
MXP,Ørland,Noruega,2023,8,605.78,617.0055555555556,607.85,2023-04-07 14:14:10
MXP,Cancún,México,2023,12,606.01,665.0503846153847,641.4449999999999,2023-04-07 14:14:10
MXP,Roanoke,Estados Unidos,2023,3,606.13,616.1342857142856,609.63,2023-04-07 14:14:10
MXP,Arusha,Tanzânia,2023,4,606.57,807.0274468085106,803.37,2023-04-07 14:14:10
MXP,Oakland,Estados Unidos,2023,10,606.7,956.5335294117647,1044.27,2023-04-07 14:14:10
MXP,Kumasi,Gana,2023,4,606.78,609.199,609.115,2023-04-07 14:14:10
MXP,Arusha,Tanzânia,2023,10,606.84,785.826551724138,734.13,2023-04-07 14:14:10
MXP,Siālkot,Paquistão,2023,5,606.9,874.4414516129033,731.81,2023-04-07 14:14:10
MXP,White Plains,Estados Unidos,2023,12,606.93,877.0844444444444,944.61,2023-04-07 14:14:10
MXP,Jackson,Estados Unidos,2023,4,607.06,608.417,609.11,2023-04-07 14:14:10
MXP,Syracuse,Estados Unidos,2023,2,607.16,613.1049999999999,612.78,2023-04-07 14:14:10
MXP,Duala,Camarões,2023,2,607.36,657.4233333333334,630.72,2023-04-07 14:14:10
MXP,Burlington,Estados Unidos,2023,3,607.58,645.0533333333334,614.275,2023-04-07 14:14:10
MXP,Cancún,México,2023,10,607.61,690.3314285714285,697.08,2023-04-07 14:14:10
MXP,Windhoek,Namíbia,2023,10,608.08,669.4042857142857,613.71,2023-04-07 14:14:10
MXP,Syracuse,Estados Unidos,2023,5,608.1,627.7684999999999,640.75,2023-04-07 14:14:10
MXP,Kuala Lumpur,Malásia,2024,2,608.43,609.9875,610.08,2023-04-07 14:14:10
MXP,Nagpur,Índia,2023,3,608.53,673.021875,672.3,2023-04-07 14:14:10
MXP,Springfield,Estados Unidos,2023,5,608.54,972.1395833333332,731.875,2023-04-07 14:14:10
MXP,Hartford,Estados Unidos,2023,5,608.54,610.5208333333334,609.56,2023-04-07 14:14:10
MXP,Taipé,Taiwan,2023,11,608.58,748.802,794.96,2023-04-07 14:14:10
MXP,Bishkek,Quirguizistão,2023,6,608.71,632.2411111111111,612.24,2023-04-07 14:14:10
MXP,Kingston,Jamaica,2023,3,608.79,758.3662962962962,788.0,2023-04-07 14:14:10
MXP,Bogotá,Colômbia,2023,4,608.81,897.2195652173913,817.46,2023-04-07 14:14:10
MXP,Cancún,México,2023,5,609.4,672.548,667.6,2023-04-07 14:14:10
MXP,São Paulo,Brasil,2023,10,609.45,676.2394117647059,642.55,2023-04-07 14:14:10
MXP,São Paulo,Brasil,2023,5,609.59,840.1457142857142,839.53,2023-04-07 14:14:10
MXP,Singapura,Singapura,2023,1,609.73,648.478,640.56,2023-04-07 14:14:10
MXP,Rio de Janeiro,Brasil,2023,5,610.11,827.6484848484849,802.2,2023-04-07 14:14:10
MXP,Samarcanda,Uzbequistão,2023,11,610.33,610.33,610.33,2023-04-07 14:14:10
MXP,Santo Domingo,República Dominicana,2023,5,610.5,675.6488095238095,646.56,2023-04-07 14:14:10
MXP,Taipé,Taiwan,2023,6,610.51,725.6546153846155,616.72,2023-04-07 14:14:10
MXP,Rio de Janeiro,Brasil,2023,4,610.65,888.2042424242424,919.7,2023-04-07 14:14:10
MXP,Sorkjosen,Noruega,2023,7,611.03,611.4525,611.155,2023-04-07 14:14:10
MXP,Maputo,Moçambique,2024,1,611.26,883.5799999999999,1116.45,2023-04-07 14:14:10
MXP,Foz do Iguaçu,Brasil,2023,5,611.36,866.6630434782609,860.06,2023-04-07 14:14:10
MXP,Calgary,Canadá,2023,3,611.37,734.0642622950819,678.44,2023-04-07 14:14:10
MXP,Quito,Equador,2023,3,611.62,1451.751216216216,1213.08,2023-04-07 14:14:10
MXP,Charlottesville,Estados Unidos,2023,5,611.76,895.6021739130434,616.16,2023-04-07 14:14:10
MXP,Salvador,Brasil,2024,2,611.89,612.2433333333333,611.89,2023-04-07 14:14:10
MXP,Tampa,Estados Unidos,2023,12,611.91,613.17,611.91,2023-04-07 14:14:10
MXP,Arequipa,Perú,2023,4,612.03,1105.6571428571428,1078.25,2023-04-07 14:14:10
MXP,Hyderabad,Índia,2023,3,612.07,1095.6872916666666,737.36,2023-04-07 14:14:10
MXP,Jacarta,Indonésia,2023,5,612.33,715.4370588235295,707.18,2023-04-07 14:14:10
MXP,Santo Domingo,República Dominicana,2024,1,612.48,628.4875,628.515,2023-04-07 14:14:10
MXP,Providenciales,Ilhas Turcas e Caicos,2023,11,612.49,704.5885714285714,742.34,2023-04-07 14:14:10
MXP,Medellín,Colômbia,2023,11,612.86,619.9245,614.17,2023-04-07 14:14:10
MXP,Daca,Bangladexe,2023,5,613.13,667.8272222222222,652.35,2023-04-07 14:14:10
MXP,Detroit,Estados Unidos,2023,4,613.21,725.54,688.54,2023-04-07 14:14:10
MXP,São Paulo,Brasil,2023,4,613.55,789.2925862068965,737.45,2023-04-07 14:14:10
MXP,Recife,Brasil,2023,3,613.58,1241.8180303030304,968.47,2023-04-07 14:14:10
MXP,Vasco da Gama,Índia,2023,7,613.59,682.2175,618.0,2023-04-07 14:14:10
MXP,Svolvær,Noruega,2023,11,613.59,614.1044444444444,614.16,2023-04-07 14:14:10
MXP,Cidade do México,México,2023,9,613.65,667.382,649.6700000000001,2023-04-07 14:14:10
MXP,Tóquio,Japão,2024,2,613.91,675.2866666666667,672.62,2023-04-07 14:14:10
MXP,Túnis,Tunísia,2023,8,614.16,614.16,614.16,2023-04-07 14:14:10
MXP,Fort-de-France,Martinica,2023,9,614.76,714.8771428571429,789.22,2023-04-07 14:14:10
MXP,Port Louis,Maurícia,2023,5,614.97,708.4352380952381,692.15,2023-04-07 14:14:10
MXP,São Paulo,Brasil,2024,2,615.2,634.565,634.565,2023-04-07 14:14:10
MXP,Salalah,Omã,2023,12,615.23,771.6690476190475,675.99,2023-04-07 14:14:10
MXP,Buffalo,Estados Unidos,2023,5,615.42,831.5061538461539,829.26,2023-04-07 14:14:10
MXP,Pequim,China,2023,3,615.92,884.0891379310344,831.9449999999999,2023-04-07 14:14:10
MXP,Hong Kong,Hong Kong,2023,5,616.0,689.6441772151899,679.69,2023-04-07 14:14:10
MXP,Carachi,Paquistão,2023,4,616.01,727.56725,689.4749999999999,2023-04-07 14:14:10
MXP,Harrisburg,Estados Unidos,2023,10,616.33,616.82,616.33,2023-04-07 14:14:10
MXP,Arusha,Tanzânia,2023,11,616.47,697.4408333333334,673.01,2023-04-07 14:14:10
MXP,Phuket,Tailândia,2023,3,616.47,1078.836896551724,917.28,2023-04-07 14:14:10
MXP,Salalah,Omã,2023,1,616.67,645.7433333333333,660.28,2023-04-07 14:14:10
MXP,Santiago,Chile,2023,10,617.06,1038.7675,748.115,2023-04-07 14:14:10
MXP,Cidade do Panamá,Panamá,2023,10,617.09,652.406,654.55,2023-04-07 14:14:10
MXP,Minneapolis,Estados Unidos,2023,5,617.19,900.0172340425531,686.62,2023-04-07 14:14:10
MXP,Incheon,Coreia do Sul,2023,12,617.22,679.654,706.88,2023-04-07 14:14:10
MXP,Seul,Coreia do Sul,2023,12,617.22,679.654,706.88,2023-04-07 14:14:10
MXP,Wilmington,Estados Unidos,2023,3,617.52,632.1768421052632,637.7,2023-04-07 14:14:10
MXP,Maputo,Moçambique,2023,10,617.57,617.57,617.57,2023-04-07 14:14:10
MXP,Montevidéu,Uruguai,2023,5,617.59,802.053,790.1800000000001,2023-04-07 14:14:10
MXP,São Paulo,Brasil,2023,6,617.85,1416.2178378378378,933.77,2023-04-07 14:14:10
MXP,Cidade do Cabo,África do Sul,2023,4,617.85,770.3454878048781,709.45,2023-04-07 14:14:10
MXP,Cidade de Ho Chi Minh,Vietname,2023,4,618.28,944.5311494252873,896.99,2023-04-07 14:14:10
MXP,Vancouver,Canadá,2023,5,618.31,1022.7756097560977,746.08,2023-04-07 14:14:10
MXP,Nouakchott,Mauritânia,2023,7,618.45,619.8,619.09,2023-04-07 14:14:10
MXP,Lexington,Estados Unidos,2023,3,618.78,681.3689999999999,618.79,2023-04-07 14:14:10
MXP,Acra,Gana,2024,1,618.92,747.5133333333334,787.58,2023-04-07 14:14:10
MXP,Lerwick,Reino Unido,2023,3,619.02,622.667,623.685,2023-04-07 14:14:10
MXP,Windhoek,Namíbia,2023,3,619.02,1116.9152173913044,820.88,2023-04-07 14:14:10
MXP,Seattle,Estados Unidos,2023,5,619.17,716.4526315789474,694.97,2023-04-07 14:14:10
MXP,Seattle,Estados Unidos,2023,10,619.17,619.17,619.17,2023-04-07 14:14:10
MXP,Charlotte,Estados Unidos,2023,8,619.41,621.1379999999999,621.66,2023-04-07 14:14:10
MXP,Milwaukee,Estados Unidos,2023,2,619.42,653.5355555555556,620.78,2023-04-07 14:14:10
MXP,Hong Kong,Hong Kong,2023,12,619.54,672.0110000000001,654.19,2023-04-07 14:14:10
MXP,Columbus,Estados Unidos,2023,5,619.73,633.721875,623.67,2023-04-07 14:14:10
MXP,Santiago,República Dominicana,2023,2,619.82,708.7027777777778,620.09,2023-04-07 14:14:10
MXP,Rorvik,Noruega,2023,7,619.9,620.1245454545455,620.09,2023-04-07 14:14:10
MXP,Calcutá,Índia,2023,3,619.9,801.3046153846154,730.61,2023-04-07 14:14:10
MXP,Durban,África do Sul,2023,4,620.2,789.8536363636363,831.59,2023-04-07 14:14:10
MXP,Milwaukee,Estados Unidos,2023,4,620.43,830.9909090909091,627.0,2023-04-07 14:14:10
MXP,Santo Domingo,República Dominicana,2024,2,620.66,651.1625,620.76,2023-04-07 14:14:10
MXP,Jacarta,Indonésia,2023,9,620.66,833.5775,837.615,2023-04-07 14:14:10
MXP,Richmond,Estados Unidos,2023,2,620.66,620.8725,620.66,2023-04-07 14:14:10
MXP,Austin,Estados Unidos,2023,2,620.82,677.4836363636364,636.38,2023-04-07 14:14:10
MXP,Kuala Lumpur,Malásia,2023,10,620.86,654.0400000000001,652.09,2023-04-07 14:14:10
MXP,Fes,Marrocos,2023,10,620.86,620.86,620.86,2023-04-07 14:14:10
MXP,Ontário,Estados Unidos,2023,6,620.9,1696.328,2248.54,2023-04-07 14:14:10
MXP,Austin,Estados Unidos,2023,4,621.12,694.2167961165048,696.84,2023-04-07 14:14:10
MXP,São Pedro,Cabo Verde,2023,10,621.36,622.0914285714287,621.36,2023-04-07 14:14:10
MXP,Andenes,Noruega,2023,4,621.56,804.5431578947369,966.91,2023-04-07 14:14:10
MXP,Phoenix,Estados Unidos,2023,11,621.66,642.2025,633.255,2023-04-07 14:14:10
MXP,Hong Kong,Hong Kong,2023,4,621.69,952.2461904761906,764.95,2023-04-07 14:14:10
MXP,Cincinnati,Estados Unidos,2023,2,621.91,635.1315000000001,644.05,2023-04-07 14:14:10
MXP,Cali,Colômbia,2023,10,622.5,622.5733333333334,622.61,2023-04-07 14:14:10
MXP,Portland,Estados Unidos,2023,2,622.58,698.5664285714286,684.97,2023-04-07 14:14:10
MXP,Cincinnati,Estados Unidos,2023,3,622.6,1154.3208219178082,652.58,2023-04-07 14:14:10
MXP,Volda,Noruega,2023,1,622.62,622.62,622.62,2023-04-07 14:14:10
MXP,Portland,Estados Unidos,2023,3,622.66,1625.9281818181817,937.48,2023-04-07 14:14:10
MXP,Syracuse,Estados Unidos,2023,3,623.26,1265.4364285714287,1316.52,2023-04-07 14:14:10
MXP,São Paulo,Brasil,2024,1,623.32,624.835,625.34,2023-04-07 14:14:10
MXP,Salalah,Omã,2023,11,623.34,751.628,783.7,2023-04-07 14:14:10
MXP,Dayton,Estados Unidos,2023,4,623.42,664.0305000000001,661.905,2023-04-07 14:14:10
MXP,Bridgetown,Barbados,2023,9,623.54,905.8383333333333,914.9599999999999,2023-04-07 14:14:10
MXP,Xangai,China,2023,6,623.65,885.75,841.635,2023-04-07 14:14:10
MXP,Vancouver,Canadá,2023,9,624.0,655.1248484848485,652.29,2023-04-07 14:14:10
MXP,Buffalo,Estados Unidos,2023,6,624.49,965.8245454545454,1089.91,2023-04-07 14:14:10
MXP,Pereira,Colômbia,2023,5,624.79,781.9404545454545,626.12,2023-04-07 14:14:10
MXP,Roanoke,Estados Unidos,2024,2,625.19,625.764,625.19,2023-04-07 14:14:10
MXP,Cidade do México,México,2023,12,625.31,704.0325,671.83,2023-04-07 14:14:10
MXP,Fortaleza,Brasil,2023,3,625.61,1008.0196153846153,815.25,2023-04-07 14:14:10
MXP,Cincinnati,Estados Unidos,2023,5,625.86,686.651388888889,701.84,2023-04-07 14:14:10
MXP,Salvador,Brasil,2023,6,625.86,2392.86875,880.605,2023-04-07 14:14:10
MXP,Maputo,Moçambique,2023,4,625.92,715.3210256410257,664.8,2023-04-07 14:14:10
MXP,Dar Es Salaam,Tanzânia,2023,7,625.93,923.5663636363636,879.76,2023-04-07 14:14:10
MXP,Charlottesville,Estados Unidos,2023,4,625.93,772.8272727272728,891.24,2023-04-07 14:14:10
MXP,Abu Simbel,Egito,2023,3,626.24,687.8192857142857,693.81,2023-04-07 14:14:10
MXP,Indianápolis,Estados Unidos,2023,4,626.27,724.7492105263158,701.9,2023-04-07 14:14:10
MXP,Nassau,Bahamas,2023,12,626.48,1550.8582352941175,1628.24,2023-04-07 14:14:10
MXP,Manila,Filipinas,2023,3,626.79,905.3478125,811.7449999999999,2023-04-07 14:14:10
MXP,Urgench,Uzbequistão,2023,4,627.18,1147.8754838709676,859.62,2023-04-07 14:14:10
MXP,Saint John's,Antígua e Barbuda,2024,1,627.22,858.5366666666667,714.93,2023-04-07 14:14:10
MXP,Luanda,Angola,2023,11,627.3,628.138,627.89,2023-04-07 14:14:10
MXP,Calgary,Canadá,2023,2,627.7,939.7654999999999,848.77,2023-04-07 14:14:10
MXP,Vancouver,Canadá,2023,10,627.8,658.8050000000001,670.52,2023-04-07 14:14:10
MXP,Seattle,Estados Unidos,2023,11,627.8,627.8,627.8,2023-04-07 14:14:10
MXP,Cochin,Índia,2023,3,627.84,710.06,684.54,2023-04-07 14:14:10
MXP,Worcester,Estados Unidos,2023,3,628.12,630.3690909090909,630.21,2023-04-07 14:14:10
MXP,Lagos,Nigéria,2023,8,628.12,741.4686666666668,685.78,2023-04-07 14:14:10
MXP,Seattle,Estados Unidos,2023,4,628.36,700.6349456521739,688.685,2023-04-07 14:14:10
MXP,Pointe-à-Pitre,Guadalupe,2024,1,628.36,778.1541666666667,799.68,2023-04-07 14:14:10
MXP,Lahore,Paquistão,2023,2,628.46,854.4478571428572,814.965,2023-04-07 14:14:10
MXP,São Diego,Estados Unidos,2023,5,628.46,702.1418181818182,698.79,2023-04-07 14:14:10
MXP,Las Vegas,Estados Unidos,2023,10,629.09,693.3338461538461,702.625,2023-04-07 14:14:10
MXP,Las Vegas,Estados Unidos,2023,9,629.68,697.0141176470588,688.96,2023-04-07 14:14:10
MXP,Asheville,Estados Unidos,2023,3,629.76,631.8,630.1,2023-04-07 14:14:10
MXP,Rochester,Estados Unidos,2023,4,629.83,738.3864,765.38,2023-04-07 14:14:10
MXP,Durban,África do Sul,2023,3,629.9,1080.1291176470588,841.22,2023-04-07 14:14:10
MXP,Oostende,Bélgica,2023,2,629.94,629.94,629.94,2023-04-07 14:14:10
MXP,Quito,Equador,2023,5,629.96,1241.3427777777779,902.09,2023-04-07 14:14:10
MXP,Minneapolis,Estados Unidos,2023,2,629.99,634.2046153846154,632.7,2023-04-07 14:14:10
MXP,Kuala Lumpur,Malásia,2023,12,630.27,765.8945454545454,751.49,2023-04-07 14:14:10
MXP,Nottingham,Reino Unido,2023,12,630.34,630.995,630.995,2023-04-07 14:14:10
MXP,Dar Es Salaam,Tanzânia,2024,1,630.68,632.51,632.72,2023-04-07 14:14:10
MXP,Hong Kong,Hong Kong,2023,10,630.86,691.0060000000001,688.01,2023-04-07 14:14:10
MXP,Fortaleza,Brasil,2023,5,630.96,767.3857142857142,729.46,2023-04-07 14:14:10
MXP,Las Vegas,Estados Unidos,2023,4,631.17,693.1904225352113,689.28,2023-04-07 14:14:10
MXP,Colombo,Sri Lanka,2023,10,631.27,688.1533333333333,698.33,2023-04-07 14:14:10
MXP,Phoenix,Estados Unidos,2023,2,631.47,795.9763013698631,698.83,2023-04-07 14:14:10
MXP,Little Rock,Estados Unidos,2023,4,631.65,637.74375,637.755,2023-04-07 14:14:10
MXP,Arusha,Tanzânia,2023,7,631.94,973.7483333333333,996.2,2023-04-07 14:14:10
MXP,Minneapolis,Estados Unidos,2023,4,632.13,768.6173684210527,784.03,2023-04-07 14:14:10
MXP,Rio de Janeiro,Brasil,2023,3,632.13,805.1431343283583,746.65,2023-04-07 14:14:10
MXP,Phuket,Tailândia,2023,4,632.38,792.3408571428572,796.26,2023-04-07 14:14:10
MXP,Saint John's,Antígua e Barbuda,2023,10,632.4,834.7360000000001,632.4,2023-04-07 14:14:10
MXP,Fort-de-France,Martinica,2023,4,632.47,807.3657692307692,777.44,2023-04-07 14:14:10
MXP,Nur-Sultan,Cazaquistão,2023,7,632.51,983.7857142857143,1298.85,2023-04-07 14:14:10
MXP,Jacarta,Indonésia,2023,4,632.59,1034.9208571428571,851.08,2023-04-07 14:14:10
MXP,Cidade do Cabo,África do Sul,2023,8,632.7,770.205625,776.72,2023-04-07 14:14:10
MXP,Luanda,Angola,2023,5,632.74,678.2911111111111,714.72,2023-04-07 14:14:10
MXP,Rio de Janeiro,Brasil,2024,2,632.74,737.4671428571429,659.18,2023-04-07 14:14:10
MXP,São Paulo,Brasil,2023,11,632.76,687.9575,680.095,2023-04-07 14:14:10
MXP,Stokmarknes,Noruega,2023,5,632.76,635.7940000000001,636.05,2023-04-07 14:14:10
MXP,Oakland,Estados Unidos,2023,6,633.05,990.1822448979592,1071.64,2023-04-07 14:14:10
MXP,Luanda,Angola,2023,2,633.05,733.3766666666667,737.0699999999999,2023-04-07 14:14:10
MXP,Salvador,Brasil,2023,5,633.35,1096.394,1097.7,2023-04-07 14:14:10
MXP,Taipé,Taiwan,2023,10,633.39,887.1655555555557,859.72,2023-04-07 14:14:10
MXP,Portland,Estados Unidos,2023,6,633.49,700.84,699.97,2023-04-07 14:14:10
MXP,Leknes,Noruega,2023,6,633.7,654.2525,669.04,2023-04-07 14:14:10
MXP,Salvador,Brasil,2023,4,634.23,1086.955254237288,959.25,2023-04-07 14:14:10
MXP,Duala,Camarões,2023,6,634.27,635.6118181818182,636.41,2023-04-07 14:14:10
MXP,Cedar Rapids,Estados Unidos,2023,4,634.34,636.9399999999999,637.34,2023-04-07 14:14:10
MXP,Bogotá,Colômbia,2023,9,634.55,749.0896551724137,738.68,2023-04-07 14:14:10
MXP,Denpasar,Indonésia,2023,9,635.14,763.8688235294118,739.27,2023-04-07 14:14:10
MXP,Roanoke,Estados Unidos,2023,4,635.16,662.2273913043479,680.11,2023-04-07 14:14:10
MXP,Ivalo,Finlândia,2023,2,635.27,635.27,635.27,2023-04-07 14:14:10
MXP,Edmonton,Canadá,2023,2,635.53,635.7077777777778,635.73,2023-04-07 14:14:10
MXP,Salvador,Brasil,2023,3,635.85,912.816129032258,956.36,2023-04-07 14:14:10
MXP,Antananarivo,Madagáscar,2023,4,635.89,857.3421538461538,865.15,2023-04-07 14:14:10
MXP,Lille,França,2023,8,635.93,636.5675,636.78,2023-04-07 14:14:10
MXP,Svolvær,Noruega,2023,9,636.2,637.36,636.86,2023-04-07 14:14:10
MXP,Tóquio,Japão,2024,1,636.45,758.4377777777778,739.69,2023-04-07 14:14:10
MXP,Norfolk,Estados Unidos,2023,9,636.48,712.9993548387097,720.46,2023-04-07 14:14:10
MXP,Saint John's,Antígua e Barbuda,2023,3,636.48,959.1586567164179,847.66,2023-04-07 14:14:10
MXP,Vancouver,Canadá,2023,2,636.72,725.8195652173912,709.81,2023-04-07 14:14:10
MXP,Cotonou,Benin,2023,1,636.89,637.617,637.72,2023-04-07 14:14:10
MXP,Guaiaquil,Equador,2023,2,636.89,915.153,948.23,2023-04-07 14:14:10
MXP,Saint John's,Antígua e Barbuda,2023,6,637.34,998.691111111111,1045.05,2023-04-07 14:14:10
MXP,Punta Cana,República Dominicana,2023,9,637.38,706.847,648.67,2023-04-07 14:14:10
MXP,Denpasar,Indonésia,2023,10,637.57,796.0932727272727,773.59,2023-04-07 14:14:10
MXP,Addis Abeba,Etiópia,2023,8,637.72,955.657142857143,910.76,2023-04-07 14:14:10
MXP,Minneapolis,Estados Unidos,2023,3,637.79,725.68765625,667.87,2023-04-07 14:14:10
MXP,Columbus,Estados Unidos,2023,9,637.92,637.92,637.92,2023-04-07 14:14:10
MXP,Richmond,Estados Unidos,2023,9,638.12,642.1233333333333,638.12,2023-04-07 14:14:10
MXP,Dallas,Estados Unidos,2023,9,638.21,739.0328571428572,691.14,2023-04-07 14:14:10
MXP,Fortaleza,Brasil,2023,9,638.45,653.5563636363636,638.49,2023-04-07 14:14:10
MXP,Roanoke,Estados Unidos,2023,2,638.72,662.444,640.145,2023-04-07 14:14:10
MXP,Phoenix,Estados Unidos,2023,3,638.74,1206.9572340425532,720.3,2023-04-07 14:14:10
MXP,Augusta,Estados Unidos,2023,2,639.2,890.2554545454545,943.56,2023-04-07 14:14:10
MXP,Langkawi,Malásia,2023,12,639.47,941.11625,905.4300000000001,2023-04-07 14:14:10
MXP,Gizé,Egito,2023,3,639.75,640.7866666666667,639.75,2023-04-07 14:14:10
MXP,Guaiaquil,Equador,2023,3,640.13,1003.796095890411,946.25,2023-04-07 14:14:10
MXP,Seattle,Estados Unidos,2023,9,640.2,692.9155555555556,691.67,2023-04-07 14:14:10
MXP,Fayetteville,Estados Unidos,2023,2,640.39,640.6722222222222,640.65,2023-04-07 14:14:10
MXP,Rio de Janeiro,Brasil,2023,2,640.89,826.55125,830.3299999999999,2023-04-07 14:14:10
MXP,Phoenix,Estados Unidos,2023,9,641.55,697.7122222222222,652.26,2023-04-07 14:14:10
MXP,Durban,África do Sul,2023,5,641.59,644.7077777777778,646.23,2023-04-07 14:14:10
MXP,São Salvador,El Salvador,2023,3,641.81,864.6942857142857,813.91,2023-04-07 14:14:10
MXP,Pointe-à-Pitre,Guadalupe,2023,9,641.81,723.0538461538462,730.49,2023-04-07 14:14:10
MXP,Daca,Bangladexe,2023,10,641.93,644.8481818181818,646.55,2023-04-07 14:14:10
MXP,Lima,Perú,2023,5,641.95,791.7231578947368,788.58,2023-04-07 14:14:10
MXP,Seattle,Estados Unidos,2023,2,641.96,956.3266666666667,644.29,2023-04-07 14:14:10
MXP,Durban,África do Sul,2023,9,642.03,642.0966666666667,642.13,2023-04-07 14:14:10
MXP,Lomé,Togo,2023,6,642.51,647.2044444444444,649.56,2023-04-07 14:14:10
MXP,Stornoway,Reino Unido,2023,7,642.54,646.622,646.9749999999999,2023-04-07 14:14:10
MXP,Akureyri,Islândia,2023,8,642.87,774.2753333333333,646.61,2023-04-07 14:14:10
MXP,Detroit,Estados Unidos,2023,5,642.88,676.6816666666667,657.9200000000001,2023-04-07 14:14:10
MXP,São Diego,Estados Unidos,2023,9,642.89,653.4266666666666,644.27,2023-04-07 14:14:10
MXP,Erie,Estados Unidos,2023,4,642.9,643.9683333333334,644.02,2023-04-07 14:14:10
MXP,Lima,Perú,2023,8,642.96,878.5683333333333,768.935,2023-04-07 14:14:10
MXP,Lucknow,Índia,2023,11,643.14,661.1016666666666,643.4,2023-04-07 14:14:10
MXP,Cidade do Cabo,África do Sul,2024,1,643.15,653.8425,643.19,2023-04-07 14:14:10
MXP,Port Louis,Maurícia,2023,12,643.22,895.9031578947369,877.28,2023-04-07 14:14:10
MXP,Freetown,Serra Leoa,2023,3,643.37,1059.6163636363638,646.22,2023-04-07 14:14:10
MXP,Austin,Estados Unidos,2023,11,643.63,665.47,649.59,2023-04-07 14:14:10
MXP,Sohag,Egito,2023,2,643.73,870.0146153846155,970.62,2023-04-07 14:14:10
MXP,Cidade do México,México,2023,10,643.8,775.9876923076923,705.94,2023-04-07 14:14:10
MXP,Mumbai,Índia,2023,8,643.81,769.0638461538462,749.0,2023-04-07 14:14:10
MXP,Niamey,Níger,2023,11,644.0,644.0,644.0,2023-04-07 14:14:10
MXP,Maceió,Brasil,2023,9,644.26,651.0985714285715,644.75,2023-04-07 14:14:10
MXP,Lima,Perú,2023,4,644.3,774.7505263157894,699.49,2023-04-07 14:14:10
MXP,Namsos,Noruega,2023,8,644.35,667.0733333333333,676.2950000000001,2023-04-07 14:14:10
MXP,Panama City,Estados Unidos,2023,10,644.39,645.0036363636364,644.47,2023-04-07 14:14:10
MXP,São Diego,Estados Unidos,2023,4,644.54,711.544776119403,706.65,2023-04-07 14:14:10
MXP,Harare,Zimbábue,2023,11,644.58,658.485,664.24,2023-04-07 14:14:10
MXP,Harare,Zimbábue,2024,1,644.71,645.184,645.5,2023-04-07 14:14:10
MXP,Cidade da Guatemala,Guatemala,2023,5,644.86,772.1289473684211,865.58,2023-04-07 14:14:10
MXP,Cidade da Guatemala,Guatemala,2023,9,645.03,703.2284999999999,668.45,2023-04-07 14:14:10
MXP,Louisville,Estados Unidos,2023,9,645.27,667.9375,649.94,2023-04-07 14:14:10
MXP,Bismarck,Estados Unidos,2023,4,645.5,648.7581818181818,649.46,2023-04-07 14:14:10
MXP,San Pedro,Honduras,2023,10,645.65,645.65,645.65,2023-04-07 14:14:10
MXP,Xangai,China,2023,5,645.9,878.2267391304348,886.04,2023-04-07 14:14:10
MXP,Bolzano,Itália,2023,2,646.08,646.6425,646.215,2023-04-07 14:14:10
MXP,San Juan,Porto Rico,2023,4,646.17,810.9754255319149,760.21,2023-04-07 14:14:10
MXP,Cleveland,Estados Unidos,2023,9,646.22,705.2158064516128,714.81,2023-04-07 14:14:10
MXP,Charleston,Estados Unidos,2023,8,646.22,664.7083333333334,648.365,2023-04-07 14:14:10
MXP,Lusaka,Zâmbia,2023,5,646.23,723.2993103448276,680.2,2023-04-07 14:14:10
MXP,Recife,Brasil,2023,11,646.51,730.67,751.78,2023-04-07 14:14:10
MXP,San Juan,Porto Rico,2023,10,646.52,653.6154545454546,647.89,2023-04-07 14:14:10
MXP,Conacri,Guiné,2023,9,646.58,648.8610000000001,648.33,2023-04-07 14:14:10
MXP,Oakland,Estados Unidos,2023,3,646.83,849.4139393939394,807.52,2023-04-07 14:14:10
MXP,San Juan,Porto Rico,2023,11,647.0,666.1891666666667,658.375,2023-04-07 14:14:10
MXP,Guaiaquil,Equador,2023,4,647.38,920.9186956521739,971.21,2023-04-07 14:14:10
MXP,Siālkot,Paquistão,2023,4,647.6,727.4404166666667,698.13,2023-04-07 14:14:10
MXP,Lerwick,Reino Unido,2023,2,647.72,927.8653333333333,649.11,2023-04-07 14:14:10
MXP,San Juan,Porto Rico,2023,9,647.72,687.6115789473685,667.44,2023-04-07 14:14:10
MXP,Quito,Equador,2023,11,648.09,651.61125,651.23,2023-04-07 14:14:10
MXP,Daca,Bangladexe,2023,6,648.4,787.8734615384615,838.77,2023-04-07 14:14:10
MXP,Port Louis,Maurícia,2023,9,648.44,845.6034285714286,852.11,2023-04-07 14:14:10
MXP,Portland,Estados Unidos,2023,4,648.72,927.9746341463415,774.09,2023-04-07 14:14:10
MXP,Recife,Brasil,2023,5,648.92,825.9271052631578,790.7650000000001,2023-04-07 14:14:10
MXP,Buenos Aires,Argentina,2023,11,649.01,891.1311764705882,940.92,2023-04-07 14:14:10
MXP,Cleveland,Estados Unidos,2023,10,649.1,666.8703448275862,667.6,2023-04-07 14:14:10
MXP,Tóquio,Japão,2023,11,649.25,770.725,756.6800000000001,2023-04-07 14:14:10
MXP,Phoenix,Estados Unidos,2023,4,649.33,754.1959803921569,713.18,2023-04-07 14:14:10
MXP,Santa Ana,Estados Unidos,2024,2,650.16,650.625,650.78,2023-04-07 14:14:10
MXP,La Paz,Bolívia,2023,5,650.29,1112.1766666666667,1222.83,2023-04-07 14:14:10
MXP,Lima,Perú,2023,10,650.49,713.62,713.62,2023-04-07 14:14:10
MXP,Providence,Estados Unidos,2023,8,650.67,651.8616666666667,652.09,2023-04-07 14:14:10
MXP,Phuket,Tailândia,2023,10,650.67,756.7428571428571,742.41,2023-04-07 14:14:10
MXP,Vadodara,Índia,2023,3,651.15,1008.082,651.83,2023-04-07 14:14:10
MXP,Dallas,Estados Unidos,2023,5,651.21,693.6485,694.01,2023-04-07 14:14:10
MXP,Port Louis,Maurícia,2023,6,651.43,1261.6542857142858,815.9,2023-04-07 14:14:10
MXP,Las Vegas,Estados Unidos,2023,12,651.51,651.51,651.51,2023-04-07 14:14:10
MXP,Rorvik,Noruega,2023,8,651.7,667.6905555555555,673.53,2023-04-07 14:14:10
MXP,Cidade do Panamá,Panamá,2023,9,651.85,717.3044444444445,706.85,2023-04-07 14:14:10
MXP,Santa Cruz das Flores,Portugal,2023,8,651.99,1535.7085,657.66,2023-04-07 14:14:10
MXP,Cidade do México,México,2023,5,652.04,765.1023529411765,734.97,2023-04-07 14:14:10
MXP,Pointe-à-Pitre,Guadalupe,2023,4,652.09,851.2348717948717,818.74,2023-04-07 14:14:10
MXP,Brasília,Brasil,2023,5,652.61,902.2427272727273,976.8,2023-04-07 14:14:10
MXP,West Palm Beach,Estados Unidos,2023,10,652.74,777.5885714285714,654.86,2023-04-07 14:14:10
MXP,Freetown,Serra Leoa,2023,4,652.75,1007.01,663.24,2023-04-07 14:14:10
MXP,Phuket,Tailândia,2023,8,653.01,895.2505555555556,766.155,2023-04-07 14:14:10
MXP,Vancouver,Canadá,2023,11,653.02,653.02,653.02,2023-04-07 14:14:10
MXP,Cidade da Guatemala,Guatemala,2023,3,653.23,804.7708108108109,741.14,2023-04-07 14:14:10
MXP,San Juan,Porto Rico,2024,2,653.28,663.0733333333334,667.0350000000001,2023-04-07 14:14:10
MXP,Detroit,Estados Unidos,2023,10,653.43,666.3840625,660.9549999999999,2023-04-07 14:14:10
MXP,Phoenix,Estados Unidos,2023,10,653.66,671.7633333333333,669.74,2023-04-07 14:14:10
MXP,Lilongwe,Malaui,2023,3,653.72,819.4761111111111,852.0,2023-04-07 14:14:10
MXP,Ahmedabad,Índia,2023,5,653.95,654.63375,654.63,2023-04-07 14:14:10
MXP,Natal,Brasil,2023,11,654.11,654.11,654.11,2023-04-07 14:14:10
MXP,Lusaka,Zâmbia,2023,4,654.37,655.7233333333334,654.37,2023-04-07 14:14:10
MXP,Denpasar,Indonésia,2023,11,654.58,826.0081481481482,814.55,2023-04-07 14:14:10
MXP,Santa Cruz da Serra,Bolívia,2023,5,654.58,1147.7237837837838,1123.64,2023-04-07 14:14:10
MXP,Roanoke,Estados Unidos,2023,9,655.09,657.0775,657.74,2023-04-07 14:14:10
MXP,Vancouver,Canadá,2023,4,655.11,862.2697183098592,755.38,2023-04-07 14:14:10
MXP,Lilongwe,Malaui,2023,5,655.14,893.76,962.81,2023-04-07 14:14:10
MXP,Cancún,México,2023,4,655.31,721.7254761904762,706.43,2023-04-07 14:14:10
MXP,Funchal,Portugal,2023,8,655.42,777.7349999999999,777.7349999999999,2023-04-07 14:14:10
MXP,Calgary,Canadá,2023,4,655.48,738.92,745.88,2023-04-07 14:14:10
MXP,Edmonton,Canadá,2023,3,655.48,976.6791891891892,761.28,2023-04-07 14:14:10
MXP,San Pedro,Honduras,2023,2,655.48,858.5869696969696,820.12,2023-04-07 14:14:10
MXP,Hanói,Vietname,2024,2,655.65,656.69,657.21,2023-04-07 14:14:10
MXP,Key West,Estados Unidos,2023,9,655.78,657.8377777777778,656.59,2023-04-07 14:14:10
MXP,Simpson Bay,São Martinho (Sint Maarten),2023,4,655.88,1329.3233766233766,1129.33,2023-04-07 14:14:10
MXP,San Juan,Porto Rico,2023,5,655.97,787.4370588235295,686.75,2023-04-07 14:14:10
MXP,Daca,Bangladexe,2023,9,656.39,656.39,656.39,2023-04-07 14:14:10
MXP,Simpson Bay,São Martinho (Sint Maarten),2024,1,656.42,998.657142857143,1254.54,2023-04-07 14:14:10
MXP,Albuquerque,Estados Unidos,2023,3,656.8,730.959298245614,705.02,2023-04-07 14:14:10
MXP,Urgench,Uzbequistão,2023,2,656.9,751.0588888888889,787.55,2023-04-07 14:14:10
MXP,Myrtle Beach,Estados Unidos,2023,4,657.25,658.2766666666666,657.34,2023-04-07 14:14:10
MXP,Phnom Penh,Cambodja,2023,11,657.69,781.3507142857143,806.795,2023-04-07 14:14:10
MXP,Albuquerque,Estados Unidos,2023,5,658.22,715.876,665.47,2023-04-07 14:14:10
MXP,Norfolk,Estados Unidos,2023,5,658.27,710.8426666666667,692.97,2023-04-07 14:14:10
MXP,Fort-de-France,Martinica,2023,3,658.38,817.0732258064517,780.9,2023-04-07 14:14:10
MXP,Harare,Zimbábue,2023,2,658.61,675.24,667.73,2023-04-07 14:14:10
MXP,Tóquio,Japão,2023,8,658.88,952.3900000000001,990.45,2023-04-07 14:14:10
MXP,San José,Costa Rica,2023,3,658.94,834.6618,787.92,2023-04-07 14:14:10
MXP,Allentown,Estados Unidos,2023,10,658.94,685.484375,660.38,2023-04-07 14:14:10
MXP,Dayton,Estados Unidos,2023,5,659.44,705.35,659.65,2023-04-07 14:14:10
MXP,Gibraltar,Gibraltar,2023,7,659.6,660.2733333333334,660.61,2023-04-07 14:14:10
MXP,Katmandu,Nepal,2023,9,659.63,786.1977777777778,838.63,2023-04-07 14:14:10
MXP,Rajkot,Índia,2023,5,659.88,659.88,659.88,2023-04-07 14:14:10
MXP,Daytona Beach,Estados Unidos,2023,8,659.93,830.6684615384615,665.04,2023-04-07 14:14:10
MXP,Lexington,Estados Unidos,2023,9,660.13,663.1211111111111,663.05,2023-04-07 14:14:10
MXP,Louisville,Estados Unidos,2023,10,660.22,662.31125,660.84,2023-04-07 14:14:10
MXP,Jaipur,Índia,2023,3,660.22,703.1216071428571,703.09,2023-04-07 14:14:10
MXP,Harare,Zimbábue,2023,3,660.29,1349.3904761904762,1958.98,2023-04-07 14:14:10
MXP,Chiang Mai,Tailândia,2023,9,660.38,799.6027777777778,794.13,2023-04-07 14:14:10
MXP,Samarcanda,Uzbequistão,2023,2,660.57,785.8683333333333,811.55,2023-04-07 14:14:10
MXP,Calcutá,Índia,2023,6,660.63,662.865,662.865,2023-04-07 14:14:10
MXP,Phnom Penh,Cambodja,2024,2,660.93,693.7842857142857,687.08,2023-04-07 14:14:10
MXP,Harare,Zimbábue,2023,6,660.95,761.0057894736842,668.24,2023-04-07 14:14:10
MXP,León,Espanha,2023,5,661.05,661.05,661.05,2023-04-07 14:14:10
MXP,São Salvador,El Salvador,2023,4,661.53,886.2532051282051,860.335,2023-04-07 14:14:10
MXP,Cartagena,Colômbia,2024,1,661.76,814.0640000000001,665.9,2023-04-07 14:14:10
MXP,Calcutá,Índia,2023,9,661.81,665.0277777777778,666.6,2023-04-07 14:14:10
MXP,Albuquerque,Estados Unidos,2023,4,662.93,792.8553333333333,713.41,2023-04-07 14:14:10
MXP,Daca,Bangladexe,2023,11,663.04,663.04,663.04,2023-04-07 14:14:10
MXP,Leknes,Noruega,2023,9,663.29,664.4991666666666,663.98,2023-04-07 14:14:10
MXP,Salalah,Omã,2023,7,663.29,699.9066666666666,663.29,2023-04-07 14:14:10
MXP,Hong Kong,Hong Kong,2023,6,663.32,708.1899999999999,704.23,2023-04-07 14:14:10
MXP,Denver,Estados Unidos,2024,1,663.59,684.2835714285713,688.385,2023-04-07 14:14:10
MXP,Cidade da Guatemala,Guatemala,2023,11,664.57,768.16,664.57,2023-04-07 14:14:10
MXP,Bangalore,Índia,2023,7,664.75,986.8835135135135,1005.59,2023-04-07 14:14:10
MXP,Grande Caimão,Ilhas Cayman,2023,11,664.79,711.7325,741.77,2023-04-07 14:14:10
MXP,Knoxville,Estados Unidos,2023,10,664.8,668.045,669.58,2023-04-07 14:14:10
MXP,Ordu,Turquia,2023,8,664.89,668.4455555555555,668.2,2023-04-07 14:14:10
MXP,Freetown,Serra Leoa,2023,2,665.33,821.7722727272726,725.135,2023-04-07 14:14:10
MXP,Chennai,Índia,2023,6,665.33,666.675,666.675,2023-04-07 14:14:10
MXP,Denver,Estados Unidos,2023,5,665.33,737.4867567567568,698.37,2023-04-07 14:14:10
MXP,Xangai,China,2023,12,665.43,665.43,665.43,2023-04-07 14:14:10
MXP,Detroit,Estados Unidos,2023,9,665.53,669.6600000000001,666.82,2023-04-07 14:14:10
MXP,Minneapolis,Estados Unidos,2023,9,665.53,673.8872727272727,667.69,2023-04-07 14:14:10
MXP,San José,Costa Rica,2023,5,665.8,750.800625,753.905,2023-04-07 14:14:10
MXP,Port Louis,Maurícia,2023,11,665.82,817.4804761904762,834.76,2023-04-07 14:14:10
MXP,San José,Costa Rica,2024,2,666.18,690.5319999999999,692.255,2023-04-07 14:14:10
MXP,Cleveland,Estados Unidos,2023,5,666.26,714.0831578947368,719.38,2023-04-07 14:14:10
MXP,San José,Costa Rica,2023,4,666.63,949.5308333333332,826.13,2023-04-07 14:14:10
MXP,Cidade do México,México,2023,4,666.65,952.8611494252873,736.81,2023-04-07 14:14:10
MXP,Malé,Maldivas,2023,7,666.78,705.7999999999998,725.31,2023-04-07 14:14:10
MXP,Port Louis,Maurícia,2023,4,666.8,906.3289743589744,891.49,2023-04-07 14:14:10
MXP,St Louis,Estados Unidos,2023,2,666.95,902.5829032258065,816.21,2023-04-07 14:14:10
MXP,Indianápolis,Estados Unidos,2023,6,666.99,667.775,667.775,2023-04-07 14:14:10
MXP,St Louis,Estados Unidos,2023,4,667.03,699.1884848484849,705.21,2023-04-07 14:14:10
MXP,Bangalore,Índia,2024,1,667.16,676.604,668.56,2023-04-07 14:14:10
MXP,Iaundé,Camarões,2023,2,667.33,769.18,763.2,2023-04-07 14:14:10
MXP,Minneapolis,Estados Unidos,2023,10,667.6,685.308125,691.11,2023-04-07 14:14:10
MXP,Indianápolis,Estados Unidos,2023,5,667.6,852.8638888888888,678.675,2023-04-07 14:14:10
MXP,Hong Kong,Hong Kong,2023,3,667.72,1340.694375,972.62,2023-04-07 14:14:10
MXP,St Louis,Estados Unidos,2023,6,668.02,832.2974285714286,721.47,2023-04-07 14:14:10
MXP,Svolvær,Noruega,2023,5,668.17,689.2745454545455,692.98,2023-04-07 14:14:10
MXP,San José,Costa Rica,2023,2,668.19,842.67,748.155,2023-04-07 14:14:10
MXP,Dallas,Estados Unidos,2023,8,668.24,739.4742857142857,758.68,2023-04-07 14:14:10
MXP,Hurghada,Egito,2023,8,668.97,819.9200000000001,819.9200000000001,2023-04-07 14:14:10
MXP,Mersa Matruh,Egito,2023,10,669.17,671.6085714285715,669.17,2023-04-07 14:14:10
MXP,Banjul,Gâmbia,2023,10,669.56,720.36,675.27,2023-04-07 14:14:10
MXP,El Paso,Estados Unidos,2023,1,669.59,669.615,669.615,2023-04-07 14:14:10
MXP,Dar Es Salaam,Tanzânia,2023,8,669.59,1054.514,979.9,2023-04-07 14:14:10
MXP,Ahmedabad,Índia,2023,4,669.84,825.5483333333333,673.94,2023-04-07 14:14:10
MXP,Denpasar,Indonésia,2023,3,670.07,1318.1333333333332,869.04,2023-04-07 14:14:10
MXP,Kigali,Ruanda,2023,4,670.07,721.5543333333334,736.6,2023-04-07 14:14:10
MXP,Omaha,Estados Unidos,2023,4,670.31,1424.6145999999999,1151.11,2023-04-07 14:14:10
MXP,Ottawa,Canadá,2023,5,670.31,682.40375,674.47,2023-04-07 14:14:10
MXP,Lima,Perú,2024,2,670.54,723.39,723.39,2023-04-07 14:14:10
MXP,Calcutá,Índia,2023,2,670.94,671.7066666666667,672.09,2023-04-07 14:14:10
MXP,Fortaleza,Brasil,2023,2,671.44,847.6744444444444,807.52,2023-04-07 14:14:10
MXP,Cidade do México,México,2024,1,671.46,672.0066666666667,672.28,2023-04-07 14:14:10
MXP,Entebbe,Uganda,2023,8,671.63,2473.2446666666665,1023.26,2023-04-07 14:14:10
MXP,Quito,Equador,2023,4,671.83,1191.945,1133.2,2023-04-07 14:14:10
MXP,Urgench,Uzbequistão,2023,6,672.14,711.8839473684211,716.57,2023-04-07 14:14:10
MXP,Fortaleza,Brasil,2023,6,672.26,754.4247368421053,711.04,2023-04-07 14:14:10
MXP,Singapura,Singapura,2023,2,672.53,877.009,808.22,2023-04-07 14:14:10
MXP,Kingston,Jamaica,2024,1,672.68,914.0433333333334,906.245,2023-04-07 14:14:10
MXP,Lusaka,Zâmbia,2023,11,672.77,684.9240000000001,689.22,2023-04-07 14:14:10
MXP,Al ‘Ulá,Arábia Saudita,2023,2,672.8,712.8708695652174,745.89,2023-04-07 14:14:10
MXP,Barranquilla,Colômbia,2023,4,672.96,1391.6755263157895,938.5999999999999,2023-04-07 14:14:10
MXP,Harare,Zimbábue,2023,4,673.08,1245.513888888889,1216.82,2023-04-07 14:14:10
MXP,Rochester,Estados Unidos,2023,8,673.16,673.16,673.16,2023-04-07 14:14:10
MXP,Hong Kong,Hong Kong,2023,9,673.23,772.03375,777.225,2023-04-07 14:14:10
MXP,Ontário,Estados Unidos,2023,8,673.26,1170.5772727272727,1061.92,2023-04-07 14:14:10
MXP,San José,Costa Rica,2023,11,673.32,735.5733333333333,730.03,2023-04-07 14:14:10
MXP,Saint John's,Antígua e Barbuda,2023,7,673.41,1569.7565,1807.495,2023-04-07 14:14:10
MXP,Santo Domingo,República Dominicana,2023,12,673.52,754.47,754.47,2023-04-07 14:14:10
MXP,Jodhpur,Índia,2023,3,673.7,675.1941666666667,674.62,2023-04-07 14:14:10
MXP,Durban,África do Sul,2023,2,673.71,845.4888571428571,892.43,2023-04-07 14:14:10
MXP,Siālkot,Paquistão,2023,2,674.16,1196.6504166666666,918.7,2023-04-07 14:14:10
MXP,Banjul,Gâmbia,2023,2,674.37,853.249375,819.52,2023-04-07 14:14:10
MXP,Cidade do Cabo,África do Sul,2023,1,674.57,675.0250000000001,675.0250000000001,2023-04-07 14:14:10
MXP,Amarillo,Estados Unidos,2023,1,674.57,675.15625,674.71,2023-04-07 14:14:10
MXP,Guaiaquil,Equador,2023,6,674.72,833.7119298245615,864.36,2023-04-07 14:14:10
MXP,São Salvador,El Salvador,2023,9,674.81,700.8833333333333,677.4100000000001,2023-04-07 14:14:10
MXP,Lusaka,Zâmbia,2023,10,674.86,733.2985714285714,679.02,2023-04-07 14:14:10
MXP,Austin,Estados Unidos,2023,8,675.03,725.2642857142857,703.8499999999999,2023-04-07 14:14:10
MXP,São Salvador,El Salvador,2023,2,675.25,2046.034,901.56,2023-04-07 14:14:10
MXP,Denver,Estados Unidos,2023,10,675.42,1507.9060000000002,688.55,2023-04-07 14:14:10
MXP,Oranjestad,Aruba,2023,2,675.55,1015.67425,915.84,2023-04-07 14:14:10
MXP,Jacarta,Indonésia,2023,10,675.6,1246.428947368421,739.58,2023-04-07 14:14:10
MXP,Jacarta,Indonésia,2024,3,675.64,675.64,675.64,2023-04-07 14:14:10
MXP,Saint John's,Antígua e Barbuda,2023,4,676.11,1050.1766666666667,1014.55,2023-04-07 14:14:10
MXP,São Paulo,Brasil,2023,9,676.11,764.7873684210526,759.07,2023-04-07 14:14:10
MXP,Cidade do México,México,2024,2,676.35,677.975,677.975,2023-04-07 14:14:10
MXP,Bangor,Estados Unidos,2023,3,676.45,681.609,681.415,2023-04-07 14:14:10
MXP,Oklahoma City,Estados Unidos,2023,11,676.45,679.398,680.39,2023-04-07 14:14:10
MXP,Daca,Bangladexe,2023,2,676.48,986.7253703703703,912.41,2023-04-07 14:14:10
MXP,Colorado Springs,Estados Unidos,2023,3,676.72,679.1822222222222,678.76,2023-04-07 14:14:10
MXP,Cidade de Ho Chi Minh,Vietname,2024,1,676.79,676.79,676.79,2023-04-07 14:14:10
MXP,Rajkot,Índia,2023,4,677.08,677.88,677.88,2023-04-07 14:14:10
MXP,Montego Bay,Jamaica,2023,10,677.44,779.0257894736842,798.07,2023-04-07 14:14:10
MXP,Cancún,México,2023,8,677.71,1124.3695238095238,1312.83,2023-04-07 14:14:10
MXP,Tóquio,Japão,2023,2,677.76,811.3833333333333,871.4300000000001,2023-04-07 14:14:10
MXP,Pereira,Colômbia,2023,3,677.82,869.2416279069768,871.59,2023-04-07 14:14:10
MXP,Vólos,Grécia,2023,6,677.91,677.91,677.91,2023-04-07 14:14:10
MXP,Xangai,China,2023,3,678.35,974.5653086419752,882.78,2023-04-07 14:14:10
MXP,San Antonio,Estados Unidos,2023,6,678.76,680.5277777777778,681.76,2023-04-07 14:14:10
MXP,Cuiabá,Brasil,2023,3,678.76,724.015238095238,708.87,2023-04-07 14:14:10
MXP,Santiago,Chile,2023,3,679.0,1280.2778,1100.21,2023-04-07 14:14:10
MXP,Calcutá,Índia,2023,5,679.1,680.24,679.3,2023-04-07 14:14:10
MXP,Oklahoma City,Estados Unidos,2023,3,679.16,950.6313333333334,687.34,2023-04-07 14:14:10
MXP,Coxen Hole,Honduras,2023,2,679.2,827.2482051282051,759.31,2023-04-07 14:14:10
MXP,Denver,Estados Unidos,2023,9,679.28,711.3449999999999,692.04,2023-04-07 14:14:10
MXP,São Salvador,El Salvador,2023,5,679.32,725.1721428571428,681.585,2023-04-07 14:14:10
MXP,Lusaka,Zâmbia,2023,6,679.32,680.56,681.53,2023-04-07 14:14:10
MXP,Oranjestad,Aruba,2023,3,679.36,1137.8247916666667,1058.7649999999999,2023-04-07 14:14:10
MXP,Windhoek,Namíbia,2023,4,679.4,872.5698412698413,817.36,2023-04-07 14:14:10
MXP,Providenciales,Ilhas Turcas e Caicos,2023,3,679.68,1208.9530508474575,941.69,2023-04-07 14:14:10
MXP,Condado de Derry,Reino Unido,2023,8,679.69,682.6600000000001,682.69,2023-04-07 14:14:10
MXP,Doha,Catar,2023,12,679.71,684.115,684.115,2023-04-07 14:14:10
MXP,Cidade do Panamá,Panamá,2023,11,680.01,693.462,702.43,2023-04-07 14:14:10
MXP,Durban,África do Sul,2023,10,680.08,741.1116666666667,740.465,2023-04-07 14:14:10
MXP,San Antonio,Estados Unidos,2023,4,680.1,905.1496551724138,739.7,2023-04-07 14:14:10
MXP,Tulsa,Estados Unidos,2023,3,680.1,1020.4215,1019.06,2023-04-07 14:14:10
MXP,Lincoln,Estados Unidos,2023,5,680.39,1017.9614285714285,1029.5,2023-04-07 14:14:10
MXP,Rijeka,Croácia,2023,3,680.51,683.7775,684.73,2023-04-07 14:14:10
MXP,Comayagua,Honduras,2023,5,680.62,682.3055555555555,682.91,2023-04-07 14:14:10
MXP,Cincinnati,Estados Unidos,2023,4,680.98,688.8800000000001,684.31,2023-04-07 14:14:10
MXP,Denpasar,Indonésia,2024,1,681.12,814.6753333333332,844.12,2023-04-07 14:14:10
MXP,Bridgetown,Barbados,2023,11,681.14,724.7522222222223,726.68,2023-04-07 14:14:10
MXP,Akureyri,Islândia,2023,7,681.73,1005.1228571428572,1118.22,2023-04-07 14:14:10
MXP,Edmonton,Canadá,2023,4,681.92,701.5352,703.35,2023-04-07 14:14:10
MXP,Vasco da Gama,Índia,2023,3,681.98,872.5564285714287,682.69,2023-04-07 14:14:10
MXP,Bhubaneswar,Índia,2023,6,681.98,682.335,682.335,2023-04-07 14:14:10
MXP,Bridgetown,Barbados,2023,10,682.03,729.4283333333333,705.0350000000001,2023-04-07 14:14:10
MXP,Islamabad,Paquistão,2023,9,682.17,682.3833333333333,682.17,2023-04-07 14:14:10
MXP,Providenciales,Ilhas Turcas e Caicos,2023,4,682.17,1080.1326865671642,1148.06,2023-04-07 14:14:10
MXP,Bridgetown,Barbados,2023,5,682.54,1320.5336842105262,1004.38,2023-04-07 14:14:10
MXP,Malé,Maldivas,2024,1,682.57,682.57,682.57,2023-04-07 14:14:10
MXP,Pequim,China,2023,6,682.64,829.959375,842.81,2023-04-07 14:14:10
MXP,Dallas,Estados Unidos,2023,11,682.64,691.404,682.64,2023-04-07 14:14:10
MXP,Vasco da Gama,Índia,2024,1,682.66,799.1400000000001,812.61,2023-04-07 14:14:10
MXP,Bogotá,Colômbia,2024,1,682.81,705.4257142857142,687.08,2023-04-07 14:14:10
MXP,Cidade de Ho Chi Minh,Vietname,2023,11,683.26,754.095,777.67,2023-04-07 14:14:10
MXP,Cidade do México,México,2023,11,683.27,710.415,698.8,2023-04-07 14:14:10
MXP,Daca,Bangladexe,2023,4,683.37,895.3623913043477,881.03,2023-04-07 14:14:10
MXP,Detroit,Estados Unidos,2023,12,683.72,752.8366666666666,684.77,2023-04-07 14:14:10
MXP,Lakselv,Noruega,2023,7,683.73,687.9788888888888,688.0,2023-04-07 14:14:10
MXP,Jaipur,Índia,2023,7,683.74,776.0705,782.86,2023-04-07 14:14:10
MXP,Tebessa,Argélia,2023,4,683.81,683.81,683.81,2023-04-07 14:14:10
MXP,Berna,Suíça,2023,6,683.87,689.9983333333333,691.27,2023-04-07 14:14:10
MXP,Minneapolis,Estados Unidos,2023,8,683.9,824.069090909091,819.69,2023-04-07 14:14:10
MXP,Lucknow,Índia,2023,6,683.91,684.8716666666666,684.0,2023-04-07 14:14:10
MXP,Islamabad,Paquistão,2023,8,683.95,864.19,864.19,2023-04-07 14:14:10
MXP,Calgary,Canadá,2023,5,684.0,712.33875,699.2,2023-04-07 14:14:10
MXP,San Pedro,Honduras,2024,2,684.19,684.19,684.19,2023-04-07 14:14:10
MXP,Columbus,Estados Unidos,2023,4,684.25,753.588108108108,737.41,2023-04-07 14:14:10
MXP,Albany,Estados Unidos,2023,3,684.26,685.3958333333334,685.45,2023-04-07 14:14:10
MXP,Lakselv,Noruega,2023,8,684.29,684.29,684.29,2023-04-07 14:14:10
MXP,Cheyenne,Estados Unidos,2023,5,684.33,684.355,684.355,2023-04-07 14:14:10
MXP,Saint George,Estados Unidos,2023,4,684.34,685.9433333333333,686.65,2023-04-07 14:14:10
MXP,El Paso,Estados Unidos,2023,3,684.34,686.178,687.01,2023-04-07 14:14:10
MXP,Cedar Rapids,Estados Unidos,2023,2,684.42,685.237,685.1500000000001,2023-04-07 14:14:10
MXP,Pequim,China,2023,4,684.67,972.9372277227723,931.11,2023-04-07 14:14:10
MXP,Las Vegas,Estados Unidos,2024,1,684.67,687.5325,687.505,2023-04-07 14:14:10
MXP,Medellín,Colômbia,2023,6,684.71,1164.187037037037,1107.68,2023-04-07 14:14:10
MXP,Pune,Índia,2023,3,684.71,929.1877777777778,881.51,2023-04-07 14:14:10
MXP,El Paso,Estados Unidos,2023,5,684.78,685.135,685.135,2023-04-07 14:14:10
MXP,Indianápolis,Estados Unidos,2023,10,684.8,687.7125,689.115,2023-04-07 14:14:10
MXP,Vancouver,Canadá,2023,6,684.87,685.245,685.245,2023-04-07 14:14:10
MXP,Toronto,Canadá,2023,7,684.97,684.97,684.97,2023-04-07 14:14:10
MXP,Salt Lake City,Estados Unidos,2023,2,684.97,759.6259523809524,696.98,2023-04-07 14:14:10
MXP,Al ‘Ulá,Arábia Saudita,2023,3,685.2,1625.29625,2186.11,2023-04-07 14:14:10
MXP,San Antonio,Estados Unidos,2023,3,685.2,946.4033333333333,958.82,2023-04-07 14:14:10
MXP,Kuala Lumpur,Malásia,2023,2,685.25,939.0699999999999,929.89,2023-04-07 14:14:10
MXP,Denver,Estados Unidos,2023,6,685.3,686.3,686.41,2023-04-07 14:14:10
MXP,Long Beach,Estados Unidos,2023,11,685.49,810.1885714285714,902.24,2023-04-07 14:14:10
MXP,Barranquilla,Colômbia,2023,2,685.57,848.2708695652174,814.6,2023-04-07 14:14:10
MXP,Aspen,Estados Unidos,2023,2,685.59,804.2019047619049,901.68,2023-04-07 14:14:10
MXP,Aspen,Estados Unidos,2023,3,685.72,687.216,686.43,2023-04-07 14:14:10
MXP,San Antonio,Estados Unidos,2023,11,685.78,969.3033333333333,688.42,2023-04-07 14:14:10
MXP,San José,Costa Rica,2023,9,686.03,828.3585714285715,857.56,2023-04-07 14:14:10
MXP,San Antonio,Estados Unidos,2023,2,686.26,793.33,831.5250000000001,2023-04-07 14:14:10
MXP,Saint George,Estados Unidos,2023,2,686.26,687.1054545454546,687.43,2023-04-07 14:14:10
MXP,San Pedro,Honduras,2023,5,686.26,817.580588235294,792.65,2023-04-07 14:14:10
MXP,Krabi,Tailândia,2023,9,686.4,782.8877777777778,813.68,2023-04-07 14:14:10
MXP,Manhattan,Estados Unidos,2023,2,686.51,687.77,688.01,2023-04-07 14:14:10
MXP,Jacarta,Indonésia,2023,6,686.58,755.575,712.12,2023-04-07 14:14:10
MXP,Cidade do Panamá,Panamá,2023,12,686.61,960.8645454545455,1036.41,2023-04-07 14:14:10
MXP,Columbia,Estados Unidos,2023,4,686.65,782.6532432432433,839.26,2023-04-07 14:14:10
MXP,Joanesburgo,África do Sul,2023,8,686.81,871.4916666666667,885.05,2023-04-07 14:14:10
MXP,"Washington, D.C.",Estados Unidos,2023,7,686.87,806.8518181818182,838.13,2023-04-07 14:14:10
MXP,Salt Lake City,Estados Unidos,2023,3,687.33,766.9450819672131,720.21,2023-04-07 14:14:10
MXP,Punta Cana,República Dominicana,2023,7,687.35,1077.5044444444445,1164.88,2023-04-07 14:14:10
MXP,Cidade da Guatemala,Guatemala,2023,4,687.59,832.3550909090909,783.91,2023-04-07 14:14:10
MXP,Medellín,Colômbia,2023,9,687.66,706.478,688.8,2023-04-07 14:14:10
MXP,Richmond,Estados Unidos,2023,3,688.07,691.3933333333333,692.03,2023-04-07 14:14:10
MXP,Libreville,Gabão,2023,3,688.27,768.9130434782609,719.4,2023-04-07 14:14:10
MXP,Dayton,Estados Unidos,2023,9,688.31,720.41375,725.34,2023-04-07 14:14:10
MXP,Hamilton,Bermudas,2023,5,688.35,841.1575,794.67,2023-04-07 14:14:10
MXP,Port Louis,Maurícia,2023,2,688.79,775.6628571428571,700.19,2023-04-07 14:14:10
MXP,Abu Simbel,Egito,2023,4,689.21,718.1700000000001,729.33,2023-04-07 14:14:10
MXP,Carachi,Paquistão,2023,12,689.5,690.1857142857143,689.5,2023-04-07 14:14:10
MXP,Omaha,Estados Unidos,2023,2,689.71,689.9766666666667,690.01,2023-04-07 14:14:10
MXP,Langkawi,Malásia,2023,11,689.75,717.6866666666666,721.69,2023-04-07 14:14:10
MXP,Manágua,Nicarágua,2023,9,689.93,765.4328571428571,691.55,2023-04-07 14:14:10
MXP,Hanói,Vietname,2023,6,690.31,1107.490625,1224.38,2023-04-07 14:14:10
MXP,Abuja,Nigéria,2023,5,690.35,702.1366666666667,707.9,2023-04-07 14:14:10
MXP,Pequim,China,2023,5,690.44,836.7794285714285,793.44,2023-04-07 14:14:10
MXP,Rio de Janeiro,Brasil,2023,12,690.67,872.798,796.75,2023-04-07 14:14:10
MXP,Lincoln,Estados Unidos,2023,3,690.78,770.96,793.85,2023-04-07 14:14:10
MXP,Lincoln,Estados Unidos,2023,2,690.78,690.78,690.78,2023-04-07 14:14:10
MXP,Hyderabad,Índia,2023,2,690.84,901.2890476190476,917.58,2023-04-07 14:14:10
MXP,Santiago,Chile,2023,2,690.84,1206.98625,1119.75,2023-04-07 14:14:10
MXP,Lusaka,Zâmbia,2023,9,690.9,692.41,693.03,2023-04-07 14:14:10
MXP,San Juan,Porto Rico,2023,8,691.13,1013.8922222222222,890.87,2023-04-07 14:14:10
MXP,São Diego,Estados Unidos,2023,10,691.31,706.25,693.6,2023-04-07 14:14:10
MXP,Burbank,Estados Unidos,2023,2,691.38,864.7331818181818,878.035,2023-04-07 14:14:10
MXP,Puerto Vallarta,México,2023,3,691.39,1141.9427906976744,773.0,2023-04-07 14:14:10
MXP,São Diego,Estados Unidos,2023,8,691.93,739.125,693.09,2023-04-07 14:14:10
MXP,Krabi,Tailândia,2024,3,691.96,694.125,694.125,2023-04-07 14:14:10
MXP,Pune,Índia,2023,12,692.17,695.0128571428571,695.45,2023-04-07 14:14:10
MXP,La Crosse,Estados Unidos,2023,10,692.31,693.966,694.185,2023-04-07 14:14:10
MXP,Kigali,Ruanda,2023,6,692.72,867.3999999999999,695.06,2023-04-07 14:14:10
MXP,Denver,Estados Unidos,2023,11,693.11,693.11,693.11,2023-04-07 14:14:10
MXP,Bangor,Estados Unidos,2023,6,693.35,736.9822222222223,695.09,2023-04-07 14:14:10
MXP,Entebbe,Uganda,2023,7,693.54,883.8538461538462,921.33,2023-04-07 14:14:10
MXP,Dallas,Estados Unidos,2023,6,693.59,765.0263636363637,738.68,2023-04-07 14:14:10
MXP,Long Beach,Estados Unidos,2023,10,693.6,1683.7984615384617,2105.96,2023-04-07 14:14:10
MXP,Manágua,Nicarágua,2023,6,693.79,832.09125,819.36,2023-04-07 14:14:10
MXP,Phoenix,Estados Unidos,2024,1,694.13,694.3057142857142,694.13,2023-04-07 14:14:10
MXP,West Palm Beach,Estados Unidos,2024,1,694.45,695.5133333333333,694.45,2023-04-07 14:14:10
MXP,Montevidéu,Uruguai,2023,11,694.58,712.3284210526316,725.75,2023-04-07 14:14:10
MXP,Cidade da Guatemala,Guatemala,2023,2,694.8,874.4611111111111,772.39,2023-04-07 14:14:10
MXP,Portland,Estados Unidos,2023,5,694.84,739.7273913043479,713.26,2023-04-07 14:14:10
MXP,Kota Bharu,Malásia,2023,10,694.91,747.256,777.64,2023-04-07 14:14:10
MXP,Houston,Estados Unidos,2023,9,695.1,695.1,695.1,2023-04-07 14:14:10
MXP,Winnipeg,Canadá,2023,9,695.19,695.19,695.19,2023-04-07 14:14:10
MXP,Santa Cruz das Flores,Portugal,2023,4,695.36,695.36,695.36,2023-04-07 14:14:10
MXP,Las Vegas,Estados Unidos,2023,6,695.45,907.7425000000001,719.44,2023-04-07 14:14:10
MXP,Xangai,China,2023,4,695.51,953.8471052631579,872.45,2023-04-07 14:14:10
MXP,Maputo,Moçambique,2023,7,695.59,889.2106666666667,932.73,2023-04-07 14:14:10
MXP,Manágua,Nicarágua,2023,1,695.72,696.6628571428571,696.92,2023-04-07 14:14:10
MXP,Charlottesville,Estados Unidos,2023,2,696.03,696.22,696.03,2023-04-07 14:14:10
MXP,Mwanza,Tanzânia,2023,4,696.23,698.1055555555555,696.23,2023-04-07 14:14:10
MXP,Kingston,Jamaica,2023,4,696.45,991.2410256410257,852.69,2023-04-07 14:14:10
MXP,Punta Cana,República Dominicana,2023,8,696.48,1037.6166666666666,983.55,2023-04-07 14:14:10
MXP,Houston,Estados Unidos,2023,10,696.48,830.2958333333332,699.01,2023-04-07 14:14:10
MXP,Kuching,Malásia,2023,9,696.62,729.5142857142857,751.0,2023-04-07 14:14:10
MXP,Buenos Aires,Argentina,2023,4,696.93,945.7908888888888,1015.11,2023-04-07 14:14:10
MXP,San José,Costa Rica,2024,3,697.22,697.22,697.22,2023-04-07 14:14:10
MXP,Milwaukee,Estados Unidos,2023,5,697.27,749.1076923076923,698.91,2023-04-07 14:14:10
MXP,Jamnagar,Índia,2023,4,697.27,698.0899999999999,698.0899999999999,2023-04-07 14:14:10
MXP,Katmandu,Nepal,2023,6,697.33,770.4725000000001,810.5450000000001,2023-04-07 14:14:10
MXP,Montego Bay,Jamaica,2024,1,697.46,714.115,701.81,2023-04-07 14:14:10
MXP,Manágua,Nicarágua,2023,11,697.66,700.185,700.185,2023-04-07 14:14:10
MXP,Calgary,Canadá,2023,9,697.74,3601.2322222222224,3608.91,2023-04-07 14:14:10
MXP,Colorado Springs,Estados Unidos,2023,9,698.33,702.444,703.595,2023-04-07 14:14:10
MXP,Phuket,Tailândia,2023,9,698.33,785.2793333333334,750.085,2023-04-07 14:14:10
MXP,Cleveland,Estados Unidos,2023,8,698.35,698.35,698.35,2023-04-07 14:14:10
MXP,Salt Lake City,Estados Unidos,2023,10,698.71,714.004,711.77,2023-04-07 14:14:10
MXP,Oranjestad,Aruba,2023,6,699.01,922.171052631579,834.03,2023-04-07 14:14:10
MXP,São Diego,Estados Unidos,2023,11,699.01,699.01,699.01,2023-04-07 14:14:10
MXP,Phuket,Tailândia,2023,11,699.37,751.7209090909091,759.08,2023-04-07 14:14:10
MXP,Kuala Lumpur,Malásia,2023,1,699.38,713.11,699.38,2023-04-07 14:14:10
MXP,Cidade de Ho Chi Minh,Vietname,2023,10,699.38,741.2225,731.675,2023-04-07 14:14:10
MXP,Ahmedabad,Índia,2023,7,699.49,708.3822222222221,708.3,2023-04-07 14:14:10
MXP,São Diego,Estados Unidos,2024,3,699.5,699.5,699.5,2023-04-07 14:14:10
MXP,Rio de Janeiro,Brasil,2024,1,699.54,774.0457142857142,752.37,2023-04-07 14:14:10
MXP,Ulã Bator,Mongólia,2023,4,699.63,1006.8460869565217,1141.43,2023-04-07 14:14:10
MXP,Lexington,Estados Unidos,2023,10,699.73,701.255,700.45,2023-04-07 14:14:10
MXP,Port Louis,Maurícia,2024,1,699.74,815.0577777777778,880.6,2023-04-07 14:14:10
MXP,Santiago,Chile,2023,4,699.78,2499.8278571428573,1023.615,2023-04-07 14:14:10
MXP,Salt Lake City,Estados Unidos,2023,4,699.93,838.429642857143,832.99,2023-04-07 14:14:10
MXP,Hanói,Vietname,2024,1,700.46,708.8199999999999,701.4,2023-04-07 14:14:10
MXP,Siem Reap,Cambodja,2024,1,700.46,807.385,702.13,2023-04-07 14:14:10
MXP,Wenzhou,China,2023,4,701.12,1082.4593617021278,1112.4099999999999,2023-04-07 14:14:10
MXP,Buenos Aires,Argentina,2023,9,701.24,879.425641025641,753.82,2023-04-07 14:14:10
MXP,Oranjestad,Aruba,2023,8,701.4,1363.7145238095238,1147.74,2023-04-07 14:14:10
MXP,Kingston,Jamaica,2024,2,701.47,701.47,701.47,2023-04-07 14:14:10
MXP,Saranac Lake,Estados Unidos,2023,3,702.16,834.8588235294118,949.39,2023-04-07 14:14:10
MXP,São Francisco,Estados Unidos,2023,7,702.27,1038.3433333333332,1056.02,2023-04-07 14:14:10
MXP,Buenos Aires,Argentina,2024,1,702.42,740.8833333333333,728.56,2023-04-07 14:14:10
MXP,Chiang Mai,Tailândia,2023,3,702.43,786.4478571428572,705.87,2023-04-07 14:14:10
MXP,International Falls,Estados Unidos,2023,2,702.59,702.7566666666667,702.89,2023-04-07 14:14:10
MXP,Vasco da Gama,Índia,2023,12,702.74,744.9535714285714,703.78,2023-04-07 14:14:10
MXP,Buenos Aires,Argentina,2023,5,702.75,967.8187878787879,990.99,2023-04-07 14:14:10
MXP,Dar Es Salaam,Tanzânia,2023,2,702.75,939.8341176470589,987.03,2023-04-07 14:14:10
MXP,Antananarivo,Madagáscar,2023,11,702.76,761.6535714285714,755.5,2023-04-07 14:14:10
MXP,N'Djamena,Chade,2023,6,702.76,706.3018181818181,707.07,2023-04-07 14:14:10
MXP,Jackson,Estados Unidos,2023,12,702.89,707.0344444444444,709.39,2023-04-07 14:14:10
MXP,Ulã Bator,Mongólia,2023,2,703.06,1666.9026086956524,965.16,2023-04-07 14:14:10
MXP,Cidade do Cabo,África do Sul,2023,12,703.06,925.9725,992.47,2023-04-07 14:14:10
MXP,Providence,Estados Unidos,2023,9,703.18,710.0500000000001,710.78,2023-04-07 14:14:10
MXP,Phuket,Tailândia,2023,12,703.27,1025.37,1104.31,2023-04-07 14:14:10
MXP,Montego Bay,Jamaica,2023,5,703.37,826.9391304347826,814.64,2023-04-07 14:14:10
MXP,Oranjestad,Aruba,2024,1,703.37,805.2375000000001,806.07,2023-04-07 14:14:10
MXP,São Diego,Estados Unidos,2023,6,703.51,881.0586046511627,834.61,2023-04-07 14:14:10
MXP,Jackson,Estados Unidos,2023,3,703.52,718.9900000000001,727.5,2023-04-07 14:14:10
MXP,Nouakchott,Mauritânia,2023,1,703.67,703.6899999999999,703.67,2023-04-07 14:14:10
MXP,Salisbury,Estados Unidos,2023,4,703.74,875.2104999999999,1010.09,2023-04-07 14:14:10
MXP,Abbotsford,Canadá,2023,3,703.94,742.3694444444444,709.63,2023-04-07 14:14:10
MXP,Amritsar,Índia,2023,7,704.13,704.13,704.13,2023-04-07 14:14:10
MXP,San Antonio,Estados Unidos,2024,2,704.14,704.9533333333334,704.23,2023-04-07 14:14:10
MXP,Denpasar,Indonésia,2023,4,704.18,899.0539285714286,759.46,2023-04-07 14:14:10
MXP,Bangalore,Índia,2023,12,704.4,704.6533333333333,704.78,2023-04-07 14:14:10
MXP,Nairobi,Quénia,2023,7,704.44,736.29,736.29,2023-04-07 14:14:10
MXP,Cidade do Kansas,Estados Unidos,2023,2,704.61,705.5066666666667,705.81,2023-04-07 14:14:10
MXP,Oklahoma City,Estados Unidos,2023,4,704.67,780.0027586206896,723.79,2023-04-07 14:14:10
MXP,Austin,Estados Unidos,2023,5,704.78,707.5749999999999,707.575,2023-04-07 14:14:10
MXP,Katmandu,Nepal,2023,2,705.52,876.3052941176471,895.46,2023-04-07 14:14:10
MXP,Abuja,Nigéria,2023,3,705.62,746.7916666666666,755.5699999999999,2023-04-07 14:14:10
MXP,Portland,Estados Unidos,2023,11,705.94,706.616,705.94,2023-04-07 14:14:10
MXP,Buenos Aires,Argentina,2023,10,706.14,945.3715789473684,947.88,2023-04-07 14:14:10
MXP,Durban,África do Sul,2023,6,706.27,707.2214285714286,706.27,2023-04-07 14:14:10
MXP,Patna,Índia,2023,6,706.27,706.635,706.635,2023-04-07 14:14:10
MXP,Aracaju,Brasil,2023,3,706.27,707.113,707.23,2023-04-07 14:14:10
MXP,St Louis,Estados Unidos,2023,3,706.27,743.575,764.41,2023-04-07 14:14:10
MXP,Salt Lake City,Estados Unidos,2023,9,706.32,707.2514285714286,707.95,2023-04-07 14:14:10
MXP,Grand Junction,Estados Unidos,2023,12,706.33,714.0022222222223,709.84,2023-04-07 14:14:10
MXP,Santa Ana,Estados Unidos,2023,6,706.43,1349.05,1577.89,2023-04-07 14:14:10
MXP,Salt Lake City,Estados Unidos,2023,5,706.44,854.27,904.19,2023-04-07 14:14:10
MXP,Portland,Estados Unidos,2023,9,706.7,706.7,706.7,2023-04-07 14:14:10
MXP,George,África do Sul,2023,4,706.89,707.399,706.99,2023-04-07 14:14:10
MXP,Aspen,Estados Unidos,2024,1,707.17,708.5377777777778,709.26,2023-04-07 14:14:10
MXP,Las Vegas,Estados Unidos,2023,8,707.7,759.275,709.16,2023-04-07 14:14:10
MXP,Grand Rapids,Estados Unidos,2023,2,707.9,753.6794736842105,718.25,2023-04-07 14:14:10
MXP,Phoenix,Estados Unidos,2023,5,708.09,2159.3191666666667,3166.14,2023-04-07 14:14:10
MXP,Montego Bay,Jamaica,2023,4,708.26,950.5146666666667,848.85,2023-04-07 14:14:10
MXP,Taipé,Taiwan,2023,3,708.47,1329.1418867924529,958.41,2023-04-07 14:14:10
MXP,São Diego,Estados Unidos,2024,1,708.47,814.158,708.47,2023-04-07 14:14:10
MXP,Madison,Estados Unidos,2023,4,709.06,834.2725,710.64,2023-04-07 14:14:10
MXP,Abha,Arábia Saudita,2023,3,709.12,710.501,710.76,2023-04-07 14:14:10
MXP,Iaundé,Camarões,2023,6,709.6,710.1785714285714,709.6,2023-04-07 14:14:10
MXP,Quebec,Canadá,2023,7,709.73,712.3122222222222,711.87,2023-04-07 14:14:10
MXP,Austin,Estados Unidos,2023,12,709.74,711.4649999999999,712.04,2023-04-07 14:14:10
MXP,Cidade do Kansas,Estados Unidos,2023,3,709.81,1090.5941666666668,789.725,2023-04-07 14:14:10
MXP,Hanói,Vietname,2023,5,709.83,912.6326315789474,916.85,2023-04-07 14:14:10
MXP,Leknes,Noruega,2023,4,709.9,809.6600000000001,800.61,2023-04-07 14:14:10
MXP,Pittsburgh,Estados Unidos,2023,7,710.41,823.8968181818182,822.935,2023-04-07 14:14:10
MXP,Buffalo,Estados Unidos,2023,2,710.65,710.65,710.65,2023-04-07 14:14:10
MXP,Kemi,Finlândia,2023,4,711.07,711.07,711.07,2023-04-07 14:14:10
MXP,Guadalajara,México,2023,4,711.09,906.4004761904762,803.52,2023-04-07 14:14:10
MXP,Cali,Colômbia,2023,5,711.09,972.6948780487804,950.61,2023-04-07 14:14:10
MXP,Vancouver,Canadá,2023,1,711.33,711.405,711.33,2023-04-07 14:14:10
MXP,Grand Rapids,Estados Unidos,2023,10,711.41,711.425,711.43,2023-04-07 14:14:10
MXP,Ulã Bator,Mongólia,2023,5,711.86,1027.81,1151.96,2023-04-07 14:14:10
MXP,Denpasar,Indonésia,2023,7,711.87,918.106,734.13,2023-04-07 14:14:10
MXP,Lima,Perú,2023,6,712.32,817.8333333333334,768.43,2023-04-07 14:14:10
MXP,Cidade da Praia,Cabo Verde,2023,8,712.35,712.35,712.35,2023-04-07 14:14:10
MXP,Bangalore,Índia,2023,8,712.37,717.6,720.19,2023-04-07 14:14:10
MXP,Lagos,Nigéria,2023,7,712.41,714.266,714.73,2023-04-07 14:14:10
MXP,Monróvia,Libéria,2023,3,712.55,940.916875,754.04,2023-04-07 14:14:10
MXP,Cali,Colômbia,2023,3,712.81,956.7441860465116,852.07,2023-04-07 14:14:10
MXP,Flint,Estados Unidos,2023,2,712.88,712.9100000000001,712.9100000000001,2023-04-07 14:14:10
MXP,Al Hoceima,Marrocos,2023,9,712.89,715.725,716.35,2023-04-07 14:14:10
MXP,Santiago,Chile,2023,12,713.2,714.0033333333334,713.2,2023-04-07 14:14:10
MXP,Bishkek,Quirguizistão,2023,9,713.28,717.9100000000001,715.52,2023-04-07 14:14:10
MXP,Santiago,República Dominicana,2023,4,713.33,810.704,777.57,2023-04-07 14:14:10
MXP,Acra,Gana,2023,2,713.55,826.0,848.165,2023-04-07 14:14:10
MXP,Harlingen,Estados Unidos,2023,2,713.76,762.0569230769231,766.11,2023-04-07 14:14:10
MXP,Haugesund,Noruega,2023,1,713.8,713.8299999999999,713.8299999999999,2023-04-07 14:14:10
MXP,Natal,Brasil,2023,5,714.08,845.2393548387097,842.6,2023-04-07 14:14:10
MXP,Jacarta,Indonésia,2023,3,714.14,784.9250000000001,800.35,2023-04-07 14:14:10
MXP,Dodoma,Tanzânia,2023,4,714.14,715.731,716.54,2023-04-07 14:14:10
MXP,Krabi,Tailândia,2023,5,714.21,967.1514285714286,1002.89,2023-04-07 14:14:10
MXP,Vail,Estados Unidos,2023,3,714.21,782.1233333333334,719.2,2023-04-07 14:14:10
MXP,Cidade do Cabo,África do Sul,2023,2,714.21,841.8828571428572,859.33,2023-04-07 14:14:10
MXP,Krabi,Tailândia,2023,4,714.25,975.8197872340426,948.79,2023-04-07 14:14:10
MXP,Santa Fé,Estados Unidos,2023,2,714.54,966.5290909090909,1003.7,2023-04-07 14:14:10
MXP,Moline,Estados Unidos,2023,2,714.7,715.55,715.4549999999999,2023-04-07 14:14:10
MXP,Antananarivo,Madagáscar,2023,2,714.7,891.2766666666666,872.45,2023-04-07 14:14:10
MXP,Hartford,Estados Unidos,2023,6,715.07,1188.4464,1068.38,2023-04-07 14:14:10
MXP,Springfield,Estados Unidos,2023,6,715.07,1188.4464,1068.38,2023-04-07 14:14:10
MXP,White Plains,Estados Unidos,2023,5,715.13,766.454,715.13,2023-04-07 14:14:10
MXP,Krabi,Tailândia,2023,11,715.26,772.3122727272727,751.05,2023-04-07 14:14:10
MXP,Recife,Brasil,2023,4,715.43,922.9655384615385,902.64,2023-04-07 14:14:10
MXP,St Louis,Estados Unidos,2023,8,715.65,829.5,828.7850000000001,2023-04-07 14:14:10
MXP,N'Djamena,Chade,2023,5,715.76,1381.6594736842105,1976.25,2023-04-07 14:14:10
MXP,Varanasi,Índia,2023,6,715.92,716.5475,716.075,2023-04-07 14:14:10
MXP,Tulsa,Estados Unidos,2023,4,716.05,722.69125,722.665,2023-04-07 14:14:10
MXP,Hangzhou,China,2023,6,716.22,802.2952173913044,747.09,2023-04-07 14:14:10
MXP,Berna,Suíça,2023,7,716.24,827.2258333333334,717.485,2023-04-07 14:14:10
MXP,Des Moines,Estados Unidos,2023,5,716.57,887.0675000000001,782.58,2023-04-07 14:14:10
MXP,Hamilton,Canadá,2023,9,717.0,743.5390476190476,724.96,2023-04-07 14:14:10
MXP,Denpasar,Indonésia,2023,6,717.07,844.8788888888889,828.885,2023-04-07 14:14:10
MXP,N'Djamena,Chade,2023,4,717.4,717.4,717.4,2023-04-07 14:14:10
MXP,Katmandu,Nepal,2023,4,717.52,1039.2357303370786,932.52,2023-04-07 14:14:10
MXP,Greensboro,Estados Unidos,2023,1,717.75,739.75,739.75,2023-04-07 14:14:10
MXP,Nashville,Estados Unidos,2023,7,717.84,718.98,719.36,2023-04-07 14:14:10
MXP,Cataratas Vitória,Zimbábue,2023,4,718.01,952.8223287671233,766.86,2023-04-07 14:14:10
MXP,Santiago,República Dominicana,2023,3,718.1,789.2721052631579,719.57,2023-04-07 14:14:10
MXP,Huntsville,Estados Unidos,2023,5,718.37,719.0166666666668,719.34,2023-04-07 14:14:10
MXP,Monterrei,México,2023,1,718.41,718.435,718.435,2023-04-07 14:14:10
MXP,Buenos Aires,Argentina,2023,8,718.42,821.6712068965518,762.9,2023-04-07 14:14:10
MXP,Nassau,Bahamas,2023,5,718.51,991.2230434782609,728.71,2023-04-07 14:14:10
MXP,Chiang Mai,Tailândia,2024,2,718.84,720.1544444444444,721.18,2023-04-07 14:14:10
MXP,Cidade do Kansas,Estados Unidos,2023,4,719.04,783.246923076923,735.38,2023-04-07 14:14:10
MXP,Assiut,Egito,2023,2,719.14,719.3122222222223,719.45,2023-04-07 14:14:10
MXP,Taipé,Taiwan,2023,9,719.33,975.2092307692308,860.49,2023-04-07 14:14:10
MXP,Midland,Estados Unidos,2023,4,719.42,805.7557142857142,766.5,2023-04-07 14:14:10
MXP,Richmond,Estados Unidos,2023,5,719.66,731.9547368421053,724.84,2023-04-07 14:14:10
MXP,Chiang Mai,Tailândia,2023,6,720.07,758.5228,768.6,2023-04-07 14:14:10
MXP,Antananarivo,Madagáscar,2023,12,720.3,848.6518181818182,766.68,2023-04-07 14:14:10
MXP,Satu Mare,Roménia,2023,6,720.65,724.7225,725.12,2023-04-07 14:14:10
MXP,Charlottesville,Estados Unidos,2023,3,720.65,724.14,724.81,2023-04-07 14:14:10
MXP,Krabi,Tailândia,2023,12,721.04,1306.5741379310346,1132.16,2023-04-07 14:14:10
MXP,Chiang Mai,Tailândia,2023,5,721.25,760.421304347826,726.68,2023-04-07 14:14:10
MXP,Charlottesville,Estados Unidos,2023,9,721.27,721.604,721.27,2023-04-07 14:14:10
MXP,Siālkot,Paquistão,2023,1,721.44,784.655,721.74,2023-04-07 14:14:10
MXP,Lampang,Tailândia,2023,11,721.65,729.072,728.61,2023-04-07 14:14:10
MXP,Lilongwe,Malaui,2023,6,722.02,723.8454545454545,724.01,2023-04-07 14:14:10
MXP,Cidade do Kansas,Estados Unidos,2023,12,722.17,722.216,722.17,2023-04-07 14:14:10
MXP,Pequim,China,2023,10,722.52,793.4815000000001,760.5250000000001,2023-04-07 14:14:10
MXP,Manila,Filipinas,2023,9,722.57,790.6364705882353,770.42,2023-04-07 14:14:10
MXP,Cartagena,Colômbia,2023,2,722.66,1232.8954545454546,916.96,2023-04-07 14:14:10
MXP,Fortaleza,Brasil,2023,8,722.96,902.098888888889,936.38,2023-04-07 14:14:10
MXP,São Paulo,Brasil,2023,12,723.02,776.1700000000001,776.1700000000001,2023-04-07 14:14:10
MXP,Barranquilla,Colômbia,2023,3,723.2,765.1899999999999,728.1,2023-04-07 14:14:10
MXP,São Salvador,El Salvador,2023,11,723.32,724.1800000000001,724.1800000000001,2023-04-07 14:14:10
MXP,Penang,Malásia,2023,9,723.89,723.89,723.89,2023-04-07 14:14:10
MXP,Denpasar,Indonésia,2023,5,723.95,867.8164864864865,848.28,2023-04-07 14:14:10
MXP,Chiang Mai,Tailândia,2023,11,724.0,812.8936842105264,826.05,2023-04-07 14:14:10
MXP,Medellín,Colômbia,2023,2,724.05,893.7691891891892,870.55,2023-04-07 14:14:10
MXP,Peshawar,Paquistão,2023,3,724.59,1042.531,1123.2,2023-04-07 14:14:10
MXP,Kinshasa,República Democrática do Congo,2023,1,724.86,724.885,724.885,2023-04-07 14:14:10
MXP,West Palm Beach,Estados Unidos,2023,12,724.92,1073.7286206896551,1007.83,2023-04-07 14:14:10
MXP,Cali,Colômbia,2023,4,724.93,929.5069047619048,830.0,2023-04-07 14:14:10
MXP,West Palm Beach,Estados Unidos,2024,2,725.0,725.0,725.0,2023-04-07 14:14:10
MXP,El Paso,Estados Unidos,2023,9,725.24,728.54625,727.86,2023-04-07 14:14:10
MXP,Grand'Anse Praslin,Seicheles,2023,6,725.28,1350.9983870967742,819.26,2023-04-07 14:14:10
MXP,Nassau,Bahamas,2024,1,725.47,736.6914285714286,726.58,2023-04-07 14:14:10
MXP,Pointe-à-Pitre,Guadalupe,2023,8,725.62,846.0344444444445,834.21,2023-04-07 14:14:10
MXP,Fort-de-France,Martinica,2023,2,726.03,944.8790000000001,957.135,2023-04-07 14:14:10
MXP,Cantão,China,2023,5,726.06,1052.8768965517243,961.01,2023-04-07 14:14:10
MXP,Varanasi,Índia,2023,10,726.68,727.4,727.76,2023-04-07 14:14:10
MXP,Midland,Estados Unidos,2023,3,726.78,731.04625,731.295,2023-04-07 14:14:10
MXP,Hamilton,Bermudas,2023,4,726.94,793.9485714285714,789.58,2023-04-07 14:14:10
MXP,Tallahassee,Estados Unidos,2023,4,727.12,728.1366666666667,727.21,2023-04-07 14:14:10
MXP,Kinshasa,República Democrática do Congo,2023,3,727.17,825.1214285714286,812.61,2023-04-07 14:14:10
MXP,Duala,Camarões,2023,12,727.42,735.86625,727.73,2023-04-07 14:14:10
MXP,Tóquio,Japão,2024,3,727.62,729.345,729.345,2023-04-07 14:14:10
MXP,Port Louis,Maurícia,2023,10,727.62,894.3405555555556,885.05,2023-04-07 14:14:10
MXP,Osaka,Japão,2024,1,727.62,737.38,727.62,2023-04-07 14:14:10
MXP,São Tomé,São Tomé e Príncipe,2023,3,727.67,887.5524,957.24,2023-04-07 14:14:10
MXP,Chiang Mai,Tailândia,2023,7,727.75,904.7517647058824,837.88,2023-04-07 14:14:10
MXP,Houston,Estados Unidos,2023,7,727.84,983.6685714285713,939.89,2023-04-07 14:14:10
MXP,Windhoek,Namíbia,2023,2,727.87,875.1051515151515,867.0,2023-04-07 14:14:10
MXP,Saskatoon,Canadá,2023,3,728.79,729.6220000000001,729.74,2023-04-07 14:14:10
MXP,São Salvador,El Salvador,2023,6,728.91,1008.004375,995.755,2023-04-07 14:14:10
MXP,Assunção,Paraguai,2023,11,729.01,898.8765789473683,797.4200000000001,2023-04-07 14:14:10
MXP,Traverse City,Estados Unidos,2023,3,729.33,729.4033333333333,729.35,2023-04-07 14:14:10
MXP,Montego Bay,Jamaica,2023,2,729.34,881.4699999999999,903.54,2023-04-07 14:14:10
MXP,Montevidéu,Uruguai,2024,2,729.38,786.85,731.35,2023-04-07 14:14:10
MXP,Puerto Vallarta,México,2023,11,729.46,756.3575000000001,767.93,2023-04-07 14:14:10
MXP,Hanói,Vietname,2023,3,729.46,987.61,897.64,2023-04-07 14:14:10
MXP,Cochin,Índia,2023,6,729.77,984.2257894736842,1069.64,2023-04-07 14:14:10
MXP,Yanbu,Arábia Saudita,2023,8,729.87,730.395,729.97,2023-04-07 14:14:10
MXP,Pernem,Índia,2023,5,729.97,901.22625,979.11,2023-04-07 14:14:10
MXP,Córdova,Argentina,2023,8,730.03,1075.1536363636365,731.62,2023-04-07 14:14:10
MXP,Vitória,Brasil,2023,3,730.3,863.983,756.14,2023-04-07 14:14:10
MXP,Pointe-à-Pitre,Guadalupe,2023,12,730.37,1185.9847619047619,1386.14,2023-04-07 14:14:10
MXP,Wenzhou,China,2023,5,730.56,1105.7805,1104.82,2023-04-07 14:14:10
MXP,Lampang,Tailândia,2023,5,730.75,730.75,730.75,2023-04-07 14:14:10
MXP,Jibuti,Djibuti,2023,5,730.75,791.1968181818182,827.73,2023-04-07 14:14:10
MXP,Montego Bay,Jamaica,2023,9,730.79,862.82,785.73,2023-04-07 14:14:10
MXP,Louisville,Estados Unidos,2023,4,731.09,831.3536363636363,826.5,2023-04-07 14:14:10
MXP,Cidade de Ho Chi Minh,Vietname,2023,9,731.29,743.8011111111111,738.11,2023-04-07 14:14:10
MXP,São Pedro,Cabo Verde,2023,4,731.35,926.0491304347827,893.89,2023-04-07 14:14:10
MXP,Lampang,Tailândia,2023,6,731.81,862.15625,833.48,2023-04-07 14:14:10
MXP,Maceió,Brasil,2023,3,731.85,842.8635555555555,794.51,2023-04-07 14:14:10
MXP,Hamilton,Bermudas,2023,2,731.86,842.1533333333333,796.8,2023-04-07 14:14:10
MXP,Nassau,Bahamas,2023,8,732.03,1135.401875,1166.99,2023-04-07 14:14:10
MXP,Saint Thomas Island,Ilhas Virgens Americanas,2023,3,732.13,810.2005263157895,738.27,2023-04-07 14:14:10
MXP,Daca,Bangladexe,2023,3,732.19,825.2420454545455,798.2,2023-04-07 14:14:10
MXP,Siālkot,Paquistão,2023,8,732.33,732.33,732.33,2023-04-07 14:14:10
MXP,Columbus,Estados Unidos,2023,6,732.34,905.5129032258066,890.03,2023-04-07 14:14:10
MXP,Colorado Springs,Estados Unidos,2023,5,732.46,818.8084210526316,890.05,2023-04-07 14:14:10
MXP,Albuquerque,Estados Unidos,2023,10,732.63,733.7418181818182,732.73,2023-04-07 14:14:10
MXP,Porto Plata,República Dominicana,2023,4,733.05,1056.4551724137932,1156.76,2023-04-07 14:14:10
MXP,Varanasi,Índia,2023,4,733.26,833.9171428571428,768.83,2023-04-07 14:14:10
MXP,Hyderabad,Índia,2023,5,733.38,733.38,733.38,2023-04-07 14:14:10
MXP,Amritsar,Índia,2023,9,733.38,733.725,733.725,2023-04-07 14:14:10
MXP,Burbank,Estados Unidos,2023,4,733.5,932.4353488372093,956.82,2023-04-07 14:14:10
MXP,Kota Kinabalu,Malásia,2023,10,733.65,735.4275,736.02,2023-04-07 14:14:10
MXP,Austin,Estados Unidos,2023,10,734.1,734.1,734.1,2023-04-07 14:14:10
MXP,Florianópolis,Brasil,2023,3,734.12,1198.7959999999998,1012.855,2023-04-07 14:14:10
MXP,San Jose,Estados Unidos,2023,12,734.13,918.7439999999999,1039.33,2023-04-07 14:14:10
MXP,Hanói,Vietname,2023,4,734.86,1276.0986363636364,995.25,2023-04-07 14:14:10
MXP,Bismarck,Estados Unidos,2023,2,734.88,735.39,735.0350000000001,2023-04-07 14:14:10
MXP,Peoria,Estados Unidos,2023,5,734.98,739.6569999999999,740.065,2023-04-07 14:14:10
MXP,Grande Caimão,Ilhas Cayman,2023,4,735.08,2067.257741935484,1733.34,2023-04-07 14:14:10
MXP,Antananarivo,Madagáscar,2023,5,735.09,854.9015384615384,870.03,2023-04-07 14:14:10
MXP,Salalah,Omã,2023,8,735.11,743.5183333333333,735.11,2023-04-07 14:14:10
MXP,Melbourne,Estados Unidos,2023,2,735.22,736.5716666666667,736.83,2023-04-07 14:14:10
MXP,Cidade de Belize,Belize,2023,4,735.67,1031.7392727272727,931.22,2023-04-07 14:14:10
MXP,Cidade de Ho Chi Minh,Vietname,2023,6,735.71,842.579090909091,766.53,2023-04-07 14:14:10
MXP,Santa Fé,Estados Unidos,2023,4,735.71,752.7933333333334,739.99,2023-04-07 14:14:10
MXP,Antananarivo,Madagáscar,2023,6,735.89,926.1971428571428,892.15,2023-04-07 14:14:10
MXP,Edmonton,Canadá,2023,9,736.02,927.3777777777777,1075.82,2023-04-07 14:14:10
MXP,Daca,Bangladexe,2023,1,736.45,841.6257142857143,895.81,2023-04-07 14:14:10
MXP,Baltimore,Estados Unidos,2023,7,736.6,737.1266666666667,736.6,2023-04-07 14:14:10
MXP,Kuala Lumpur,Malásia,2023,8,736.75,1035.34,953.79,2023-04-07 14:14:10
MXP,Antananarivo,Madagáscar,2023,9,737.02,926.045625,875.375,2023-04-07 14:14:10
MXP,Cantão,China,2023,3,737.36,1184.95848,993.6,2023-04-07 14:14:10
MXP,Houston,Estados Unidos,2023,11,737.41,737.41,737.41,2023-04-07 14:14:10
MXP,Sukhothai,Tailândia,2023,3,738.03,738.415,738.415,2023-04-07 14:14:10
MXP,Louisville,Estados Unidos,2023,7,738.55,805.1363636363636,740.13,2023-04-07 14:14:10
MXP,Burbank,Estados Unidos,2023,5,738.67,1141.5751428571427,1090.63,2023-04-07 14:14:10
MXP,Mérida,México,2023,9,738.77,816.7465217391303,872.54,2023-04-07 14:14:10
MXP,Al ‘Ulá,Arábia Saudita,2023,9,738.86,740.2427272727273,739.56,2023-04-07 14:14:10
MXP,Beira,Moçambique,2023,5,738.9,860.7875,928.38,2023-04-07 14:14:10
MXP,Krabi,Tailândia,2023,10,739.02,783.2363636363636,740.73,2023-04-07 14:14:10
MXP,Antananarivo,Madagáscar,2023,10,739.21,945.8231818181819,879.18,2023-04-07 14:14:10
MXP,Malabo,Guiné Equatorial,2023,11,739.77,741.537,741.77,2023-04-07 14:14:10
MXP,Marquette,Estados Unidos,2023,3,739.95,741.399,741.67,2023-04-07 14:14:10
MXP,Belém,Brasil,2023,10,740.57,828.1757142857143,843.12,2023-04-07 14:14:10
MXP,Leknes,Noruega,2023,12,740.62,744.1488888888889,744.02,2023-04-07 14:14:10
MXP,Longview,Estados Unidos,2023,4,740.69,741.575,741.575,2023-04-07 14:14:10
MXP,Durban,África do Sul,2023,11,741.56,742.1666666666666,742.47,2023-04-07 14:14:10
MXP,Incheon,Coreia do Sul,2023,9,742.13,843.6719999999999,835.89,2023-04-07 14:14:10
MXP,Seul,Coreia do Sul,2023,9,742.13,843.6719999999999,835.89,2023-04-07 14:14:10
MXP,Cidade de Belize,Belize,2023,2,742.13,918.1886842105263,895.77,2023-04-07 14:14:10
MXP,Jibuti,Djibuti,2023,7,742.52,967.694090909091,748.98,2023-04-07 14:14:10
MXP,Pequim,China,2023,9,742.57,861.3267741935484,805.35,2023-04-07 14:14:10
MXP,Grand Rapids,Estados Unidos,2023,5,742.74,743.6025,742.84,2023-04-07 14:14:10
MXP,Hays,Estados Unidos,2023,3,742.82,743.8155555555555,743.82,2023-04-07 14:14:10
MXP,Arusha,Tanzânia,2023,6,742.84,1027.9141666666667,782.72,2023-04-07 14:14:10
MXP,Kota Kinabalu,Malásia,2023,4,743.0,1097.9287272727272,997.28,2023-04-07 14:14:10
MXP,Pointe-Noire,República do Congo,2023,3,743.0,748.5644444444445,747.33,2023-04-07 14:14:10
MXP,Cleveland,Estados Unidos,2023,6,743.3,960.2916666666666,994.51,2023-04-07 14:14:10
MXP,Svolvær,Noruega,2023,6,743.33,765.37,761.095,2023-04-07 14:14:10
MXP,Providenciales,Ilhas Turcas e Caicos,2023,9,743.37,743.37,743.37,2023-04-07 14:14:10
MXP,Iaundé,Camarões,2023,9,743.39,765.6255,777.875,2023-04-07 14:14:10
MXP,Tulsa,Estados Unidos,2023,9,743.58,745.6227272727273,743.99,2023-04-07 14:14:10
MXP,Detroit,Estados Unidos,2023,11,743.99,746.2950000000001,746.2950000000001,2023-04-07 14:14:10
MXP,West Palm Beach,Estados Unidos,2023,7,744.35,915.4484615384615,892.07,2023-04-07 14:14:10
MXP,Oakland,Estados Unidos,2023,9,744.88,906.8672222222223,996.99,2023-04-07 14:14:10
MXP,Denpasar,Indonésia,2023,8,745.17,1364.6255555555556,1159.49,2023-04-07 14:14:10
MXP,Libreville,Gabão,2023,2,745.26,1966.271052631579,788.06,2023-04-07 14:14:10
MXP,Conacri,Guiné,2023,7,745.27,748.9074999999999,750.63,2023-04-07 14:14:10
MXP,Indianápolis,Estados Unidos,2023,9,745.42,764.7725,767.9,2023-04-07 14:14:10
MXP,Pequim,China,2023,7,745.65,1035.2414285714285,1083.72,2023-04-07 14:14:10
MXP,Buffalo,Estados Unidos,2023,8,745.89,915.6919047619047,942.28,2023-04-07 14:14:10
MXP,Colombo,Sri Lanka,2024,3,745.97,745.97,745.97,2023-04-07 14:14:10
MXP,Jibuti,Djibuti,2023,10,746.18,746.892,746.18,2023-04-07 14:14:10
MXP,Moroni,Comores,2023,4,746.18,846.3647058823528,847.93,2023-04-07 14:14:10
MXP,Taipé,Taiwan,2023,2,746.25,746.442,746.57,2023-04-07 14:14:10
MXP,Everett,Estados Unidos,2023,4,746.29,915.2377777777778,913.94,2023-04-07 14:14:10
MXP,Providenciales,Ilhas Turcas e Caicos,2023,2,746.65,913.1005882352941,812.42,2023-04-07 14:14:10
MXP,Hamilton,Canadá,2023,7,746.65,799.5274999999999,746.65,2023-04-07 14:14:10
MXP,Phnom Penh,Cambodja,2023,10,746.83,781.05,750.54,2023-04-07 14:14:10
MXP,Xangai,China,2023,10,747.08,812.7414285714285,819.045,2023-04-07 14:14:10
MXP,Arusha,Tanzânia,2023,8,747.5,1304.879375,1247.34,2023-04-07 14:14:10
MXP,Grand Rapids,Estados Unidos,2023,3,747.56,816.33875,847.88,2023-04-07 14:14:10
MXP,Xangai,China,2023,11,748.01,796.0980000000001,826.63,2023-04-07 14:14:10
MXP,Wichita,Estados Unidos,2023,3,748.14,1236.6095652173913,1350.87,2023-04-07 14:14:10
MXP,Hancock,Estados Unidos,2023,3,748.24,815.4963636363638,821.61,2023-04-07 14:14:10
MXP,Moline,Estados Unidos,2023,5,748.59,850.4711764705883,938.57,2023-04-07 14:14:10
MXP,Aurangabad,Índia,2023,2,748.64,749.6588888888889,750.41,2023-04-07 14:14:10
MXP,Brasília,Brasil,2023,3,748.66,924.6677777777778,889.97,2023-04-07 14:14:10
MXP,Sacramento,Estados Unidos,2023,2,749.01,797.5932558139535,781.61,2023-04-07 14:14:10
MXP,Varanasi,Índia,2023,5,749.24,782.8238888888889,783.415,2023-04-07 14:14:10
MXP,Atyrau,Cazaquistão,2023,2,749.56,843.302,751.65,2023-04-07 14:14:10
MXP,Belém,Brasil,2023,2,749.72,925.2611999999999,777.08,2023-04-07 14:14:10
MXP,Rio de Janeiro,Brasil,2023,6,749.78,831.793870967742,837.38,2023-04-07 14:14:10
MXP,Mangalore,Índia,2023,9,749.81,749.89,749.93,2023-04-07 14:14:10
MXP,Surate,Índia,2023,4,749.81,749.89,749.93,2023-04-07 14:14:10
MXP,Manila,Filipinas,2023,10,749.93,1031.0745454545454,764.46,2023-04-07 14:14:10
MXP,Seattle,Estados Unidos,2023,1,749.93,826.54,826.54,2023-04-07 14:14:10
MXP,Cantão,China,2023,2,750.08,1019.4366666666666,1020.14,2023-04-07 14:14:10
MXP,Vishakhapatnam,Índia,2023,6,750.18,750.18,750.18,2023-04-07 14:14:10
MXP,Appleton,Estados Unidos,2023,5,750.18,800.3155555555555,753.33,2023-04-07 14:14:10
MXP,Vilanculos,Moçambique,2023,6,750.29,752.7975,752.4749999999999,2023-04-07 14:14:10
MXP,Reno,Estados Unidos,2023,2,750.64,764.1952380952381,773.42,2023-04-07 14:14:10
MXP,Kota Kinabalu,Malásia,2023,12,751.03,1762.3282352941176,1348.79,2023-04-07 14:14:10
MXP,Nottingham,Reino Unido,2023,8,751.33,751.33,751.33,2023-04-07 14:14:10
MXP,Providenciales,Ilhas Turcas e Caicos,2023,5,751.4,917.3272222222222,931.64,2023-04-07 14:14:10
MXP,Pequim,China,2023,8,751.42,885.2925,751.42,2023-04-07 14:14:10
MXP,South Bend,Estados Unidos,2023,4,751.57,925.74875,983.02,2023-04-07 14:14:10
MXP,West Palm Beach,Estados Unidos,2023,6,751.62,753.1885714285714,752.84,2023-04-07 14:14:10
MXP,Cartagena,Colômbia,2023,3,751.65,1007.0408620689656,908.33,2023-04-07 14:14:10
MXP,Cidade do Kansas,Estados Unidos,2023,5,751.67,872.8692857142858,790.25,2023-04-07 14:14:10
MXP,Port Blair,Índia,2023,6,751.67,755.079090909091,757.08,2023-04-07 14:14:10
MXP,Grande Caimão,Ilhas Cayman,2024,1,751.78,756.7288888888888,757.47,2023-04-07 14:14:10
MXP,Cartagena,Colômbia,2023,4,751.87,1248.4727586206895,1142.37,2023-04-07 14:14:10
MXP,Des Moines,Estados Unidos,2023,6,751.87,753.9825,754.9,2023-04-07 14:14:10
MXP,Columbus,Estados Unidos,2024,1,751.89,755.97,757.33,2023-04-07 14:14:10
MXP,Freetown,Serra Leoa,2023,5,751.94,1009.8866666666667,754.51,2023-04-07 14:14:10
MXP,Tabuk,Arábia Saudita,2023,8,751.96,751.96,751.96,2023-04-07 14:14:10
MXP,Oral,Cazaquistão,2023,2,752.31,753.2063636363637,752.63,2023-04-07 14:14:10
MXP,Lahore,Paquistão,2023,7,752.37,782.2957142857142,752.37,2023-04-07 14:14:10
MXP,Velas,Portugal,2023,8,752.4,752.4,752.4,2023-04-07 14:14:10
MXP,Hamilton,Bermudas,2023,11,752.58,753.6977777777778,753.29,2023-04-07 14:14:10
MXP,Gaborone,Botsuana,2023,4,752.63,779.6675,769.94,2023-04-07 14:14:10
MXP,Natal,Brasil,2023,10,752.78,1452.4934782608696,825.74,2023-04-07 14:14:10
MXP,Halifax,Canadá,2023,6,752.8,1133.9082352941177,961.1,2023-04-07 14:14:10
MXP,Chiang Mai,Tailândia,2023,10,752.83,844.8093333333333,808.79,2023-04-07 14:14:10
MXP,Guadalajara,México,2023,2,752.89,845.7719999999999,773.41,2023-04-07 14:14:10
MXP,Wenzhou,China,2023,2,753.49,1423.7761538461539,1568.22,2023-04-07 14:14:10
MXP,Bozeman,Estados Unidos,2023,3,753.6,778.6086363636364,782.345,2023-04-07 14:14:10
MXP,Gaborone,Botsuana,2023,5,753.63,753.63,753.63,2023-04-07 14:14:10
MXP,Assiut,Egito,2023,7,753.77,755.739090909091,756.23,2023-04-07 14:14:10
MXP,Aqaba,Jordânia,2023,8,753.84,753.84,753.84,2023-04-07 14:14:10
MXP,Duchambé,Tajiquistão,2023,5,754.2,758.75375,758.92,2023-04-07 14:14:10
MXP,Raleigh,Estados Unidos,2023,7,754.57,755.8737500000001,755.8900000000001,2023-04-07 14:14:10
MXP,Siem Reap,Cambodja,2023,11,754.67,757.3399999999999,757.525,2023-04-07 14:14:10
MXP,Fargo,Estados Unidos,2023,4,754.78,764.2014285714286,754.78,2023-04-07 14:14:10
MXP,Porto Alegre,Brasil,2023,5,755.1,1215.67,1060.355,2023-04-07 14:14:10
MXP,Condado de Derry,Reino Unido,2023,6,755.32,755.32,755.32,2023-04-07 14:14:10
MXP,Boise,Estados Unidos,2023,2,755.98,757.010909090909,757.28,2023-04-07 14:14:10
MXP,Pune,Índia,2023,2,755.98,756.8772727272727,756.3,2023-04-07 14:14:10
MXP,Kinshasa,República Democrática do Congo,2023,9,756.03,758.912,759.38,2023-04-07 14:14:10
MXP,Saint George.s,Granada,2023,11,756.15,756.15,756.15,2023-04-07 14:14:10
MXP,San Pedro,Honduras,2023,4,756.31,1034.4243333333334,774.915,2023-04-07 14:14:10
MXP,Oranjestad,Aruba,2023,11,756.36,817.4784,796.45,2023-04-07 14:14:10
MXP,Albany,Estados Unidos,2023,4,756.49,760.1644444444445,761.96,2023-04-07 14:14:10
MXP,Cartagena,Colômbia,2023,5,756.67,894.7089473684211,789.71,2023-04-07 14:14:10
MXP,Cochin,Índia,2023,7,756.9,1131.922857142857,1231.865,2023-04-07 14:14:10
MXP,San Pedro,Honduras,2023,3,756.96,808.5486046511629,793.85,2023-04-07 14:14:10
MXP,San José del Cabo,México,2023,2,757.09,873.4536363636363,805.41,2023-04-07 14:14:10
MXP,Key West,Estados Unidos,2023,8,757.15,765.8116666666666,757.87,2023-04-07 14:14:10
MXP,Bozeman,Estados Unidos,2023,4,757.41,855.375,799.865,2023-04-07 14:14:10
MXP,Moline,Estados Unidos,2023,4,757.45,790.5402857142857,760.0,2023-04-07 14:14:10
MXP,Shreveport,Estados Unidos,2023,4,757.58,760.0255555555556,757.99,2023-04-07 14:14:10
MXP,Palm Springs,Estados Unidos,2023,4,757.82,922.3727272727273,884.33,2023-04-07 14:14:10
MXP,Curitiba,Brasil,2023,4,757.82,986.2872222222223,969.3050000000001,2023-04-07 14:14:10
MXP,Al ‘Ulá,Arábia Saudita,2023,10,758.17,837.1566666666666,761.65,2023-04-07 14:14:10
MXP,Portland,Estados Unidos,2023,7,758.2,1283.36125,759.85,2023-04-07 14:14:10
MXP,Florença,Itália,2023,1,758.2,759.23875,759.85,2023-04-07 14:14:10
MXP,Tyler,Estados Unidos,2023,3,758.5,762.9744444444445,765.52,2023-04-07 14:14:10
MXP,Pequim,China,2023,11,758.78,812.875,763.52,2023-04-07 14:14:10
MXP,Cap Skirring,Senegal,2023,3,759.08,759.266,759.08,2023-04-07 14:14:10
MXP,Teresina,Brasil,2023,9,759.29,761.4649999999999,761.76,2023-04-07 14:14:10
MXP,Nagóia,Japão,2024,1,759.38,759.986,760.39,2023-04-07 14:14:10
MXP,Long Beach,Estados Unidos,2023,9,759.41,976.9207692307693,1045.83,2023-04-07 14:14:10
MXP,Denpasar,Indonésia,2024,2,759.68,820.58625,832.025,2023-04-07 14:14:10
MXP,Lerwick,Reino Unido,2023,7,759.69,783.8644444444444,762.68,2023-04-07 14:14:10
MXP,Natal,Brasil,2023,4,760.52,943.759761904762,955.2049999999999,2023-04-07 14:14:10
MXP,Baton Rouge,Estados Unidos,2023,5,760.57,761.4366666666667,760.89,2023-04-07 14:14:10
MXP,Cuzco,Perú,2023,3,760.69,1005.4333333333333,926.78,2023-04-07 14:14:10
MXP,Osaka,Japão,2023,12,760.78,873.5,939.91,2023-04-07 14:14:10
MXP,Spokane,Estados Unidos,2023,8,761.0,776.163,762.61,2023-04-07 14:14:10
MXP,St Louis,Estados Unidos,2023,5,761.31,794.9369230769231,761.72,2023-04-07 14:14:10
MXP,Hamilton,Bermudas,2023,3,761.44,835.949111111111,832.6,2023-04-07 14:14:10
MXP,Abuja,Nigéria,2023,4,761.58,761.58,761.58,2023-04-07 14:14:10
MXP,Simpson Bay,São Martinho (Sint Maarten),2023,1,762.62,923.191052631579,939.85,2023-04-07 14:14:10
MXP,Exeter,Reino Unido,2023,7,762.62,762.65,762.65,2023-04-07 14:14:10
MXP,Recife,Brasil,2023,12,762.64,959.0208333333334,940.92,2023-04-07 14:14:10
MXP,Pointe-à-Pitre,Guadalupe,2023,5,762.81,861.6866666666666,831.965,2023-04-07 14:14:10
MXP,Libreville,Gabão,2024,1,762.93,763.0166666666665,763.06,2023-04-07 14:14:10
MXP,Kuala Lumpur,Malásia,2023,7,762.99,973.1158823529413,1021.77,2023-04-07 14:14:10
MXP,Guadalajara,México,2024,1,763.36,764.9499999999999,763.36,2023-04-07 14:14:10
MXP,Guadalajara,México,2023,5,763.37,868.6083333333333,819.05,2023-04-07 14:14:10
MXP,Mombaça,Quénia,2023,2,763.64,784.7933333333334,763.64,2023-04-07 14:14:10
MXP,Guwahati,Índia,2023,3,763.71,764.583,764.7049999999999,2023-04-07 14:14:10
MXP,Cidade do Kansas,Estados Unidos,2023,10,763.84,803.4255555555557,779.62,2023-04-07 14:14:10
MXP,Cidade da Praia,Cabo Verde,2023,7,763.84,766.2825,764.5,2023-04-07 14:14:10
MXP,Quito,Equador,2023,10,763.84,1211.0321428571428,927.49,2023-04-07 14:14:10
MXP,Penang,Malásia,2023,5,763.87,804.5375,811.74,2023-04-07 14:14:10
MXP,Memphis,Estados Unidos,2023,4,764.06,764.9666666666667,765.08,2023-04-07 14:14:10
MXP,Nova Orleães,Estados Unidos,2023,12,764.25,765.658,766.01,2023-04-07 14:14:10
MXP,Edmonton,Canadá,2023,5,764.27,769.0255555555555,769.05,2023-04-07 14:14:10
MXP,Oranjestad,Aruba,2023,5,765.36,950.1638888888889,914.33,2023-04-07 14:14:10
MXP,Katmandu,Nepal,2023,8,765.54,1140.9594444444444,1073.685,2023-04-07 14:14:10
MXP,Cidade do Panamá,Panamá,2023,7,765.54,886.4166666666666,945.85,2023-04-07 14:14:10
MXP,Guadalajara,México,2023,3,765.67,972.0791666666668,896.715,2023-04-07 14:14:10
MXP,Srinagar,Índia,2023,6,765.72,766.7941666666667,765.82,2023-04-07 14:14:10
MXP,Castries,Santa Lúcia,2023,2,765.79,1062.2435483870968,1112.94,2023-04-07 14:14:10
MXP,Cidade do Cabo,África do Sul,2023,7,766.01,928.1583333333333,977.3,2023-04-07 14:14:10
MXP,Honolulu,Estados Unidos,2023,11,766.28,803.7864285714286,796.025,2023-04-07 14:14:10
MXP,Saint-Denis,Ilha da Reunião,2023,6,766.36,1001.4578947368421,918.9,2023-04-07 14:14:10
MXP,Al ‘Ulá,Arábia Saudita,2023,6,766.47,766.534,766.47,2023-04-07 14:14:10
MXP,Longview,Estados Unidos,2023,3,766.7,771.2255555555555,773.8,2023-04-07 14:14:10
MXP,Samarcanda,Uzbequistão,2023,7,766.91,766.91,766.91,2023-04-07 14:14:10
MXP,Fort-de-France,Martinica,2024,1,767.05,776.7614285714286,781.14,2023-04-07 14:14:10
MXP,Manaus,Brasil,2023,10,767.56,769.7707692307692,770.6,2023-04-07 14:14:10
MXP,Manila,Filipinas,2023,7,767.71,881.895,767.71,2023-04-07 14:14:10
MXP,Kota Bharu,Malásia,2023,3,767.93,919.735,995.44,2023-04-07 14:14:10
MXP,Cantão,China,2023,4,768.14,1243.965925925926,1079.0,2023-04-07 14:14:10
MXP,Islamabad,Paquistão,2023,1,768.21,768.21,768.21,2023-04-07 14:14:10
MXP,Pointe-Noire,República do Congo,2023,4,768.48,808.9648387096775,784.41,2023-04-07 14:14:10
MXP,Killeen,Estados Unidos,2023,3,768.51,864.4926666666667,907.87,2023-04-07 14:14:10
MXP,Guadalajara,México,2023,11,768.62,768.62,768.62,2023-04-07 14:14:10
MXP,Honolulu,Estados Unidos,2023,10,768.73,865.0827777777778,833.57,2023-04-07 14:14:10
MXP,Katmandu,Nepal,2023,10,768.85,883.9383333333333,843.15,2023-04-07 14:14:10
MXP,Tóquio,Japão,2023,9,769.24,871.1261764705882,871.94,2023-04-07 14:14:10
MXP,Harare,Zimbábue,2023,7,769.37,932.2624999999999,986.46,2023-04-07 14:14:10
MXP,Saint John's,Antígua e Barbuda,2024,2,769.38,770.5360000000001,769.38,2023-04-07 14:14:10
MXP,Honolulu,Estados Unidos,2023,3,769.81,958.5630303030302,853.43,2023-04-07 14:14:10
MXP,Manama,Bahrain,2023,7,770.14,770.14,770.14,2023-04-07 14:14:10
MXP,Hat Yai,Tailândia,2023,5,770.25,827.4472222222222,809.46,2023-04-07 14:14:10
MXP,Tânger,Marrocos,2023,1,770.47,806.14,806.14,2023-04-07 14:14:10
MXP,Kahului,Estados Unidos,2023,3,770.48,834.9639285714285,806.82,2023-04-07 14:14:10
MXP,Jibuti,Djibuti,2023,3,770.56,783.1750000000001,775.03,2023-04-07 14:14:10
MXP,Querétaro,México,2023,10,770.66,771.1949999999999,770.8199999999999,2023-04-07 14:14:10
MXP,Corpus Christi,Estados Unidos,2023,3,771.06,771.06,771.06,2023-04-07 14:14:10
MXP,Khasab,Omã,2023,9,771.98,772.5433333333334,771.98,2023-04-07 14:14:10
MXP,Charleston,Estados Unidos,2023,11,772.06,772.06,772.06,2023-04-07 14:14:10
MXP,Pensacola,Estados Unidos,2023,12,772.08,789.6333333333333,772.55,2023-04-07 14:14:10
MXP,Flint,Estados Unidos,2023,4,772.16,812.9836363636364,812.395,2023-04-07 14:14:10
MXP,Milwaukee,Estados Unidos,2023,7,772.17,804.3868421052631,780.68,2023-04-07 14:14:10
MXP,Sacramento,Estados Unidos,2023,3,772.47,1705.591875,773.5,2023-04-07 14:14:10
MXP,Assunção,Paraguai,2023,5,772.75,1230.396875,1316.475,2023-04-07 14:14:10
MXP,Coimbatore,Índia,2023,3,772.79,949.9666666666666,979.17,2023-04-07 14:14:10
MXP,Saint George.s,Granada,2023,3,772.79,821.3278571428572,832.78,2023-04-07 14:14:10
MXP,Montevidéu,Uruguai,2023,3,772.82,1129.2158181818181,937.14,2023-04-07 14:14:10
MXP,Kigali,Ruanda,2023,2,772.9,1065.5193333333334,824.07,2023-04-07 14:14:10
MXP,Campo Grande,Brasil,2023,3,773.0,775.789,775.45,2023-04-07 14:14:10
MXP,Orlando,Estados Unidos,2023,8,773.44,888.81,888.81,2023-04-07 14:14:10
MXP,Sault Ste Marie,Canadá,2023,2,773.72,775.449,776.33,2023-04-07 14:14:10
MXP,Sault Sainte Marie (Michigan),Estados Unidos,2023,2,773.72,775.449,776.33,2023-04-07 14:14:10
MXP,Punta Arenas,Chile,2023,3,773.74,1141.371851851852,931.76,2023-04-07 14:14:10
MXP,Sioux Falls,Estados Unidos,2023,5,773.92,776.6725,776.49,2023-04-07 14:14:10
MXP,Kota Kinabalu,Malásia,2023,7,774.0,915.1604166666666,943.79,2023-04-07 14:14:10
MXP,Boise,Estados Unidos,2023,3,774.0,779.9836363636364,780.85,2023-04-07 14:14:10
MXP,Curitiba,Brasil,2023,3,774.21,918.5465822784811,895.82,2023-04-07 14:14:10
MXP,Calgary,Canadá,2023,6,774.65,959.7996666666667,882.32,2023-04-07 14:14:10
MXP,Navegantes,Brasil,2023,3,774.66,3048.9646875,977.22,2023-04-07 14:14:10
MXP,Surabaia,Indonésia,2023,3,774.92,800.4731818181818,801.4300000000001,2023-04-07 14:14:10
MXP,Porto Alegre,Brasil,2023,3,775.13,2404.811875,1014.88,2023-04-07 14:14:10
MXP,San Juan,Porto Rico,2023,6,775.5,938.8846153846154,878.9,2023-04-07 14:14:10
MXP,Samarcanda,Uzbequistão,2023,1,775.57,776.36625,776.745,2023-04-07 14:14:10
MXP,Vijayawada,Índia,2023,2,775.75,777.822,778.09,2023-04-07 14:14:10
MXP,Nagpur,Índia,2023,2,776.17,796.8007142857142,801.35,2023-04-07 14:14:10
MXP,Lusaka,Zâmbia,2023,2,776.17,796.1141176470588,778.0,2023-04-07 14:14:10
MXP,Tóquio,Japão,2023,3,776.31,1232.0666666666666,1141.67,2023-04-07 14:14:10
MXP,Kigali,Ruanda,2023,7,776.43,994.0567857142858,868.06,2023-04-07 14:14:10
MXP,Belo Horizonte,Brasil,2023,3,776.52,1091.0235238095238,1043.87,2023-04-07 14:14:10
MXP,Manaus,Brasil,2023,5,776.99,923.3888888888889,929.3,2023-04-07 14:14:10
MXP,Coxen Hole,Honduras,2023,3,777.15,922.0046666666666,778.19,2023-04-07 14:14:10
MXP,Lima,Perú,2023,9,777.59,810.34,777.59,2023-04-07 14:14:10
MXP,Hat Yai,Tailândia,2023,4,777.61,1008.3403125,903.185,2023-04-07 14:14:10
MXP,Santiago,Chile,2023,11,777.91,869.6368421052631,911.02,2023-04-07 14:14:10
MXP,Khasab,Omã,2023,3,778.12,860.0663333333333,801.88,2023-04-07 14:14:10
MXP,Espargos,Cabo Verde,2023,8,778.55,861.6906666666667,853.71,2023-04-07 14:14:10
MXP,Palm Springs,Estados Unidos,2023,12,778.55,781.3688888888888,783.09,2023-04-07 14:14:10
MXP,Mersa Matruh,Egito,2023,6,778.61,790.995,778.73,2023-04-07 14:14:10
MXP,Salt Lake City,Estados Unidos,2023,6,778.65,823.3459999999999,834.52,2023-04-07 14:14:10
MXP,Kigali,Ruanda,2023,11,778.66,778.785,778.785,2023-04-07 14:14:10
MXP,Traverse City,Estados Unidos,2023,5,778.83,779.7511111111112,780.48,2023-04-07 14:14:10
MXP,Libéria,Costa Rica,2023,8,779.02,1064.976923076923,780.06,2023-04-07 14:14:10
MXP,São Pedro,Cabo Verde,2023,9,779.1,908.9918181818182,780.96,2023-04-07 14:14:10
MXP,Cidade do México,México,2023,6,779.14,988.8366666666667,794.23,2023-04-07 14:14:10
MXP,San José,Costa Rica,2024,1,779.28,997.805,997.805,2023-04-07 14:14:10
MXP,Cataratas Vitória,Zimbábue,2023,3,779.78,904.2942307692308,959.97,2023-04-07 14:14:10
MXP,Chiang Mai,Tailândia,2023,8,780.06,1003.6504761904762,948.84,2023-04-07 14:14:10
MXP,Surabaia,Indonésia,2023,10,780.07,781.775,780.88,2023-04-07 14:14:10
MXP,Sioux City,Estados Unidos,2023,6,780.38,788.0166666666668,787.6,2023-04-07 14:14:10
MXP,Calcutá,Índia,2023,7,780.9,823.940625,783.905,2023-04-07 14:14:10
MXP,Gaborone,Botsuana,2023,3,781.0,819.1352380952382,822.88,2023-04-07 14:14:10
MXP,Albuquerque,Estados Unidos,2023,9,781.39,781.4457142857143,781.39,2023-04-07 14:14:10
MXP,Balikpapan,Indonésia,2024,2,781.41,783.9366666666666,785.2,2023-04-07 14:14:10
MXP,Fort-de-France,Martinica,2023,5,781.45,1015.1347999999999,876.27,2023-04-07 14:14:10
MXP,Katmandu,Nepal,2023,7,781.5,838.835,784.5,2023-04-07 14:14:10
MXP,Chandigarh,Índia,2023,3,782.03,786.0252631578948,785.99,2023-04-07 14:14:10
MXP,Jacarta,Indonésia,2023,8,782.53,2343.020909090909,1220.235,2023-04-07 14:14:10
MXP,Denpasar,Indonésia,2023,1,782.88,782.88,782.88,2023-04-07 14:14:10
MXP,Santa Barbara,Estados Unidos,2023,10,783.01,784.445,784.72,2023-04-07 14:14:10
MXP,Oakland,Estados Unidos,2023,8,783.01,932.54,921.2950000000001,2023-04-07 14:14:10
MXP,Libéria,Costa Rica,2023,4,783.1,1090.6325806451614,1022.695,2023-04-07 14:14:10
MXP,San Luis Obispo,Estados Unidos,2023,9,783.11,787.7322222222223,790.36,2023-04-07 14:14:10
MXP,Calgary,Canadá,2023,8,783.51,972.6433333333334,783.51,2023-04-07 14:14:10
MXP,Natal,Brasil,2023,3,783.64,1026.7157352941176,1058.75,2023-04-07 14:14:10
MXP,Puerto Vallarta,México,2023,12,784.11,784.11,784.11,2023-04-07 14:14:10
MXP,Filadélfia,Estados Unidos,2023,8,784.42,784.42,784.42,2023-04-07 14:14:10
MXP,Durban,África do Sul,2023,7,784.5,978.6117241379311,995.37,2023-04-07 14:14:10
MXP,Calcutá,Índia,2024,1,784.56,784.56,784.56,2023-04-07 14:14:10
MXP,Hohhot,China,2023,4,784.63,1051.9884615384615,1099.945,2023-04-07 14:14:10
MXP,Mwanza,Tanzânia,2023,6,784.84,1027.9708571428573,1010.69,2023-04-07 14:14:10
MXP,Bishkek,Quirguizistão,2023,8,785.29,894.2800000000001,947.15,2023-04-07 14:14:10
MXP,Salvador,Brasil,2024,1,785.5,824.5279999999999,832.77,2023-04-07 14:14:10
MXP,Brasília,Brasil,2023,6,785.64,960.339365079365,928.99,2023-04-07 14:14:10
MXP,Koh Samui,Tailândia,2023,6,785.64,959.3616129032258,1002.58,2023-04-07 14:14:10
MXP,Sukhothai,Tailândia,2023,5,785.83,789.5483333333333,790.35,2023-04-07 14:14:10
MXP,Urgench,Uzbequistão,2023,9,785.83,834.604,839.845,2023-04-07 14:14:10
MXP,Fort-de-France,Martinica,2023,8,785.95,921.255,787.225,2023-04-07 14:14:10
MXP,Amritsar,Índia,2023,11,786.07,818.5200000000001,786.07,2023-04-07 14:14:10
MXP,San Jose,Estados Unidos,2023,8,786.1,924.726,980.66,2023-04-07 14:14:10
MXP,Jibuti,Djibuti,2023,2,786.37,973.375,973.375,2023-04-07 14:14:10
MXP,Jackson,Estados Unidos,2023,5,786.41,787.0366666666665,786.41,2023-04-07 14:14:10
MXP,Santiago,República Dominicana,2023,10,786.78,787.99,787.99,2023-04-07 14:14:10
MXP,Pointe-à-Pitre,Guadalupe,2024,2,786.8,786.8,786.8,2023-04-07 14:14:10
MXP,Monterrei,México,2023,4,786.96,1158.0075757575758,1224.38,2023-04-07 14:14:10
MXP,Gaborone,Botsuana,2023,6,787.33,788.0820000000001,787.33,2023-04-07 14:14:10
MXP,Cidade da Guatemala,Guatemala,2023,10,787.69,957.99875,1011.9,2023-04-07 14:14:10
MXP,Pointe-Noire,República do Congo,2023,2,787.69,789.33125,789.02,2023-04-07 14:14:10
MXP,San José del Cabo,México,2023,9,788.25,788.25,788.25,2023-04-07 14:14:10
MXP,Ottawa,Canadá,2023,7,788.29,788.5766666666666,788.31,2023-04-07 14:14:10
MXP,Cidade de Ho Chi Minh,Vietname,2023,3,788.52,1111.87661971831,965.56,2023-04-07 14:14:10
MXP,Taif,Arábia Saudita,2023,7,788.58,793.228,794.53,2023-04-07 14:14:10
MXP,Pune,Índia,2023,4,789.44,810.1,810.1,2023-04-07 14:14:10
MXP,Kota Kinabalu,Malásia,2023,9,789.51,832.6060000000001,831.17,2023-04-07 14:14:10
MXP,Vólos,Grécia,2023,9,790.02,1144.4813636363635,852.08,2023-04-07 14:14:10
MXP,Lilongwe,Malaui,2023,9,790.41,807.28125,815.16,2023-04-07 14:14:10
MXP,Belém,Brasil,2023,5,790.47,846.3484615384616,791.84,2023-04-07 14:14:10
MXP,Hyderabad,Índia,2023,7,790.5,793.4033333333333,790.5,2023-04-07 14:14:10
MXP,Polokwane,África do Sul,2023,11,790.54,791.4583333333334,790.65,2023-04-07 14:14:10
MXP,Phnom Penh,Cambodja,2023,6,790.66,877.0961111111111,876.78,2023-04-07 14:14:10
MXP,Koh Samui,Tailândia,2023,9,790.69,996.7895454545454,953.94,2023-04-07 14:14:10
MXP,Richmond,Estados Unidos,2023,8,790.79,1138.6841176470589,1442.45,2023-04-07 14:14:10
MXP,Tarapoto,Perú,2023,4,791.03,1107.9537500000001,1152.91,2023-04-07 14:14:10
MXP,Anchorage,Estados Unidos,2023,4,791.32,862.2224242424243,857.78,2023-04-07 14:14:10
MXP,San José del Cabo,México,2023,3,791.34,901.4266071428572,842.075,2023-04-07 14:14:10
MXP,Fresno,Estados Unidos,2023,3,791.48,791.48,791.48,2023-04-07 14:14:10
MXP,Palm Springs,Estados Unidos,2023,10,791.57,820.9348,827.99,2023-04-07 14:14:10
MXP,Memphis,Estados Unidos,2023,6,792.23,1175.823846153846,800.96,2023-04-07 14:14:10
MXP,Cebu,Filipinas,2023,10,792.68,989.5,1055.03,2023-04-07 14:14:10
MXP,Honolulu,Estados Unidos,2023,12,792.78,901.275,793.03,2023-04-07 14:14:10
MXP,Montevidéu,Uruguai,2023,12,792.81,1011.9965,797.85,2023-04-07 14:14:10
MXP,Quito,Equador,2023,2,793.01,1310.3176923076924,1230.9,2023-04-07 14:14:10
MXP,Saint John's,Antígua e Barbuda,2023,2,793.12,1203.8694117647058,1481.89,2023-04-07 14:14:10
MXP,Al ‘Ulá,Arábia Saudita,2023,8,793.3,793.866,793.4,2023-04-07 14:14:10
MXP,Spokane,Estados Unidos,2023,3,793.87,1166.9152380952382,799.42,2023-04-07 14:14:10
MXP,Salt Lake City,Estados Unidos,2023,8,793.89,982.1455555555555,926.05,2023-04-07 14:14:10
MXP,Astypálaia,Grécia,2023,4,793.93,793.96,793.96,2023-04-07 14:14:10
MXP,Honolulu,Estados Unidos,2023,1,794.04,794.905,794.905,2023-04-07 14:14:10
MXP,Curitiba,Brasil,2023,11,794.05,797.5288888888888,798.68,2023-04-07 14:14:10
MXP,Abbotsford,Canadá,2023,9,794.08,1024.9766666666665,923.55,2023-04-07 14:14:10
MXP,Florianópolis,Brasil,2023,11,794.18,825.5421428571428,826.25,2023-04-07 14:14:10
MXP,Bozeman,Estados Unidos,2024,1,794.64,812.1163636363636,800.36,2023-04-07 14:14:10
MXP,Praya,Indonésia,2023,11,794.78,858.4223529411765,899.13,2023-04-07 14:14:10
MXP,Brasília,Brasil,2023,12,794.78,829.4664285714287,854.7,2023-04-07 14:14:10
MXP,Houston,Estados Unidos,2023,1,794.96,794.96,794.96,2023-04-07 14:14:10
MXP,Foz do Iguaçu,Brasil,2023,4,795.01,1214.9614893617022,1223.95,2023-04-07 14:14:10
MXP,Cozumel,México,2023,4,795.05,1122.4068055555554,1078.35,2023-04-07 14:14:10
MXP,Krabi,Tailândia,2023,6,795.17,888.6687499999999,798.06,2023-04-07 14:14:10
MXP,Phnom Penh,Cambodja,2023,3,795.43,1035.5059999999999,1017.32,2023-04-07 14:14:10
MXP,Luanda,Angola,2023,8,795.46,797.0949999999999,795.46,2023-04-07 14:14:10
MXP,Monterrei,México,2023,2,795.56,904.6409677419355,853.77,2023-04-07 14:14:10
MXP,Londrina,Brasil,2023,7,795.76,833.86,797.13,2023-04-07 14:14:10
MXP,Erzurum,Turquia,2023,4,795.76,816.329090909091,820.25,2023-04-07 14:14:10
MXP,Honolulu,Estados Unidos,2023,2,795.76,813.3329166666667,808.075,2023-04-07 14:14:10
MXP,Chiang Rai,Tailândia,2023,5,796.07,801.3185714285715,799.58,2023-04-07 14:14:10
MXP,Bozeman,Estados Unidos,2023,11,796.22,799.0322222222222,800.08,2023-04-07 14:14:10
MXP,Shannon,Irlanda,2023,7,796.27,829.6566666666666,796.27,2023-04-07 14:14:10
MXP,Egilsstadir,Islândia,2023,5,796.31,801.2611111111112,801.28,2023-04-07 14:14:10
MXP,Monterrei,México,2023,5,796.47,813.151111111111,803.4,2023-04-07 14:14:10
MXP,Natal,Brasil,2023,12,796.48,1104.07,796.73,2023-04-07 14:14:10
MXP,Saint John's,Antígua e Barbuda,2023,12,796.7,1498.851739130435,1124.82,2023-04-07 14:14:10
MXP,Foz do Iguaçu,Brasil,2023,6,796.71,1081.0817647058823,1228.28,2023-04-07 14:14:10
MXP,Srinagar,Índia,2023,1,796.8,798.2599999999999,798.54,2023-04-07 14:14:10
MXP,Curitiba,Brasil,2023,10,797.59,798.0250000000001,797.59,2023-04-07 14:14:10
MXP,Tóquio,Japão,2023,10,797.7,858.678125,828.3199999999999,2023-04-07 14:14:10
MXP,Batna,Argélia,2023,8,797.9,799.14,798.0,2023-04-07 14:14:10
MXP,Kelowna,Canadá,2023,4,798.0,799.2950000000001,799.2950000000001,2023-04-07 14:14:10
MXP,Kahului,Estados Unidos,2023,2,798.23,834.4979411764706,825.17,2023-04-07 14:14:10
MXP,Nador,Marrocos,2023,7,798.57,1022.551,1045.37,2023-04-07 14:14:10
MXP,Copiapó,Chile,2023,3,799.15,799.338888888889,799.49,2023-04-07 14:14:10
MXP,Comayagua,Honduras,2023,6,799.49,799.5766666666667,799.62,2023-04-07 14:14:10
MXP,Kinshasa,República Democrática do Congo,2023,6,799.52,800.165,800.165,2023-04-07 14:14:10
MXP,Buffalo,Estados Unidos,2023,7,799.79,801.4766666666667,802.49,2023-04-07 14:14:10
MXP,Chandigarh,Índia,2023,2,800.16,800.37875,800.41,2023-04-07 14:14:10
MXP,Reno,Estados Unidos,2023,6,800.25,800.7950000000001,800.7950000000001,2023-04-07 14:14:10
MXP,Oranjestad,Aruba,2023,4,800.59,1290.4296666666667,1037.295,2023-04-07 14:14:10
MXP,Tiruchirapalli,Índia,2023,7,800.85,802.3050000000001,800.85,2023-04-07 14:14:10
MXP,Detroit,Estados Unidos,2023,6,801.4,1012.7266666666668,1076.315,2023-04-07 14:14:10
MXP,Pietermaritzburg,África do Sul,2023,6,801.41,801.41,801.41,2023-04-07 14:14:10
MXP,Puerto Vallarta,México,2023,5,801.43,916.8468421052631,894.99,2023-04-07 14:14:10
MXP,Harare,Zimbábue,2023,5,801.46,896.4323076923076,862.43,2023-04-07 14:14:10
MXP,Roanoke,Estados Unidos,2023,8,801.57,1028.496111111111,1027.54,2023-04-07 14:14:10
MXP,Porto de Espanha,Trinidad e Tobago,2023,3,801.66,930.2337931034482,878.37,2023-04-07 14:14:10
MXP,Albuquerque,Estados Unidos,2023,2,802.0,802.0,802.0,2023-04-07 14:14:10
MXP,Melinde,Quénia,2023,9,802.19,857.7853333333334,804.73,2023-04-07 14:14:10
MXP,Grand'Anse Praslin,Seicheles,2023,3,802.31,964.2660344827586,944.15,2023-04-07 14:14:10
MXP,Cataratas Vitória,Zimbábue,2023,11,802.43,803.8683333333333,803.42,2023-04-07 14:14:10
MXP,Namibe,Angola,2023,7,802.49,833.9658823529412,807.41,2023-04-07 14:14:10
MXP,São Pedro,Cabo Verde,2023,6,802.53,851.0177777777777,864.47,2023-04-07 14:14:10
MXP,Panglao,Filipinas,2023,3,802.55,1085.3628571428571,1037.355,2023-04-07 14:14:10
MXP,Mendoza,Argentina,2023,5,802.77,1080.1929411764704,1230.14,2023-04-07 14:14:10
MXP,Comayagua,Honduras,2023,10,802.8,808.0625,808.26,2023-04-07 14:14:10
MXP,Idaho Falls,Estados Unidos,2023,4,802.87,807.1063636363637,808.86,2023-04-07 14:14:10
MXP,Puerto Vallarta,México,2023,4,802.87,1071.1952777777778,994.72,2023-04-07 14:14:10
MXP,Puebla,México,2023,9,802.92,803.218,803.17,2023-04-07 14:14:10
MXP,Hohhot,China,2023,6,803.0,803.6011111111111,803.05,2023-04-07 14:14:10
MXP,Quito,Equador,2023,1,803.14,876.4325,870.585,2023-04-07 14:14:10
MXP,Honolulu,Estados Unidos,2024,1,803.22,832.8875,842.605,2023-04-07 14:14:10
MXP,Kingston,Jamaica,2023,2,803.23,1141.0764285714286,892.765,2023-04-07 14:14:10
MXP,Osaka,Japão,2023,10,803.24,991.260909090909,906.925,2023-04-07 14:14:10
MXP,Goiânia,Brasil,2023,4,803.41,1183.1587096774192,977.22,2023-04-07 14:14:10
MXP,Hartford,Estados Unidos,2023,8,803.42,807.2422222222223,807.1,2023-04-07 14:14:10
MXP,Springfield,Estados Unidos,2023,8,803.42,807.2422222222223,807.1,2023-04-07 14:14:10
MXP,Lampang,Tailândia,2023,9,804.06,848.3823529411765,867.2,2023-04-07 14:14:10
MXP,Taipé,Taiwan,2023,12,804.15,805.03,805.03,2023-04-07 14:14:10
MXP,Milwaukee,Estados Unidos,2023,6,804.16,806.11375,805.91,2023-04-07 14:14:10
MXP,Missoula,Estados Unidos,2023,4,804.33,805.5833333333334,804.44,2023-04-07 14:14:10
MXP,Daca,Bangladexe,2023,8,804.45,869.915,865.535,2023-04-07 14:14:10
MXP,Norfolk,Estados Unidos,2023,6,804.7,979.6642857142857,1110.12,2023-04-07 14:14:10
MXP,Langkawi,Malásia,2023,6,804.73,806.348888888889,806.94,2023-04-07 14:14:10
MXP,Cidade de Belize,Belize,2023,3,804.76,1055.0083333333334,923.94,2023-04-07 14:14:10
MXP,Belo Horizonte,Brasil,2023,2,804.76,899.9158064516129,810.01,2023-04-07 14:14:10
MXP,Lihue,Estados Unidos,2023,10,804.99,840.5915789473684,817.94,2023-04-07 14:14:10
MXP,Bridgetown,Barbados,2023,2,804.99,1368.814285714286,824.07,2023-04-07 14:14:10
MXP,Palm Springs,Estados Unidos,2023,3,805.34,1101.9436363636362,1211.77,2023-04-07 14:14:10
MXP,Phuket,Tailândia,2024,2,805.36,808.6675,809.57,2023-04-07 14:14:10
MXP,Cotonou,Benin,2023,7,805.46,810.9627272727273,810.49,2023-04-07 14:14:10
MXP,Burbank,Estados Unidos,2023,8,805.53,1131.7014285714286,1081.925,2023-04-07 14:14:10
MXP,Manila,Filipinas,2023,2,805.58,1019.1073333333334,809.53,2023-04-07 14:14:10
MXP,Hamilton,Bermudas,2023,6,805.97,806.527142857143,805.97,2023-04-07 14:14:10
MXP,Koh Samui,Tailândia,2023,5,805.98,894.7451162790697,860.08,2023-04-07 14:14:10
MXP,Providenciales,Ilhas Turcas e Caicos,2023,8,806.23,1203.3220512820512,1292.04,2023-04-07 14:14:10
MXP,Pemba,Moçambique,2023,4,806.77,1272.73,1045.2,2023-04-07 14:14:10
MXP,Nelspruit,África do Sul,2023,9,806.78,860.0241441441441,863.68,2023-04-07 14:14:10
MXP,La Paz,México,2023,4,807.05,1001.088909090909,1028.62,2023-04-07 14:14:10
MXP,Honolulu,Estados Unidos,2023,8,807.16,1063.0361111111113,1100.56,2023-04-07 14:14:10
MXP,Penang,Malásia,2023,3,807.33,821.9577777777778,819.5699999999999,2023-04-07 14:14:10
MXP,Asmara,Eritreia,2023,8,807.46,952.1800000000001,952.78,2023-04-07 14:14:10
MXP,Thiruvananthapuram,Índia,2023,8,807.63,1404.1905263157894,1750.22,2023-04-07 14:14:10
MXP,Mombaça,Quénia,2023,8,807.73,1327.5214285714285,1404.49,2023-04-07 14:14:10
MXP,Willemstad,Curaçao,2023,3,807.85,1088.898620689655,1057.81,2023-04-07 14:14:10
MXP,Sacramento,Estados Unidos,2023,4,807.96,949.38,825.06,2023-04-07 14:14:10
MXP,Taipé,Taiwan,2024,2,808.01,809.325,809.325,2023-04-07 14:14:10
MXP,Baltimore,Estados Unidos,2023,6,808.05,855.88,858.8050000000001,2023-04-07 14:14:10
MXP,Lampang,Tailândia,2023,10,808.16,856.582857142857,810.03,2023-04-07 14:14:10
MXP,Castries,Santa Lúcia,2023,4,808.17,1173.6580882352941,1026.255,2023-04-07 14:14:10
MXP,San Jose,Estados Unidos,2023,7,808.17,907.8092307692308,811.75,2023-04-07 14:14:10
MXP,Providenciales,Ilhas Turcas e Caicos,2023,12,808.34,1058.5283333333334,1122.685,2023-04-07 14:14:10
MXP,Antananarivo,Madagáscar,2023,1,808.67,808.67,808.67,2023-04-07 14:14:10
MXP,Honolulu,Estados Unidos,2023,5,809.53,844.6429411764706,829.84,2023-04-07 14:14:10
MXP,Esbjerg,Dinamarca,2023,4,809.82,813.1228571428572,815.6,2023-04-07 14:14:10
MXP,Thal,Suíça,2023,3,810.04,1279.6627586206896,1495.94,2023-04-07 14:14:10
MXP,Ontário,Estados Unidos,2023,12,810.04,810.04,810.04,2023-04-07 14:14:10
MXP,Reno,Estados Unidos,2023,9,810.3,839.5981818181818,825.2,2023-04-07 14:14:10
MXP,Honolulu,Estados Unidos,2023,4,810.35,900.2904444444445,846.62,2023-04-07 14:14:10
MXP,Cebu,Filipinas,2023,3,810.45,1028.4519607843138,1057.4,2023-04-07 14:14:10
MXP,Gaborone,Botsuana,2023,10,810.49,811.78625,811.59,2023-04-07 14:14:10
MXP,Lihue,Estados Unidos,2023,9,810.49,835.007391304348,828.54,2023-04-07 14:14:10
MXP,San José del Cabo,México,2023,5,810.77,900.3773529411765,853.04,2023-04-07 14:14:10
MXP,Zanzibar,Tanzânia,2023,12,810.91,810.91,810.91,2023-04-07 14:14:10
MXP,Filadélfia,Estados Unidos,2023,7,810.96,819.8530000000001,812.83,2023-04-07 14:14:10
MXP,Moroni,Comores,2023,10,811.03,812.0666666666667,812.42,2023-04-07 14:14:10
MXP,Vientiane,Laos,2023,11,811.1,860.16,867.51,2023-04-07 14:14:10
MXP,Ängelholm,Suécia,2023,3,811.15,812.2722222222222,812.55,2023-04-07 14:14:10
MXP,Florianópolis,Brasil,2023,5,811.45,1052.59,1073.85,2023-04-07 14:14:10
MXP,Entebbe,Uganda,2024,1,811.64,844.6936363636363,862.34,2023-04-07 14:14:10
MXP,Sorkjosen,Noruega,2023,12,811.67,811.7566666666667,811.8,2023-04-07 14:14:10
MXP,Ras Al Khaimah,Emirados Árabes Unidos,2023,12,811.8,964.9513333333333,1001.6,2023-04-07 14:14:10
MXP,Saint-Denis,Ilha da Reunião,2023,2,812.12,986.2029032258065,991.63,2023-04-07 14:14:10
MXP,Oral,Cazaquistão,2023,3,812.35,831.7116666666666,818.645,2023-04-07 14:14:10
MXP,Honolulu,Estados Unidos,2023,9,812.43,856.584,824.72,2023-04-07 14:14:10
MXP,Curitiba,Brasil,2023,5,812.56,877.4619047619047,850.46,2023-04-07 14:14:10
MXP,Cotonou,Benin,2023,4,812.56,1070.55,821.51,2023-04-07 14:14:10
MXP,Lahore,Paquistão,2024,1,812.65,812.65,812.65,2023-04-07 14:14:10
MXP,Cebu,Filipinas,2023,11,812.94,922.7757142857143,944.05,2023-04-07 14:14:10
MXP,Da Nang,Vietname,2023,10,813.29,1008.3710526315789,846.35,2023-04-07 14:14:10
MXP,Helena,Estados Unidos,2023,2,813.34,814.8333333333334,815.12,2023-04-07 14:14:10
MXP,Cleveland,Estados Unidos,2023,7,813.76,1115.4145,817.36,2023-04-07 14:14:10
MXP,Windhoek,Namíbia,2023,9,813.85,902.5758333333333,912.0550000000001,2023-04-07 14:14:10
MXP,Phnom Penh,Cambodja,2023,9,813.96,871.26,890.31,2023-04-07 14:14:10
MXP,Hamilton,Canadá,2023,8,814.04,898.6811111111111,922.09,2023-04-07 14:14:10
MXP,Reno,Estados Unidos,2023,3,814.28,876.4005555555555,876.115,2023-04-07 14:14:10
MXP,Jackson,Estados Unidos,2023,8,814.5,923.0735294117648,1015.5,2023-04-07 14:14:10
MXP,Lampang,Tailândia,2023,3,815.02,1417.8700000000001,1593.475,2023-04-07 14:14:10
MXP,Burbank,Estados Unidos,2023,6,815.22,1206.8881578947369,1247.26,2023-04-07 14:14:10
MXP,Koh Samui,Tailândia,2023,11,815.45,847.8950000000001,859.52,2023-04-07 14:14:10
MXP,Chiang Rai,Tailândia,2023,6,815.57,928.892,955.05,2023-04-07 14:14:10
MXP,Djanet,Argélia,2023,6,815.9,820.199090909091,821.98,2023-04-07 14:14:10
MXP,Oral,Cazaquistão,2023,5,816.02,817.0333333333333,817.09,2023-04-07 14:14:10
MXP,Pernem,Índia,2023,4,816.34,970.4845945945946,916.9200000000001,2023-04-07 14:14:10
MXP,Key West,Estados Unidos,2023,3,816.36,957.365,931.64,2023-04-07 14:14:10
MXP,Katmandu,Nepal,2023,1,816.44,816.44,816.44,2023-04-07 14:14:10
MXP,Busan,Coreia do Sul,2023,9,816.54,1036.1126315789472,1174.54,2023-04-07 14:14:10
MXP,Sorong,Indonésia,2023,10,816.59,818.4791666666666,817.36,2023-04-07 14:14:10
MXP,Maceió,Brasil,2023,4,817.0,1259.7005454545454,1048.48,2023-04-07 14:14:10
MXP,Guwahati,Índia,2023,11,817.3,818.3963636363637,818.98,2023-04-07 14:14:10
MXP,Honolulu,Estados Unidos,2023,6,817.42,1154.9255555555555,1083.22,2023-04-07 14:14:10
MXP,Jibuti,Djibuti,2023,1,817.89,859.155238095238,868.27,2023-04-07 14:14:10
MXP,Bhubaneswar,Índia,2023,3,817.94,819.2816666666668,817.95,2023-04-07 14:14:10
MXP,Vadodara,Índia,2023,7,818.19,820.6238888888888,821.8,2023-04-07 14:14:10
MXP,Faisalabad,Paquistão,2023,2,818.71,1173.104,1069.94,2023-04-07 14:14:10
MXP,Manila,Filipinas,2023,12,818.85,997.4233333333333,819.2,2023-04-07 14:14:10
MXP,Peshawar,Paquistão,2023,12,819.11,823.0122222222221,822.87,2023-04-07 14:14:10
MXP,Southampton,Reino Unido,2023,9,819.16,819.5799999999999,819.16,2023-04-07 14:14:10
MXP,Simpson Bay,São Martinho (Sint Maarten),2023,11,819.31,819.31,819.31,2023-04-07 14:14:10
MXP,Miri,Malásia,2023,5,819.33,820.0222222222222,820.1,2023-04-07 14:14:10
MXP,San Luis Obispo,Estados Unidos,2023,3,819.36,863.8100000000001,861.0699999999999,2023-04-07 14:14:10
MXP,Kamloops,Canadá,2023,12,819.81,823.6129999999999,823.51,2023-04-07 14:14:10
MXP,Bozeman,Estados Unidos,2023,9,819.91,819.91,819.91,2023-04-07 14:14:10
MXP,Fortaleza,Brasil,2024,1,820.05,1122.6499999999999,1035.48,2023-04-07 14:14:10
MXP,Moroni,Comores,2023,5,820.21,944.338125,899.5,2023-04-07 14:14:10
MXP,Lihue,Estados Unidos,2023,2,820.69,867.7600000000001,820.69,2023-04-07 14:14:10
MXP,Charleston,Estados Unidos,2023,7,820.78,820.7800000000001,820.78,2023-04-07 14:14:10
MXP,Windhoek,Namíbia,2023,11,820.88,820.9466666666667,820.98,2023-04-07 14:14:10
MXP,Palm Springs,Estados Unidos,2023,5,821.05,822.7280000000001,822.765,2023-04-07 14:14:10
MXP,Abbotsford,Canadá,2023,4,821.18,1281.3696875,1207.915,2023-04-07 14:14:10
MXP,Newport News,Estados Unidos,2023,3,821.21,822.6428571428571,821.21,2023-04-07 14:14:10
MXP,Wadi Ad Dawasir,Arábia Saudita,2023,4,821.65,963.7354166666668,844.74,2023-04-07 14:14:10
MXP,Kahului,Estados Unidos,2023,10,822.04,945.6625,861.47,2023-04-07 14:14:10
MXP,Manila,Filipinas,2023,1,822.04,851.9066666666668,857.48,2023-04-07 14:14:10
MXP,Cali,Colômbia,2023,2,822.52,951.7607692307691,949.57,2023-04-07 14:14:10
MXP,Flagstaff,Estados Unidos,2023,10,822.72,826.1683333333334,827.51,2023-04-07 14:14:10
MXP,Luanda,Angola,2023,7,822.72,823.9654545454546,822.82,2023-04-07 14:14:10
MXP,Kalispell,Estados Unidos,2023,2,822.83,823.942,822.9100000000001,2023-04-07 14:14:10
MXP,Namibe,Angola,2023,4,823.04,823.8077777777777,823.9,2023-04-07 14:14:10
MXP,Belo Horizonte,Brasil,2023,4,823.3,1145.7771698113208,1146.33,2023-04-07 14:14:10
MXP,Kailua-Kona,Estados Unidos,2023,11,823.65,824.2214285714286,824.65,2023-04-07 14:14:10
MXP,Abu Simbel,Egito,2023,10,823.77,828.89,828.91,2023-04-07 14:14:10
MXP,Carachi,Paquistão,2023,8,823.8,823.8,823.8,2023-04-07 14:14:10
MXP,Kelowna,Canadá,2023,2,824.22,825.499,825.46,2023-04-07 14:14:10
MXP,Sorong,Indonésia,2023,11,824.7,825.8120000000001,824.78,2023-04-07 14:14:10
MXP,Anchorage,Estados Unidos,2023,2,825.05,843.4345454545455,835.22,2023-04-07 14:14:10
MXP,Foz do Iguaçu,Brasil,2023,10,825.35,826.981,826.665,2023-04-07 14:14:10
MXP,Spokane,Estados Unidos,2023,5,825.43,830.858,834.4200000000001,2023-04-07 14:14:10
MXP,Malmo,Suécia,2023,7,825.6,828.5485714285714,830.76,2023-04-07 14:14:10
MXP,Niamey,Níger,2023,9,825.64,826.9155555555556,825.77,2023-04-07 14:14:10
MXP,Krabi,Tailândia,2023,8,825.64,1099.7112903225807,1202.46,2023-04-07 14:14:10
MXP,San Andrés,Colômbia,2023,5,825.74,841.884,826.51,2023-04-07 14:14:10
MXP,Puerto Princesa,Filipinas,2023,11,825.85,1052.1513636363636,1097.135,2023-04-07 14:14:10
MXP,Langkawi,Malásia,2023,9,826.13,826.145,826.13,2023-04-07 14:14:10
MXP,Cidade de Ho Chi Minh,Vietname,2023,7,826.31,1039.921818181818,908.0,2023-04-07 14:14:10
MXP,Arba Minch,Etiópia,2023,10,826.65,830.061,830.015,2023-04-07 14:14:10
MXP,Saint George.s,Granada,2023,12,826.77,1006.4399999999999,1092.86,2023-04-07 14:14:10
MXP,Varanasi,Índia,2023,2,826.87,828.402,826.87,2023-04-07 14:14:10
MXP,Jaipur,Índia,2023,4,827.12,828.067,828.2,2023-04-07 14:14:10
MXP,Houston,Estados Unidos,2023,8,827.2,827.2,827.2,2023-04-07 14:14:10
MXP,João Pessoa,Brasil,2023,6,827.27,832.3211111111111,836.35,2023-04-07 14:14:10
MXP,Calcutá,Índia,2023,11,827.43,829.9566666666666,831.22,2023-04-07 14:14:10
MXP,Sacramento,Estados Unidos,2023,10,827.55,832.9499999999999,833.46,2023-04-07 14:14:10
MXP,San José del Cabo,México,2023,4,828.0,1162.8772093023256,1015.11,2023-04-07 14:14:10
MXP,Manaus,Brasil,2023,11,828.13,828.1357142857142,828.14,2023-04-07 14:14:10
MXP,Hat Yai,Tailândia,2023,9,828.37,837.5916666666667,837.125,2023-04-07 14:14:10
MXP,Bissau,Guiné-Bissau,2023,3,828.69,843.3600000000001,836.03,2023-04-07 14:14:10
MXP,Manágua,Nicarágua,2023,2,828.93,957.3228571428571,900.17,2023-04-07 14:14:10
MXP,Ras Al Khaimah,Emirados Árabes Unidos,2024,3,829.15,831.4192857142858,831.95,2023-04-07 14:14:10
MXP,Hamilton,Bermudas,2023,10,829.27,829.27,829.27,2023-04-07 14:14:10
MXP,Medellín,Colômbia,2023,3,829.75,1039.912857142857,973.61,2023-04-07 14:14:10
MXP,Anchorage,Estados Unidos,2023,5,829.85,993.5372413793104,1042.74,2023-04-07 14:14:10
MXP,Guaiaquil,Equador,2024,3,830.2,830.2,830.2,2023-04-07 14:14:10
MXP,Aguascalientes,México,2023,2,830.3,832.0590909090909,832.25,2023-04-07 14:14:10
MXP,Bursa,Turquia,2023,2,830.3,831.275,831.275,2023-04-07 14:14:10
MXP,Metz,França,2023,4,830.47,836.4219999999999,836.76,2023-04-07 14:14:10
MXP,Bissau,Guiné-Bissau,2023,11,830.77,830.8050000000001,830.8050000000001,2023-04-07 14:14:10
MXP,Osaka,Japão,2023,11,831.2,899.48375,869.76,2023-04-07 14:14:10
MXP,Jibuti,Djibuti,2023,6,831.28,833.1,833.39,2023-04-07 14:14:10
MXP,Langkawi,Malásia,2023,5,831.35,888.2533333333334,851.54,2023-04-07 14:14:10
MXP,Dire Dawa,Etiópia,2023,4,831.89,835.8789999999999,836.2149999999999,2023-04-07 14:14:10
MXP,Norfolk,Estados Unidos,2023,7,831.91,1030.5655555555556,1028.37,2023-04-07 14:14:10
MXP,Urgench,Uzbequistão,2023,8,832.04,1218.555,837.14,2023-04-07 14:14:10
MXP,Sheridan,Estados Unidos,2023,5,832.13,832.7833333333333,832.13,2023-04-07 14:14:10
MXP,Antananarivo,Madagáscar,2024,1,832.29,1019.41,862.11,2023-04-07 14:14:10
MXP,Santiago,Chile,2023,5,832.5,1045.766,1060.11,2023-04-07 14:14:10
MXP,Gaborone,Botsuana,2023,7,832.64,832.64,832.64,2023-04-07 14:14:10
MXP,Natal,Brasil,2023,6,832.68,1410.6513333333335,1048.22,2023-04-07 14:14:10
MXP,Dodoma,Tanzânia,2023,9,832.77,834.061,834.21,2023-04-07 14:14:10
MXP,Hue,Vietname,2023,3,832.78,836.642,836.535,2023-04-07 14:14:10
MXP,Norfolk,Estados Unidos,2023,8,832.78,838.3722222222221,838.81,2023-04-07 14:14:10
MXP,Knoxville,Estados Unidos,2023,7,833.05,849.0316666666666,834.655,2023-04-07 14:14:10
MXP,Hoedspruit,África do Sul,2023,3,833.31,836.95875,837.0,2023-04-07 14:14:10
MXP,São Salvador,El Salvador,2023,8,833.39,908.5172727272728,834.83,2023-04-07 14:14:10
MXP,Manaus,Brasil,2023,6,833.43,833.4949999999999,833.4949999999999,2023-04-07 14:14:10
MXP,Kota Kinabalu,Malásia,2023,5,833.75,835.2985714285714,836.46,2023-04-07 14:14:10
MXP,Samarcanda,Uzbequistão,2023,12,833.84,915.02,915.02,2023-04-07 14:14:10
MXP,Monterrei,México,2023,3,833.94,1716.91,1165.975,2023-04-07 14:14:10
MXP,Vishakhapatnam,Índia,2023,4,834.05,835.4925000000001,835.51,2023-04-07 14:14:10
MXP,Córdova,Argentina,2023,10,834.16,861.1357575757576,870.06,2023-04-07 14:14:10
MXP,Albuquerque,Estados Unidos,2023,1,834.45,872.91,892.14,2023-04-07 14:14:10
MXP,Lomé,Togo,2023,9,834.72,834.72,834.72,2023-04-07 14:14:10
MXP,Bissau,Guiné-Bissau,2023,4,835.13,859.4136363636363,836.9,2023-04-07 14:14:10
MXP,Jodhpur,Índia,2023,2,835.8,836.1744444444444,836.15,2023-04-07 14:14:10
MXP,Tucson,Estados Unidos,2023,2,836.03,836.1744444444444,836.29,2023-04-07 14:14:10
MXP,El Paso,Estados Unidos,2023,2,836.95,837.9785714285715,838.75,2023-04-07 14:14:10
MXP,Puerto Princesa,Filipinas,2023,3,837.04,929.3813636363636,972.5,2023-04-07 14:14:10
MXP,Libéria,Costa Rica,2023,3,837.54,1112.7784374999999,1131.95,2023-04-07 14:14:10
MXP,Cap Skirring,Senegal,2023,8,837.64,838.695,838.7950000000001,2023-04-07 14:14:10
MXP,Anchorage,Estados Unidos,2023,3,838.18,955.4170588235294,938.14,2023-04-07 14:14:10
MXP,Salalah,Omã,2024,1,838.23,841.4122222222222,840.71,2023-04-07 14:14:10
MXP,Anchorage,Estados Unidos,2023,9,838.34,893.0359090909092,864.27,2023-04-07 14:14:10
MXP,Lihue,Estados Unidos,2023,5,838.4,999.2954166666667,852.94,2023-04-07 14:14:10
MXP,Reno,Estados Unidos,2023,4,838.4,874.0933333333334,891.94,2023-04-07 14:14:10
MXP,Concepción,Chile,2023,10,838.9,842.889090909091,843.74,2023-04-07 14:14:10
MXP,Medina,Arábia Saudita,2023,6,839.13,975.592,1004.71,2023-04-07 14:14:10
MXP,Osaka,Japão,2023,9,839.99,923.7267741935483,940.81,2023-04-07 14:14:10
MXP,Oakland,Estados Unidos,2023,7,840.74,1156.2972,1216.2,2023-04-07 14:14:10
MXP,Comayagua,Honduras,2024,2,841.05,845.14,847.14,2023-04-07 14:14:10
MXP,Vitória,Brasil,2023,2,841.66,973.4892,921.96,2023-04-07 14:14:10
MXP,Minneapolis,Estados Unidos,2023,6,842.02,945.63875,905.12,2023-04-07 14:14:10
MXP,Kailua-Kona,Estados Unidos,2023,10,842.37,1078.888947368421,855.92,2023-04-07 14:14:10
MXP,Cartagena,Colômbia,2023,6,842.51,1043.1233333333332,1081.88,2023-04-07 14:14:10
MXP,Bucaramanga,Colômbia,2023,3,842.62,843.366,842.62,2023-04-07 14:14:10
MXP,Jogjacarta,Indonésia,2023,6,842.62,844.5049999999999,845.47,2023-04-07 14:14:10
MXP,Nukus,Uzbequistão,2023,4,842.73,843.8077777777777,844.67,2023-04-07 14:14:10
MXP,Khasab,Omã,2023,5,842.87,887.6133333333333,849.16,2023-04-07 14:14:10
MXP,Quito,Equador,2023,9,842.95,842.9633333333335,842.97,2023-04-07 14:14:10
MXP,St John's,Canadá,2023,4,843.28,844.5220000000002,844.645,2023-04-07 14:14:10
MXP,San Juan,Porto Rico,2023,12,843.55,1091.1286486486488,1102.76,2023-04-07 14:14:10
MXP,Santiago,Chile,2023,6,843.65,1249.2827777777777,1004.65,2023-04-07 14:14:10
MXP,Simpson Bay,São Martinho (Sint Maarten),2023,9,843.73,871.816,849.45,2023-04-07 14:14:10
MXP,Hamilton,Bermudas,2023,9,843.81,847.8833333333332,849.92,2023-04-07 14:14:10
MXP,Santa Cruz da Serra,Bolívia,2023,6,843.84,1176.1883333333333,1285.64,2023-04-07 14:14:10
MXP,Rapid City,Estados Unidos,2023,5,844.06,844.6453846153846,844.57,2023-04-07 14:14:10
MXP,Fargo,Estados Unidos,2023,9,844.53,846.0683333333333,845.41,2023-04-07 14:14:10
MXP,Road Town,Ilhas Virgens Britânicas,2023,3,844.53,1183.731052631579,1482.14,2023-04-07 14:14:10
MXP,Melinde,Quénia,2023,3,844.67,1046.197741935484,981.05,2023-04-07 14:14:10
MXP,Simpson Bay,São Martinho (Sint Maarten),2024,3,844.78,845.165,844.835,2023-04-07 14:14:10
MXP,Koh Samui,Tailândia,2023,4,845.1,1232.882,1308.75,2023-04-07 14:14:10
MXP,Lihue,Estados Unidos,2023,3,845.45,900.7764,870.09,2023-04-07 14:14:10
MXP,Porto de Espanha,Trinidad e Tobago,2023,2,845.5,1284.1615384615384,1395.71,2023-04-07 14:14:10
MXP,Cartagena,Colômbia,2023,11,845.68,979.8765517241379,942.73,2023-04-07 14:14:10
MXP,Semarang,Indonésia,2023,3,845.85,848.5528571428571,847.6,2023-04-07 14:14:10
MXP,Nha Trang,Vietname,2023,6,845.99,845.99,845.99,2023-04-07 14:14:10
MXP,Curitiba,Brasil,2024,1,846.25,846.25,846.25,2023-04-07 14:14:10
MXP,Kailua-Kona,Estados Unidos,2023,4,846.35,1005.1875757575758,949.4,2023-04-07 14:14:10
MXP,Simpson Bay,São Martinho (Sint Maarten),2023,2,846.42,1187.5808333333332,1103.24,2023-04-07 14:14:10
MXP,Bogotá,Colômbia,2023,8,846.43,1078.7271428571428,1053.39,2023-04-07 14:14:10
MXP,Thanh Hoa,Vietname,2023,9,846.49,851.0116666666667,852.21,2023-04-07 14:14:10
MXP,Xangai,China,2023,9,846.62,954.8095,924.905,2023-04-07 14:14:10
MXP,Maceió,Brasil,2023,5,846.73,920.5404166666667,917.0899999999999,2023-04-07 14:14:10
MXP,Manágua,Nicarágua,2023,3,847.28,1966.129285714286,1126.52,2023-04-07 14:14:10
MXP,Cidade de Belize,Belize,2023,5,847.33,873.2276923076923,850.9,2023-04-07 14:14:10
MXP,Bandar Seri Begawan,Brunei,2023,3,847.4,849.05,849.36,2023-04-07 14:14:10
MXP,Ha Long,Vietname,2023,9,847.41,851.9358333333333,853.14,2023-04-07 14:14:10
MXP,Tirupati,Índia,2023,4,847.68,849.0266666666666,849.7,2023-04-07 14:14:10
MXP,Kota Bharu,Malásia,2023,2,847.73,3167.6366666666668,4007.25,2023-04-07 14:14:10
MXP,Chapecó,Brasil,2023,4,847.84,854.3059999999999,854.06,2023-04-07 14:14:10
MXP,Guaiaquil,Equador,2023,5,847.84,1095.7188888888888,888.78,2023-04-07 14:14:10
MXP,Joinville,Brasil,2023,3,847.89,884.2671428571429,848.25,2023-04-07 14:14:10
MXP,Brasília,Brasil,2023,9,847.99,848.3366666666667,847.99,2023-04-07 14:14:10
MXP,Penang,Malásia,2023,4,848.07,981.9288235294118,853.8,2023-04-07 14:14:10
MXP,Srinagar,Índia,2023,10,848.22,849.2333333333333,849.36,2023-04-07 14:14:10
MXP,Iloilo City,Filipinas,2023,3,848.64,850.668,850.935,2023-04-07 14:14:10
MXP,Melinde,Quénia,2023,10,848.75,954.565,933.75,2023-04-07 14:14:10
MXP,Katmandu,Nepal,2023,11,848.82,969.9166666666666,951.76,2023-04-07 14:14:10
MXP,Córdova,Argentina,2023,11,848.86,848.86,848.86,2023-04-07 14:14:10
MXP,Springfield,Estados Unidos,2023,7,849.19,849.225,849.225,2023-04-07 14:14:10
MXP,Hartford,Estados Unidos,2023,7,849.19,849.225,849.225,2023-04-07 14:14:10
MXP,Daca,Bangladexe,2023,12,849.37,851.2477777777777,852.14,2023-04-07 14:14:10
MXP,Little Rock,Estados Unidos,2023,8,849.59,853.6388888888889,853.49,2023-04-07 14:14:10
MXP,Austin,Estados Unidos,2023,6,849.74,864.7713043478261,854.9,2023-04-07 14:14:10
MXP,Jacarta,Indonésia,2023,2,849.92,2436.4500000000003,955.9,2023-04-07 14:14:10
MXP,Seattle,Estados Unidos,2023,8,850.46,894.2750000000001,894.2750000000001,2023-04-07 14:14:10
MXP,Antananarivo,Madagáscar,2023,8,850.55,1194.1052941176472,1075.04,2023-04-07 14:14:10
MXP,Vientiane,Laos,2023,5,851.02,901.13,903.67,2023-04-07 14:14:10
MXP,Rabil,Cabo Verde,2023,7,851.22,1374.6127777777776,1563.21,2023-04-07 14:14:10
MXP,Allentown,Estados Unidos,2023,6,851.4,927.2992307692307,940.78,2023-04-07 14:14:10
MXP,Fukuoka,Japão,2023,9,852.0,862.8208333333333,852.89,2023-04-07 14:14:10
MXP,Madison,Estados Unidos,2023,7,852.24,855.5618181818182,857.2,2023-04-07 14:14:10
MXP,Knoxville,Estados Unidos,2023,5,852.58,852.58,852.58,2023-04-07 14:14:10
MXP,Pernem,Índia,2023,2,852.67,952.9091666666667,951.2,2023-04-07 14:14:10
MXP,Santa Cruz da Serra,Bolívia,2023,3,853.0,1048.0225,971.115,2023-04-07 14:14:10
MXP,Kailua-Kona,Estados Unidos,2023,5,853.0,1232.2983333333334,937.725,2023-04-07 14:14:10
MXP,Joanesburgo,África do Sul,2023,7,853.16,1303.2959999999998,967.6,2023-04-07 14:14:10
MXP,Boise,Estados Unidos,2023,6,853.28,857.5836363636364,858.51,2023-04-07 14:14:10
MXP,Castries,Santa Lúcia,2023,10,853.44,855.6618181818183,856.55,2023-04-07 14:14:10
MXP,Bogotá,Colômbia,2023,7,853.82,980.1366666666667,875.01,2023-04-07 14:14:10
MXP,Colorado Springs,Estados Unidos,2023,4,853.97,939.8115384615384,860.59,2023-04-07 14:14:10
MXP,Grande Caimão,Ilhas Cayman,2023,10,854.22,882.6633333333333,862.13,2023-04-07 14:14:10
MXP,Barranquilla,Colômbia,2023,5,854.36,870.5192857142857,858.22,2023-04-07 14:14:10
MXP,Tawau,Malásia,2023,9,854.61,857.14125,858.105,2023-04-07 14:14:10
MXP,Abbotsford,Canadá,2023,5,855.0,1745.4242857142856,1276.07,2023-04-07 14:14:10
MXP,São Diego,Estados Unidos,2023,7,855.66,924.586,923.9300000000001,2023-04-07 14:14:10
MXP,Porto de Espanha,Trinidad e Tobago,2023,6,855.77,861.4718181818182,857.63,2023-04-07 14:14:10
MXP,Da Nang,Vietname,2023,5,856.04,1173.9777777777776,869.81,2023-04-07 14:14:10
MXP,Hanói,Vietname,2023,2,856.04,925.3533333333332,891.49,2023-04-07 14:14:10
MXP,Wenzhou,China,2023,3,856.26,1230.7897368421054,1203.5149999999999,2023-04-07 14:14:10
MXP,Vilanculos,Moçambique,2023,4,856.27,857.4966666666667,857.58,2023-04-07 14:14:10
MXP,Djidjiga,Etiópia,2023,3,856.45,859.4899999999999,859.29,2023-04-07 14:14:10
MXP,Santiago,República Dominicana,2023,5,856.47,860.5500000000001,862.59,2023-04-07 14:14:10
MXP,Varanasi,Índia,2023,3,856.61,861.1866666666666,862.4,2023-04-07 14:14:10
MXP,Praya,Indonésia,2023,5,856.65,916.2067857142857,927.8399999999999,2023-04-07 14:14:10
MXP,Columbia,Estados Unidos,2023,5,856.83,860.359,860.31,2023-04-07 14:14:10
MXP,Lalibela,Etiópia,2023,3,856.96,866.1090909090909,864.89,2023-04-07 14:14:10
MXP,Portland,Estados Unidos,2023,8,857.09,965.394,992.47,2023-04-07 14:14:10
MXP,Belo Horizonte,Brasil,2023,9,857.18,1098.9979999999998,959.16,2023-04-07 14:14:10
MXP,Oklahoma City,Estados Unidos,2023,8,857.28,857.28,857.28,2023-04-07 14:14:10
MXP,Cuzco,Perú,2023,4,857.56,1052.2775609756097,925.65,2023-04-07 14:14:10
MXP,Guadalajara,México,2023,6,857.65,966.3987500000001,859.47,2023-04-07 14:14:10
MXP,Shreveport,Estados Unidos,2023,12,857.65,859.6349999999999,860.54,2023-04-07 14:14:10
MXP,Phnom Penh,Cambodja,2023,4,857.74,1004.2313559322034,1017.87,2023-04-07 14:14:10
MXP,Fairbanks,Estados Unidos,2023,4,858.25,1124.9840000000002,1281.59,2023-04-07 14:14:10
MXP,Perth,Austrália,2023,9,858.74,1399.4536666666668,1389.7,2023-04-07 14:14:10
MXP,Ranchi,Índia,2023,1,859.09,862.7075,860.57,2023-04-07 14:14:10
MXP,Addu City,Maldivas,2023,10,859.55,980.65,862.85,2023-04-07 14:14:10
MXP,Goiânia,Brasil,2023,3,859.62,914.4083870967742,917.12,2023-04-07 14:14:10
MXP,Djidjiga,Etiópia,2023,4,859.81,863.933,864.28,2023-04-07 14:14:10
MXP,Ras Al Khaimah,Emirados Árabes Unidos,2024,2,860.41,860.48,860.48,2023-04-07 14:14:10
MXP,Belém,Brasil,2023,3,860.41,1560.1047058823528,1176.46,2023-04-07 14:14:10
MXP,Thiruvananthapuram,Índia,2023,5,860.46,862.5500000000001,862.33,2023-04-07 14:14:10
MXP,Manaus,Brasil,2023,4,860.57,980.4309523809524,983.5,2023-04-07 14:14:10
MXP,La Paz,Bolívia,2023,3,860.57,1290.465357142857,1191.7399999999998,2023-04-07 14:14:10
MXP,Detroit,Estados Unidos,2023,7,860.89,860.89,860.89,2023-04-07 14:14:10
MXP,Florianópolis,Brasil,2023,8,861.04,861.04,861.04,2023-04-07 14:14:10
MXP,Oaxaca,México,2023,4,861.28,963.8715217391306,919.35,2023-04-07 14:14:10
MXP,Houston,Estados Unidos,2023,6,861.4,1336.0733333333333,899.85,2023-04-07 14:14:10
MXP,Fresno,Estados Unidos,2023,4,861.44,865.6083333333332,865.29,2023-04-07 14:14:10
MXP,Kingstown,São Vicente e Granadinas,2023,2,861.49,1015.0014285714285,863.33,2023-04-07 14:14:10
MXP,La Paz,México,2023,2,861.68,1138.24,1167.13,2023-04-07 14:14:10
MXP,Quetta,Paquistão,2023,2,861.95,865.03,864.81,2023-04-07 14:14:10
MXP,Enfidha,Tunísia,2023,8,861.98,863.31,863.31,2023-04-07 14:14:10
MXP,Hong Kong,Hong Kong,2023,1,862.05,862.05,862.05,2023-04-07 14:14:10
MXP,Kailua-Kona,Estados Unidos,2023,3,862.34,863.94,864.11,2023-04-07 14:14:10
MXP,Denver,Estados Unidos,2023,8,862.35,1458.4866666666667,862.35,2023-04-07 14:14:10
MXP,Melinde,Quénia,2023,5,862.41,924.4978260869566,905.36,2023-04-07 14:14:10
MXP,Recife,Brasil,2023,7,862.47,1448.9546666666668,1220.79,2023-04-07 14:14:10
MXP,Poitiers,França,2023,1,862.77,862.77,862.77,2023-04-07 14:14:10
MXP,Assunção,Paraguai,2023,3,862.85,1141.7952173913043,1054.3,2023-04-07 14:14:10
MXP,Ulã Bator,Mongólia,2023,7,863.12,1210.5837931034482,1149.02,2023-04-07 14:14:10
MXP,Lubumbashi,República Democrática do Congo,2023,4,863.12,1382.3460606060605,1399.29,2023-04-07 14:14:10
MXP,Windhoek,Namíbia,2023,7,863.17,1108.64,1183.28,2023-04-07 14:14:10
MXP,Vancouver,Canadá,2023,8,863.17,1486.0873684210526,1290.38,2023-04-07 14:14:10
MXP,Da Nang,Vietname,2023,6,863.27,1169.341304347826,1330.21,2023-04-07 14:14:10
MXP,Detroit,Estados Unidos,2023,8,864.1,1037.0794444444446,1033.31,2023-04-07 14:14:10
MXP,Cataratas Vitória,Zimbábue,2023,6,864.62,865.412,865.94,2023-04-07 14:14:10
MXP,Simpson Bay,São Martinho (Sint Maarten),2023,5,865.15,942.0400000000001,883.76,2023-04-07 14:14:10
MXP,Durango,México,2023,2,865.16,867.7442857142858,865.16,2023-04-07 14:14:10
MXP,Porto Seguro,Brasil,2023,10,865.2,867.1975,866.06,2023-04-07 14:14:10
MXP,Khasab,Omã,2023,4,865.39,995.5211320754718,1010.45,2023-04-07 14:14:10
MXP,Puerto Princesa,Filipinas,2023,4,865.55,1092.6842857142858,967.95,2023-04-07 14:14:10
MXP,Foz do Iguaçu,Brasil,2023,3,866.22,1518.3967346938775,1380.81,2023-04-07 14:14:10
MXP,Grand'Anse Praslin,Seicheles,2023,5,866.79,921.7,925.83,2023-04-07 14:14:10
MXP,Manágua,Nicarágua,2023,4,866.84,1231.6513253012047,992.55,2023-04-07 14:14:10
MXP,Denpasar,Indonésia,2023,12,866.88,1340.69,1415.23,2023-04-07 14:14:10
MXP,Florianópolis,Brasil,2024,1,866.93,866.96,866.96,2023-04-07 14:14:10
MXP,Yellowknife,Canadá,2023,11,867.03,868.5872727272726,867.05,2023-04-07 14:14:10
MXP,Salvador,Brasil,2023,8,867.35,932.6115384615385,937.64,2023-04-07 14:14:10
MXP,Melinde,Quénia,2024,1,867.47,887.1658333333334,869.26,2023-04-07 14:14:10
MXP,Durban,África do Sul,2023,8,867.54,1208.7555555555555,1378.21,2023-04-07 14:14:10
MXP,Florianópolis,Brasil,2023,2,867.62,1240.4391836734694,1119.66,2023-04-07 14:14:10
MXP,Mersa Matruh,Egito,2023,9,867.8,867.8,867.8,2023-04-07 14:14:10
MXP,Simpson Bay,São Martinho (Sint Maarten),2023,3,867.86,1127.2886486486486,1050.87,2023-04-07 14:14:10
MXP,Duchambé,Tajiquistão,2023,4,867.97,1033.3920833333334,1032.89,2023-04-07 14:14:10
MXP,Córdova,Argentina,2023,5,868.48,2115.895,1293.99,2023-04-07 14:14:10
MXP,Mazatlán,México,2023,5,868.73,1142.520888888889,972.02,2023-04-07 14:14:10
MXP,Appleton,Estados Unidos,2023,1,868.83,869.4325,869.01,2023-04-07 14:14:10
MXP,Langkawi,Malásia,2023,4,869.19,1001.5167999999999,1002.69,2023-04-07 14:14:10
MXP,Leh,Índia,2023,3,869.36,874.4612500000001,874.76,2023-04-07 14:14:10
MXP,Krabi,Tailândia,2023,1,869.46,1156.876,1188.55,2023-04-07 14:14:10
MXP,Saint Thomas Island,Ilhas Virgens Americanas,2023,11,869.63,873.2180000000001,873.1700000000001,2023-04-07 14:14:10
MXP,Cartagena,Colômbia,2023,1,870.38,1069.80125,989.23,2023-04-07 14:14:10
MXP,Puerto Vallarta,México,2023,2,870.52,873.2084615384615,870.55,2023-04-07 14:14:10
MXP,Kailua-Kona,Estados Unidos,2023,9,870.97,885.6486666666666,872.16,2023-04-07 14:14:10
MXP,Leknes,Noruega,2023,5,871.28,872.3688888888888,872.43,2023-04-07 14:14:10
MXP,Chiang Rai,Tailândia,2023,9,871.3,912.5866666666667,925.54,2023-04-07 14:14:10
MXP,São Pedro,Cabo Verde,2023,7,871.36,937.3196,929.12,2023-04-07 14:14:10
MXP,Santa Marta,Colômbia,2023,3,871.49,875.54,875.925,2023-04-07 14:14:10
MXP,Leknes,Noruega,2023,2,872.15,873.15,873.295,2023-04-07 14:14:10
MXP,Curitiba,Brasil,2023,6,872.16,872.88,873.12,2023-04-07 14:14:10
MXP,Yanbu,Arábia Saudita,2023,4,872.33,873.2887499999999,872.5699999999999,2023-04-07 14:14:10
MXP,Seul,Coreia do Sul,2023,8,873.29,942.155,942.155,2023-04-07 14:14:10
MXP,Incheon,Coreia do Sul,2023,8,873.29,942.155,942.155,2023-04-07 14:14:10
MXP,Xangai,China,2023,7,873.53,903.8880000000001,903.21,2023-04-07 14:14:10
MXP,Praya,Indonésia,2023,3,873.78,891.1494999999999,876.83,2023-04-07 14:14:10
MXP,Mobile,Estados Unidos,2023,2,873.78,873.78,873.78,2023-04-07 14:14:10
MXP,St Peter Port,Guernsey,2023,7,873.87,877.0200000000001,876.635,2023-04-07 14:14:10
MXP,Marabá,Brasil,2023,2,874.33,925.2099999999999,901.56,2023-04-07 14:14:10
MXP,Mérida,México,2023,4,874.44,931.9399999999999,941.22,2023-04-07 14:14:10
MXP,Xangai,China,2023,2,874.98,1115.2042857142858,1220.85,2023-04-07 14:14:10
MXP,Ulã Bator,Mongólia,2023,3,875.14,1167.5595652173913,1209.61,2023-04-07 14:14:10
MXP,Dodoma,Tanzânia,2023,3,875.19,884.5327272727274,883.29,2023-04-07 14:14:10
MXP,Cyangugu,Ruanda,2023,3,875.83,876.833,876.975,2023-04-07 14:14:10
MXP,Greensboro,Estados Unidos,2023,8,875.98,884.5445454545454,885.46,2023-04-07 14:14:10
MXP,Caiena,Guiana Francesa,2023,11,876.17,876.5588888888889,876.53,2023-04-07 14:14:10
MXP,Dallas,Estados Unidos,2023,7,876.41,922.035,878.27,2023-04-07 14:14:10
MXP,Saint-Denis,Ilha da Reunião,2023,11,876.51,894.4899999999999,899.65,2023-04-07 14:14:10
MXP,Willemstad,Curaçao,2023,6,876.53,964.9553333333333,978.05,2023-04-07 14:14:10
MXP,Port Louis,Maurícia,2023,7,876.77,1911.261304347826,892.37,2023-04-07 14:14:10
MXP,Siem Reap,Cambodja,2023,3,876.83,1264.6881818181819,1207.63,2023-04-07 14:14:10
MXP,Belém,Brasil,2023,7,876.95,878.9754999999999,879.69,2023-04-07 14:14:10
MXP,Cuiabá,Brasil,2023,11,877.0,877.9088888888889,877.48,2023-04-07 14:14:10
MXP,Manágua,Nicarágua,2023,5,877.06,990.09,1016.5999999999999,2023-04-07 14:14:10
MXP,Siem Reap,Cambodja,2023,12,877.45,987.1872727272727,1014.21,2023-04-07 14:14:10
MXP,Maputo,Moçambique,2023,8,877.75,1095.0733333333333,933.75,2023-04-07 14:14:10
MXP,Bridgetown,Barbados,2023,6,877.81,908.5278947368421,881.37,2023-04-07 14:14:10
MXP,Asmara,Eritreia,2023,7,877.87,879.1085714285715,877.98,2023-04-07 14:14:10
MXP,Monróvia,Libéria,2023,2,877.92,896.8064705882352,899.51,2023-04-07 14:14:10
MXP,Kaohsiung,Taiwan,2023,10,877.92,886.515,886.05,2023-04-07 14:14:10
MXP,Duchambé,Tajiquistão,2023,2,877.92,884.4977777777777,883.04,2023-04-07 14:14:10
MXP,Brasília,Brasil,2023,2,878.14,1057.3006382978724,1073.49,2023-04-07 14:14:10
MXP,Orlando,Estados Unidos,2023,7,878.86,878.86,878.86,2023-04-07 14:14:10
MXP,Cockburn Harbour,Ilhas Turcas e Caicos,2023,5,878.92,879.5476470588235,879.51,2023-04-07 14:14:10
MXP,St John's,Canadá,2023,8,878.94,880.7650000000001,880.4200000000001,2023-04-07 14:14:10
MXP,Córdova,Argentina,2023,3,878.94,1117.242,1173.36,2023-04-07 14:14:10
MXP,Khasab,Omã,2023,11,879.18,980.4677777777779,993.57,2023-04-07 14:14:10
MXP,Boa Vista,Brasil,2023,5,879.75,1134.7753846153846,1208.79,2023-04-07 14:14:10
MXP,Anchorage,Estados Unidos,2023,8,880.0,1245.1796551724137,1321.34,2023-04-07 14:14:10
MXP,Kaohsiung,Taiwan,2023,5,880.6,883.7866666666666,881.43,2023-04-07 14:14:10
MXP,Perth,Austrália,2023,5,880.69,1186.1666666666667,1123.29,2023-04-07 14:14:10
MXP,Green Bay,Estados Unidos,2023,1,880.76,881.3675000000001,880.94,2023-04-07 14:14:10
MXP,João Pessoa,Brasil,2023,5,880.8,1137.9680434782608,999.905,2023-04-07 14:14:10
MXP,Brasília,Brasil,2023,11,880.99,883.3855555555556,885.03,2023-04-07 14:14:10
MXP,Libéria,Costa Rica,2023,2,881.1,881.1,881.1,2023-04-07 14:14:10
MXP,George Town,Bahamas,2023,12,881.11,1315.31,1256.26,2023-04-07 14:14:10
MXP,Cochin,Índia,2024,1,881.38,881.38,881.38,2023-04-07 14:14:10
MXP,Saint-Denis,Ilha da Reunião,2023,4,881.72,1111.3589285714286,1154.795,2023-04-07 14:14:10
MXP,Anchorage,Estados Unidos,2023,1,882.35,882.35,882.35,2023-04-07 14:14:10
MXP,Des Moines,Estados Unidos,2023,8,882.37,913.5870588235293,933.8,2023-04-07 14:14:10
MXP,Hambantota,Sri Lanka,2023,12,882.51,882.51,882.51,2023-04-07 14:14:10
MXP,Çanakkale,Turquia,2023,8,882.8,1060.94,1211.48,2023-04-07 14:14:10
MXP,Bulawayo,Zimbábue,2023,2,882.83,950.2318181818181,965.04,2023-04-07 14:14:10
MXP,Livingstone,Zâmbia,2023,5,883.34,4883.600399999999,947.9,2023-04-07 14:14:10
MXP,Brasília,Brasil,2023,8,883.39,1012.5840000000001,1092.15,2023-04-07 14:14:10
MXP,Thiruvananthapuram,Índia,2023,10,884.19,884.225,884.225,2023-04-07 14:14:10
MXP,Tashkent,Uzbequistão,2023,7,884.31,884.31,884.31,2023-04-07 14:14:10
MXP,Kuching,Malásia,2023,4,885.22,971.7577142857142,921.41,2023-04-07 14:14:10
MXP,Kingston,Jamaica,2023,9,885.22,969.6294444444445,1005.36,2023-04-07 14:14:10
MXP,Comayagua,Honduras,2023,3,885.27,1206.75,891.51,2023-04-07 14:14:10
MXP,Port Louis,Maurícia,2023,1,885.71,886.8575000000001,887.24,2023-04-07 14:14:10
MXP,Abbotsford,Canadá,2023,10,885.72,916.1720000000001,885.86,2023-04-07 14:14:10
MXP,Porto Seguro,Brasil,2023,6,886.05,889.79625,892.04,2023-04-07 14:14:10
MXP,El Paso,Estados Unidos,2023,4,886.21,1483.2158823529412,892.46,2023-04-07 14:14:10
MXP,Cidade de Ho Chi Minh,Vietname,2023,2,886.62,1068.7109090909091,936.88,2023-04-07 14:14:10
MXP,Campo Grande,Brasil,2023,4,886.86,888.4883333333333,888.8,2023-04-07 14:14:10
MXP,Salvador,Brasil,2023,7,886.89,886.89,886.89,2023-04-07 14:14:10
MXP,Grand'Anse Praslin,Seicheles,2023,2,887.18,889.0039999999999,889.27,2023-04-07 14:14:10
MXP,Lansing,Estados Unidos,2023,5,887.18,920.7144444444444,946.81,2023-04-07 14:14:10
MXP,Kahului,Estados Unidos,2023,4,887.23,1312.996153846154,932.52,2023-04-07 14:14:10
MXP,Everett,Estados Unidos,2023,5,887.68,1318.39375,1297.76,2023-04-07 14:14:10
MXP,Tiruchirapalli,Índia,2023,3,887.72,927.75,891.31,2023-04-07 14:14:10
MXP,Arba Minch,Etiópia,2023,4,887.93,892.2166666666667,894.36,2023-04-07 14:14:10
MXP,Kota Bharu,Malásia,2023,8,889.15,1076.8663636363635,1096.77,2023-04-07 14:14:10
MXP,Bridgetown,Barbados,2023,7,889.76,1086.088125,1173.1,2023-04-07 14:14:10
MXP,Port Louis,Maurícia,2023,8,890.06,1073.8899999999999,1147.25,2023-04-07 14:14:10
MXP,Vitória,Canadá,2023,3,890.15,891.68625,891.7049999999999,2023-04-07 14:14:10
MXP,Campo Grande,Brasil,2023,9,890.43,892.7227272727273,892.8,2023-04-07 14:14:10
MXP,Mérida,México,2023,2,890.64,1090.1358333333333,1027.07,2023-04-07 14:14:10
MXP,La Romana,República Dominicana,2023,1,890.64,1003.7566666666667,978.26,2023-04-07 14:14:10
MXP,Puerto Princesa,Filipinas,2023,2,890.64,953.2552173913043,930.16,2023-04-07 14:14:10
MXP,Hanói,Vietname,2023,8,890.96,1126.1304,1124.88,2023-04-07 14:14:10
MXP,Lihue,Estados Unidos,2023,4,891.48,1009.8864285714286,1002.48,2023-04-07 14:14:10
MXP,Abbotsford,Canadá,2023,6,892.46,1507.5083333333332,1761.84,2023-04-07 14:14:10
MXP,Incheon,Coreia do Sul,2023,7,892.53,892.53,892.53,2023-04-07 14:14:10
MXP,Seul,Coreia do Sul,2023,7,892.53,892.53,892.53,2023-04-07 14:14:10
MXP,Santa Cruz da Serra,Bolívia,2023,4,893.05,1304.9077192982456,1175.85,2023-04-07 14:14:10
MXP,Londrina,Brasil,2023,3,893.25,1027.9451351351352,1032.26,2023-04-07 14:14:10
MXP,Juneau,Estados Unidos,2023,5,893.3,954.5171428571429,972.04,2023-04-07 14:14:10
MXP,Pernem,Índia,2024,1,893.4,1069.4896774193548,1001.51,2023-04-07 14:14:10
MXP,Grand'Anse Praslin,Seicheles,2023,10,893.83,894.6220000000001,893.83,2023-04-07 14:14:10
MXP,Hat Yai,Tailândia,2023,11,894.31,913.6916666666666,922.1,2023-04-07 14:14:10
MXP,Pereira,Colômbia,2023,4,894.33,1123.8039999999999,1178.1599999999999,2023-04-07 14:14:10
MXP,Haiphong,Vietname,2023,9,894.33,899.1116666666667,900.38,2023-04-07 14:14:10
MXP,San Antonio,Estados Unidos,2023,8,894.37,903.15,904.1099999999999,2023-04-07 14:14:10
MXP,Perth,Austrália,2023,11,894.76,1178.0107692307693,1228.46,2023-04-07 14:14:10
MXP,Nagua,República Dominicana,2023,3,894.89,1257.6926315789474,1232.48,2023-04-07 14:14:10
MXP,Iloilo City,Filipinas,2023,4,895.13,897.4318181818181,897.51,2023-04-07 14:14:10
MXP,Bridgetown,Barbados,2024,1,895.18,908.326,897.05,2023-04-07 14:14:10
MXP,Ulã Bator,Mongólia,2023,10,895.2,895.2,895.2,2023-04-07 14:14:10
MXP,Medan,Indonésia,2023,7,895.56,983.7623333333333,901.52,2023-04-07 14:14:10
MXP,Porto Seguro,Brasil,2023,3,896.1,1111.7419736842105,1018.85,2023-04-07 14:14:10
MXP,Cebu,Filipinas,2023,4,896.15,1204.1414754098362,1142.79,2023-04-07 14:14:10
MXP,Córdova,Argentina,2023,6,896.35,1267.615,902.1949999999999,2023-04-07 14:14:10
MXP,Recife,Brasil,2023,8,896.63,1090.4816666666668,1177.6750000000002,2023-04-07 14:14:10
MXP,Belo Horizonte,Brasil,2023,6,897.07,986.4809523809523,1046.31,2023-04-07 14:14:10
MXP,Praya,Indonésia,2023,2,897.98,904.3075,903.21,2023-04-07 14:14:10
MXP,Mersa Matruh,Egito,2023,8,898.09,898.95,898.21,2023-04-07 14:14:10
MXP,Metz,França,2023,2,898.49,900.2777777777778,901.52,2023-04-07 14:14:10
MXP,Cap Skirring,Senegal,2023,2,898.63,959.5381818181818,965.56,2023-04-07 14:14:10
MXP,Assunção,Paraguai,2023,6,898.78,904.4925000000001,900.86,2023-04-07 14:14:10
MXP,Balikpapan,Indonésia,2023,4,898.93,1175.7145238095238,1125.31,2023-04-07 14:14:10
MXP,Windhoek,Namíbia,2023,1,898.93,898.93,898.93,2023-04-07 14:14:10
MXP,Nagóia,Japão,2023,11,899.11,899.73,899.2950000000001,2023-04-07 14:14:10
MXP,Kahului,Estados Unidos,2023,5,899.38,1220.8185714285714,1346.18,2023-04-07 14:14:10
MXP,Aktobe,Cazaquistão,2023,3,899.39,1196.6646428571428,1006.915,2023-04-07 14:14:10
MXP,Udaipur,Índia,2023,2,899.49,924.69875,900.5999999999999,2023-04-07 14:14:10
MXP,Melinde,Quénia,2023,4,899.73,1060.1710416666667,946.64,2023-04-07 14:14:10
MXP,Tóquio,Japão,2023,7,899.8,926.8144444444445,909.92,2023-04-07 14:14:10
MXP,Grande Caimão,Ilhas Cayman,2023,9,899.82,933.765,908.32,2023-04-07 14:14:10
MXP,Hohhot,China,2023,3,899.82,977.1144444444445,901.05,2023-04-07 14:14:10
MXP,Svolvær,Noruega,2023,2,899.82,998.57,903.45,2023-04-07 14:14:10
MXP,Kingston,Jamaica,2023,8,899.85,1752.921818181818,1501.3,2023-04-07 14:14:10
MXP,Knoxville,Estados Unidos,2023,8,899.85,905.1,905.94,2023-04-07 14:14:10
MXP,Cartum,Sudão,2023,7,899.93,901.3344444444444,900.05,2023-04-07 14:14:10
MXP,Balikpapan,Indonésia,2023,9,900.29,963.9502500000001,920.91,2023-04-07 14:14:10
MXP,Hamilton,Bermudas,2023,8,900.75,1352.1396153846156,933.82,2023-04-07 14:14:10
MXP,Belém,Brasil,2023,4,900.81,902.9033333333333,902.72,2023-04-07 14:14:10
MXP,Grand'Anse Praslin,Seicheles,2023,11,900.81,902.7881818181818,902.72,2023-04-07 14:14:10
MXP,Hangzhou,China,2023,3,901.28,1190.1555172413794,1134.56,2023-04-07 14:14:10
MXP,Phu Quoc,Vietname,2023,2,901.32,1209.9869444444444,1235.69,2023-04-07 14:14:10
MXP,Amritsar,Índia,2023,8,901.37,941.2800000000001,901.37,2023-04-07 14:14:10
MXP,Mérida,México,2023,5,901.59,902.7455555555556,903.67,2023-04-07 14:14:10
MXP,Akureyri,Islândia,2023,3,902.24,903.1700000000001,903.1700000000001,2023-04-07 14:14:10
MXP,Long Beach,Estados Unidos,2023,6,902.68,1148.8994736842105,1122.8,2023-04-07 14:14:10
MXP,La Romana,República Dominicana,2023,2,902.87,1161.3348571428571,1146.43,2023-04-07 14:14:10
MXP,Achgabad,Turquemenistão,2023,5,903.15,912.5413333333332,908.68,2023-04-07 14:14:10
MXP,Shenyang,China,2023,3,903.45,1619.4971875,1212.47,2023-04-07 14:14:10
MXP,Kingstown,São Vicente e Granadinas,2023,3,905.03,1086.042,960.0799999999999,2023-04-07 14:14:10
MXP,Austin,Estados Unidos,2023,7,905.18,1072.3124,960.44,2023-04-07 14:14:10
MXP,Hohhot,China,2023,5,905.25,906.0911111111111,906.19,2023-04-07 14:14:10
MXP,Angeles City,Filipinas,2023,3,905.25,1223.1561016949152,978.52,2023-04-07 14:14:10
MXP,Ahmedabad,Índia,2023,12,905.4,910.865,911.95,2023-04-07 14:14:10
MXP,Puerto Princesa,Filipinas,2023,6,905.45,1004.4844999999999,971.845,2023-04-07 14:14:10
MXP,Osaka,Japão,2024,2,905.48,909.4300000000001,910.58,2023-04-07 14:14:10
MXP,Albany,Estados Unidos,2023,5,906.12,908.0925,908.8,2023-04-07 14:14:10
MXP,Arequipa,Perú,2023,3,906.16,907.5550000000001,907.5550000000001,2023-04-07 14:14:10
MXP,Siem Reap,Cambodja,2023,6,906.19,1030.4305555555557,999.9,2023-04-07 14:14:10
MXP,Oklahoma City,Estados Unidos,2023,5,906.21,906.9485714285714,906.21,2023-04-07 14:14:10
MXP,Quito,Equador,2023,6,906.55,906.5499999999998,906.55,2023-04-07 14:14:10
MXP,Siem Reap,Cambodja,2023,7,906.74,907.052,907.13,2023-04-07 14:14:10
MXP,Oakland,Estados Unidos,2023,2,906.85,916.642,919.09,2023-04-07 14:14:10
MXP,Joinville,Brasil,2023,5,907.02,947.5450000000001,910.32,2023-04-07 14:14:10
MXP,Montevidéu,Uruguai,2023,2,907.13,1023.6611764705883,948.74,2023-04-07 14:14:10
MXP,Porto Plata,República Dominicana,2023,6,908.12,1135.7996551724138,999.04,2023-04-07 14:14:10
MXP,Chiang Mai,Tailândia,2023,4,908.63,1121.603559322034,963.79,2023-04-07 14:14:10
MXP,Addu City,Maldivas,2023,2,908.66,909.8733333333334,909.83,2023-04-07 14:14:10
MXP,Trujillo,Perú,2023,2,908.66,909.8733333333334,909.83,2023-04-07 14:14:10
MXP,Everett,Estados Unidos,2023,6,908.73,910.757,911.79,2023-04-07 14:14:10
MXP,Gainesville,Estados Unidos,2023,4,908.8,911.0918181818182,911.3,2023-04-07 14:14:10
MXP,Nanjing,China,2023,3,909.01,1268.248857142857,1210.83,2023-04-07 14:14:10
MXP,Achgabad,Turquemenistão,2023,3,909.06,947.321,960.02,2023-04-07 14:14:10
MXP,Puerto Princesa,Filipinas,2023,9,909.73,1066.8104166666667,1130.45,2023-04-07 14:14:10
MXP,Pointe-à-Pitre,Guadalupe,2023,2,910.12,1347.1866666666667,1191.2,2023-04-07 14:14:10
MXP,Phu Quoc,Vietname,2023,3,910.66,2907.085,2903.59,2023-04-07 14:14:10
MXP,Manaus,Brasil,2023,3,910.74,1213.1889473684212,1005.21,2023-04-07 14:14:10
MXP,Rayong,Tailândia,2023,3,910.89,976.5963157894736,919.95,2023-04-07 14:14:10
MXP,Pernem,Índia,2023,6,911.02,912.6524999999999,911.095,2023-04-07 14:14:10
MXP,Saint John,Canadá,2023,7,911.13,912.105,912.1,2023-04-07 14:14:10
MXP,Belo Horizonte,Brasil,2024,2,911.63,914.48,914.48,2023-04-07 14:14:10
MXP,Shenyang,China,2023,5,911.79,1117.2628,920.32,2023-04-07 14:14:10
MXP,Trujillo,Perú,2023,3,911.79,913.7860000000001,912.74,2023-04-07 14:14:10
MXP,Quetta,Paquistão,2023,3,911.83,917.8280000000001,921.7650000000001,2023-04-07 14:14:10
MXP,Bulawayo,Zimbábue,2023,11,912.32,916.0714285714286,916.65,2023-04-07 14:14:10
MXP,Melinde,Quénia,2023,2,912.52,1100.8778260869565,1113.33,2023-04-07 14:14:10
MXP,Porto de Espanha,Trinidad e Tobago,2023,5,912.57,933.367,921.02,2023-04-07 14:14:10
MXP,Koh Samui,Tailândia,2023,3,912.8,1142.2432692307693,990.15,2023-04-07 14:14:10
MXP,Santiago,República Dominicana,2023,6,912.85,914.3414285714287,914.09,2023-04-07 14:14:10
MXP,Port Blair,Índia,2023,3,912.87,1080.035925925926,1030.52,2023-04-07 14:14:10
MXP,Achgabad,Turquemenistão,2023,2,913.18,1010.3807692307691,1039.62,2023-04-07 14:14:10
MXP,Melinde,Quénia,2023,6,913.29,913.3833333333333,913.29,2023-04-07 14:14:10
MXP,Porto Alegre,Brasil,2023,9,913.67,918.327,920.28,2023-04-07 14:14:10
MXP,Hamilton,Canadá,2023,6,913.91,1368.0112,1578.72,2023-04-07 14:14:10
MXP,León,México,2023,3,913.95,984.3276000000001,915.47,2023-04-07 14:14:10
MXP,Birmingham,Estados Unidos,2023,10,913.98,913.98,913.98,2023-04-07 14:14:10
MXP,Saint-Denis,Ilha da Reunião,2023,5,914.09,1112.711724137931,1108.16,2023-04-07 14:14:10
MXP,Fairbanks,Estados Unidos,2023,3,914.32,1190.572258064516,988.49,2023-04-07 14:14:10
MXP,Walvis Bay,Namíbia,2023,3,914.32,1120.3595,936.59,2023-04-07 14:14:10
MXP,Providence,Estados Unidos,2023,6,914.43,1051.9293333333333,1037.97,2023-04-07 14:14:10
MXP,Shenzhen,China,2023,5,914.43,1120.4966666666667,1109.15,2023-04-07 14:14:10
MXP,La Romana,República Dominicana,2023,5,914.49,926.1850000000001,914.49,2023-04-07 14:14:10
MXP,Indianápolis,Estados Unidos,2023,8,914.59,914.604,914.59,2023-04-07 14:14:10
MXP,Willemstad,Curaçao,2023,10,914.89,931.3433333333334,914.95,2023-04-07 14:14:10
MXP,Santa Cruz da Serra,Bolívia,2023,11,915.15,919.35875,919.36,2023-04-07 14:14:10
MXP,Redmond,Estados Unidos,2023,6,915.15,919.6540000000001,920.06,2023-04-07 14:14:10
MXP,Sohag,Egito,2023,3,915.3,922.38,923.4,2023-04-07 14:14:10
MXP,Colombo,Sri Lanka,2023,7,915.35,951.884,915.88,2023-04-07 14:14:10
MXP,Krabi,Tailândia,2023,7,915.68,975.9019999999999,932.03,2023-04-07 14:14:10
MXP,Willemstad,Curaçao,2023,9,916.08,948.9072222222223,921.7650000000001,2023-04-07 14:14:10
MXP,Kobe,Japão,2023,2,916.43,2045.1100000000001,1525.38,2023-04-07 14:14:10
MXP,San Luis Potosí,México,2023,9,916.8,920.059,920.03,2023-04-07 14:14:10
MXP,Abbotsford,Canadá,2023,8,916.99,1267.4391666666668,1313.28,2023-04-07 14:14:10
MXP,Kuantan,Malásia,2023,2,917.19,1025.14,919.19,2023-04-07 14:14:10
MXP,Bhubaneswar,Índia,2023,2,917.27,1478.575,920.32,2023-04-07 14:14:10
MXP,Angeles City,Filipinas,2023,4,917.3,1122.972564102564,1056.2649999999999,2023-04-07 14:14:10
MXP,Santo Domingo,República Dominicana,2023,7,917.4,917.4,917.4,2023-04-07 14:14:10
MXP,Siem Reap,Cambodja,2023,8,917.5,1665.9734285714285,1451.58,2023-04-07 14:14:10
MXP,Bogotá,Colômbia,2023,6,918.04,982.37,1003.415,2023-04-07 14:14:10
MXP,Dharamshala,Índia,2023,9,918.05,924.201111111111,924.6,2023-04-07 14:14:10
MXP,Iaundé,Camarões,2023,8,918.44,918.44,918.44,2023-04-07 14:14:10
MXP,Manila,Filipinas,2024,3,918.52,918.52,918.52,2023-04-07 14:14:10
MXP,Jacarta,Indonésia,2023,7,918.85,1280.474375,1095.385,2023-04-07 14:14:10
MXP,Blantyre,Malaui,2023,1,919.67,920.5044444444443,920.86,2023-04-07 14:14:10
MXP,Ilhéus,Brasil,2023,6,919.72,1267.6695,1493.835,2023-04-07 14:14:10
MXP,White Plains,Estados Unidos,2023,6,920.09,1186.4133333333334,1292.46,2023-04-07 14:14:10
MXP,Osaka,Japão,2023,8,920.27,2574.528,1148.53,2023-04-07 14:14:10
MXP,Rochester,Estados Unidos,2023,6,920.28,925.6800000000001,925.995,2023-04-07 14:14:10
MXP,Blantyre,Malaui,2023,4,920.28,962.866,951.53,2023-04-07 14:14:10
MXP,Addu City,Maldivas,2023,11,920.52,921.6342857142857,922.47,2023-04-07 14:14:10
MXP,Vitória da Conquista,Brasil,2023,2,920.64,1122.3079310344829,1124.89,2023-04-07 14:14:10
MXP,Cozumel,México,2023,5,920.84,1746.9305882352942,1087.57,2023-04-07 14:14:10
MXP,Achgabad,Turquemenistão,2023,4,921.02,995.6311538461539,927.24,2023-04-07 14:14:10
MXP,Phnom Penh,Cambodja,2023,1,921.04,921.04,921.04,2023-04-07 14:14:10
MXP,Recife,Brasil,2023,2,921.12,1231.0803999999998,938.42,2023-04-07 14:14:10
MXP,Montego Bay,Jamaica,2023,7,921.56,1279.837,1379.28,2023-04-07 14:14:10
MXP,Nagua,República Dominicana,2023,4,922.59,2698.178888888889,1149.17,2023-04-07 14:14:10
MXP,Porto Alegre,Brasil,2023,2,922.7,1038.0494594594595,1041.92,2023-04-07 14:14:10
MXP,Las Vegas,Estados Unidos,2023,7,922.79,922.79,922.79,2023-04-07 14:14:10
MXP,Oaxaca,México,2023,3,923.0,963.186,963.165,2023-04-07 14:14:10
MXP,Boracay,Filipinas,2023,3,923.08,1082.5064285714286,1001.0,2023-04-07 14:14:10
MXP,Davao,Filipinas,2023,4,923.58,1149.828947368421,1279.57,2023-04-07 14:14:10
MXP,West Tisbury,Estados Unidos,2023,8,924.6,926.4599999999999,927.14,2023-04-07 14:14:10
MXP,Jinan,China,2023,2,924.79,926.0466666666666,926.97,2023-04-07 14:14:10
MXP,Singapura,Singapura,2023,8,925.36,965.62,925.4,2023-04-07 14:14:10
MXP,Londrina,Brasil,2023,11,925.67,926.3309999999999,925.79,2023-04-07 14:14:10
MXP,Anchorage,Estados Unidos,2023,6,926.38,978.423,926.77,2023-04-07 14:14:10
MXP,Grand-Case,São Martinho (Saint-Martin),2023,6,926.59,927.8874999999999,926.71,2023-04-07 14:14:10
MXP,Balikpapan,Indonésia,2023,5,927.78,977.4446153846154,971.95,2023-04-07 14:14:10
MXP,Fargo,Estados Unidos,2023,6,927.88,927.88,927.88,2023-04-07 14:14:10
MXP,Assunção,Paraguai,2023,2,928.46,1622.8181818181818,1440.185,2023-04-07 14:14:10
MXP,Ontário,Estados Unidos,2023,7,928.68,1343.895,1343.895,2023-04-07 14:14:10
MXP,Bandar Seri Begawan,Brunei,2023,4,928.71,928.71,928.71,2023-04-07 14:14:10
MXP,Sorong,Indonésia,2023,3,928.98,935.1792307692308,937.14,2023-04-07 14:14:10
MXP,Alor Setar,Malásia,2023,4,929.93,1165.5016666666666,1162.04,2023-04-07 14:14:10
MXP,Boa Vista,Brasil,2023,4,930.05,1292.59,1038.4099999999999,2023-04-07 14:14:10
MXP,Addu City,Maldivas,2024,1,930.3,977.874,930.68,2023-04-07 14:14:10
MXP,Everett,Estados Unidos,2023,2,930.3,931.5279999999999,931.89,2023-04-07 14:14:10
MXP,La Romana,República Dominicana,2023,7,930.48,1044.3742307692307,946.925,2023-04-07 14:14:10
MXP,Hangzhou,China,2023,2,930.8,1072.390909090909,1059.6799999999998,2023-04-07 14:14:10
MXP,Ítaca,Estados Unidos,2023,3,930.98,974.1625,994.72,2023-04-07 14:14:10
MXP,Sydney,Austrália,2023,6,931.15,1163.7076,1147.52,2023-04-07 14:14:10
MXP,Brasília,Brasil,2023,4,931.19,1432.686153846154,1172.9499999999998,2023-04-07 14:14:10
MXP,Willemstad,Curaçao,2023,5,931.77,1009.583142857143,962.92,2023-04-07 14:14:10
MXP,Mendoza,Argentina,2023,3,932.09,1314.0069767441862,1216.65,2023-04-07 14:14:10
MXP,Port Blair,Índia,2023,2,932.13,1017.1457142857141,1078.01,2023-04-07 14:14:10
MXP,Surate,Índia,2023,3,932.62,945.3629999999999,941.26,2023-04-07 14:14:10
MXP,Cataratas Vitória,Zimbábue,2023,2,933.01,997.0178571428571,1010.01,2023-04-07 14:14:10
MXP,Srinagar,Índia,2023,3,933.32,937.9255555555555,937.97,2023-04-07 14:14:10
MXP,Cidade da Guatemala,Guatemala,2023,12,933.41,1269.5646666666667,1238.48,2023-04-07 14:14:10
MXP,Blantyre,Malaui,2023,3,933.42,934.855,934.855,2023-04-07 14:14:10
MXP,Flagstaff,Estados Unidos,2023,4,933.43,933.43,933.43,2023-04-07 14:14:10
MXP,Bucara,Uzbequistão,2023,8,933.77,1087.4299999999998,1112.35,2023-04-07 14:14:10
MXP,Ketchikan,Estados Unidos,2023,3,933.87,1391.0964705882352,939.25,2023-04-07 14:14:10
MXP,Quebec,Canadá,2023,4,933.91,2461.558888888889,2651.88,2023-04-07 14:14:10
MXP,Rajkot,Índia,2023,2,934.44,934.7909999999999,934.74,2023-04-07 14:14:10
MXP,Praya,Indonésia,2023,10,934.55,936.71375,936.98,2023-04-07 14:14:10
MXP,Siālkot,Paquistão,2023,9,934.71,938.2540000000001,939.14,2023-04-07 14:14:10
MXP,Maun,Botsuana,2023,4,934.98,1165.178947368421,1033.35,2023-04-07 14:14:10
MXP,Perth,Austrália,2023,3,935.15,1487.3832,1438.68,2023-04-07 14:14:10
MXP,La Romana,República Dominicana,2023,3,935.3,1117.3481481481483,1079.21,2023-04-07 14:14:10
MXP,Da Nang,Vietname,2024,1,935.43,939.6411111111112,941.28,2023-04-07 14:14:10
MXP,Teresina,Brasil,2023,11,936.09,936.09,936.09,2023-04-07 14:14:10
MXP,Vancouver,Canadá,2023,7,936.28,1160.9275,1221.04,2023-04-07 14:14:10
MXP,Cuiabá,Brasil,2023,4,936.49,1253.7490196078431,1246.47,2023-04-07 14:14:10
MXP,Monróvia,Libéria,2023,5,937.57,944.2905263157895,944.35,2023-04-07 14:14:10
MXP,Florianópolis,Brasil,2023,6,937.64,937.835,937.835,2023-04-07 14:14:10
MXP,Brasília,Brasil,2023,10,937.97,937.97,937.97,2023-04-07 14:14:10
MXP,Vilanculos,Moçambique,2023,3,938.02,939.2255555555556,940.19,2023-04-07 14:14:10
MXP,Recife,Brasil,2023,6,938.49,950.7925,938.49,2023-04-07 14:14:10
MXP,Pensacola,Estados Unidos,2023,8,938.78,939.86,938.93,2023-04-07 14:14:10
MXP,Córdova,Argentina,2023,9,938.9,938.9,938.9,2023-04-07 14:14:10
MXP,Navegantes,Brasil,2023,10,939.09,944.5122222222222,944.91,2023-04-07 14:14:10
MXP,Pavlodar,Cazaquistão,2023,4,939.12,940.376,940.01,2023-04-07 14:14:10
MXP,Phu Quoc,Vietname,2023,9,939.46,939.4739999999999,939.46,2023-04-07 14:14:10
MXP,Green Bay,Estados Unidos,2023,4,940.33,1151.2055,1191.185,2023-04-07 14:14:10
MXP,Rayong,Tailândia,2023,5,940.34,2761.8185000000003,3548.065,2023-04-07 14:14:10
MXP,Siem Reap,Cambodja,2023,9,940.65,940.65,940.65,2023-04-07 14:14:10
MXP,Grand Rapids,Estados Unidos,2023,8,940.85,944.9522222222222,944.28,2023-04-07 14:14:10
MXP,Cuiabá,Brasil,2023,10,940.9,940.9,940.9,2023-04-07 14:14:10
MXP,Sydney,Austrália,2023,5,940.92,1194.138085106383,1149.11,2023-04-07 14:14:10
MXP,Lampang,Tailândia,2023,7,941.08,1079.302380952381,1140.63,2023-04-07 14:14:10
MXP,Fairbanks,Estados Unidos,2023,9,941.26,946.2866666666667,947.62,2023-04-07 14:14:10
MXP,São Tomé,São Tomé e Príncipe,2023,11,941.33,943.5077777777777,943.91,2023-04-07 14:14:10
MXP,Tianjin,China,2023,4,942.09,1133.9660000000001,1103.14,2023-04-07 14:14:10
MXP,Lampang,Tailândia,2023,8,942.23,1067.1981818181819,958.74,2023-04-07 14:14:10
MXP,León,Espanha,2023,8,942.73,943.4328571428571,942.73,2023-04-07 14:14:10
MXP,La Romana,República Dominicana,2023,9,942.9,1093.5133333333333,1166.63,2023-04-07 14:14:10
MXP,Porto Plata,República Dominicana,2023,3,943.55,1139.966111111111,979.71,2023-04-07 14:14:10
MXP,Qostanay,Cazaquistão,2023,2,943.56,1293.486111111111,948.43,2023-04-07 14:14:10
MXP,Edmonton,Canadá,2023,6,944.11,947.767,947.785,2023-04-07 14:14:10
MXP,Maun,Botsuana,2023,3,944.47,970.1544444444444,962.41,2023-04-07 14:14:10
MXP,Navegantes,Brasil,2023,5,944.48,998.5834146341463,1015.29,2023-04-07 14:14:10
MXP,Ottawa,Canadá,2023,9,944.49,946.5530000000001,945.47,2023-04-07 14:14:10
MXP,Mérida,México,2023,3,944.84,1450.5826923076925,1274.96,2023-04-07 14:14:10
MXP,Sharurah,Arábia Saudita,2023,4,944.98,946.26,947.2,2023-04-07 14:14:10
MXP,Assunção,Paraguai,2023,1,945.78,945.7800000000001,945.78,2023-04-07 14:14:10
MXP,San José del Cabo,México,2023,8,946.02,1684.997,1451.88,2023-04-07 14:14:10
MXP,Cartagena,Colômbia,2023,8,946.44,1188.118,1191.96,2023-04-07 14:14:10
MXP,Antananarivo,Madagáscar,2023,7,946.44,1158.59,1061.93,2023-04-07 14:14:10
MXP,Acra,Gana,2023,8,946.57,1168.325,1253.785,2023-04-07 14:14:10
MXP,Cuzco,Perú,2023,2,946.6,1047.0543333333333,1031.08,2023-04-07 14:14:10
MXP,Osaka,Japão,2023,2,946.9,1030.3064285714286,1011.1,2023-04-07 14:14:10
MXP,Long Beach,Estados Unidos,2023,8,947.21,1514.4457142857143,1898.88,2023-04-07 14:14:10
MXP,Hohhot,China,2023,2,947.32,947.6615384615385,947.62,2023-04-07 14:14:10
MXP,Ulã Bator,Mongólia,2023,9,947.43,966.1814285714287,949.08,2023-04-07 14:14:10
MXP,Grand'Anse Praslin,Seicheles,2023,7,947.47,1115.217142857143,1127.0,2023-04-07 14:14:10
MXP,Minatitlán,México,2023,5,947.73,948.385,947.925,2023-04-07 14:14:10
MXP,Phnom Penh,Cambodja,2023,2,947.73,1080.5718181818181,1031.5,2023-04-07 14:14:10
MXP,Chetumal,México,2023,4,947.85,951.6389999999999,951.51,2023-04-07 14:14:10
MXP,Lagos,Nigéria,2023,1,948.12,948.12,948.12,2023-04-07 14:14:10
MXP,Addu City,Maldivas,2023,12,948.12,1331.062777777778,1329.06,2023-04-07 14:14:10
MXP,Grande Caimão,Ilhas Cayman,2023,3,948.3,971.8414285714287,960.87,2023-04-07 14:14:10
MXP,Dire Dawa,Etiópia,2023,10,948.51,948.51,948.51,2023-04-07 14:14:10
MXP,Sacramento,Estados Unidos,2023,7,948.54,998.6921428571429,1006.48,2023-04-07 14:14:10
MXP,Cochin,Índia,2023,12,949.66,1211.8933333333332,1218.08,2023-04-07 14:14:10
MXP,Porto Plata,República Dominicana,2023,11,949.7,954.115,954.535,2023-04-07 14:14:10
MXP,Chengdu,China,2023,3,950.62,1152.3561111111112,1153.05,2023-04-07 14:14:10
MXP,Albuquerque,Estados Unidos,2023,7,951.76,951.76,951.76,2023-04-07 14:14:10
MXP,Krabi,Tailândia,2023,3,951.92,988.0649999999999,965.02,2023-04-07 14:14:10
MXP,Kelowna,Canadá,2023,6,952.09,1024.6884375,1020.375,2023-04-07 14:14:10
MXP,Fairbanks,Estados Unidos,2023,8,952.11,1143.0815384615385,1300.63,2023-04-07 14:14:10
MXP,Santa Cruz da Serra,Bolívia,2023,2,952.11,1055.232608695652,1004.0,2023-04-07 14:14:10
MXP,Mont Lubin,Maurícia,2023,10,952.28,956.2585714285714,952.28,2023-04-07 14:14:10
MXP,Tuxtla Gutiérrez,México,2023,4,952.33,953.008,952.45,2023-04-07 14:14:10
MXP,Anchorage,Estados Unidos,2023,11,952.51,1318.2,1511.2,2023-04-07 14:14:10
MXP,Allentown,Estados Unidos,2023,4,952.57,955.97,955.97,2023-04-07 14:14:10
MXP,Santa Fé,Estados Unidos,2023,7,953.19,958.1185714285714,960.09,2023-04-07 14:14:10
MXP,Comayagua,Honduras,2023,2,953.42,957.052,957.64,2023-04-07 14:14:10
MXP,Bucara,Uzbequistão,2023,5,953.58,958.6136363636364,960.7,2023-04-07 14:14:10
MXP,Goiânia,Brasil,2023,5,953.69,987.7726666666666,959.25,2023-04-07 14:14:10
MXP,Chiang Mai,Tailândia,2023,2,953.75,1206.0175,1271.79,2023-04-07 14:14:10
MXP,Comox,Canadá,2023,4,953.85,984.8678571428571,991.93,2023-04-07 14:14:10
MXP,Porto Plata,República Dominicana,2023,2,953.95,957.03,957.88,2023-04-07 14:14:10
MXP,St John's,Canadá,2023,7,954.09,955.565,955.565,2023-04-07 14:14:10
MXP,Madison,Estados Unidos,2023,8,954.35,956.9110000000001,958.07,2023-04-07 14:14:10
MXP,Veracruz,México,2023,2,954.5,1045.7224999999999,957.28,2023-04-07 14:14:10
MXP,Eugene,Estados Unidos,2023,9,954.5,961.6466666666666,960.06,2023-04-07 14:14:10
MXP,Cidade de Belize,Belize,2023,11,954.56,957.025,957.025,2023-04-07 14:14:10
MXP,Anchorage,Estados Unidos,2023,12,955.11,955.1366666666667,955.11,2023-04-07 14:14:10
MXP,Phuket,Tailândia,2023,2,955.48,1256.28,1034.1,2023-04-07 14:14:10
MXP,Nelspruit,África do Sul,2023,7,955.57,961.7463636363635,962.8,2023-04-07 14:14:10
MXP,Jaipur,Índia,2023,5,955.89,958.4314285714287,955.89,2023-04-07 14:14:10
MXP,Sapporo,Japão,2023,2,956.03,1454.6971428571428,1214.48,2023-04-07 14:14:10
MXP,San Antonio,Estados Unidos,2023,7,956.66,1736.01375,1870.61,2023-04-07 14:14:10
MXP,Nagua,República Dominicana,2023,2,956.7,1268.8070833333334,1012.37,2023-04-07 14:14:10
MXP,Kaohsiung,Taiwan,2023,9,956.91,958.0418181818181,957.3,2023-04-07 14:14:10
MXP,Campina Grande,Brasil,2023,5,957.48,991.9399999999999,957.51,2023-04-07 14:14:10
MXP,Sfax,Tunísia,2023,3,957.81,959.702,959.335,2023-04-07 14:14:10
MXP,Assunção,Paraguai,2023,9,958.71,963.598,965.65,2023-04-07 14:14:10
MXP,Veracruz,México,2023,3,958.74,3252.6552112676054,4504.04,2023-04-07 14:14:10
MXP,Vitória,Canadá,2023,11,958.82,959.3449999999999,959.345,2023-04-07 14:14:10
MXP,Libéria,Costa Rica,2023,9,959.27,960.926,961.34,2023-04-07 14:14:10
MXP,Natal,Brasil,2023,2,959.46,1174.7137037037037,1139.03,2023-04-07 14:14:10
MXP,Cidade da Guatemala,Guatemala,2023,7,959.79,1098.2921428571428,1188.525,2023-04-07 14:14:10
MXP,Johor Bahru,Malásia,2023,3,959.91,967.9405,966.345,2023-04-07 14:14:10
MXP,Chiang Rai,Tailândia,2023,7,960.13,1062.3472413793104,1012.02,2023-04-07 14:14:10
MXP,Pernem,Índia,2023,12,960.62,1222.0664285714286,964.065,2023-04-07 14:14:10
MXP,Mont Lubin,Maurícia,2023,11,960.87,967.8928571428571,966.41,2023-04-07 14:14:10
MXP,Foz do Iguaçu,Brasil,2023,7,960.88,964.24,966.48,2023-04-07 14:14:10
MXP,Kobe,Japão,2024,2,960.96,961.3133333333334,961.49,2023-04-07 14:14:10
MXP,Mont Lubin,Maurícia,2023,12,961.07,963.2908333333334,961.97,2023-04-07 14:14:10
MXP,Phoenix,Estados Unidos,2023,7,961.49,962.625,962.625,2023-04-07 14:14:10
MXP,Beaumont,Estados Unidos,2023,4,962.0,965.7490909090909,967.6,2023-04-07 14:14:10
MXP,Pokhara,Nepal,2023,5,962.16,963.8000000000001,963.48,2023-04-07 14:14:10
MXP,Melinde,Quénia,2023,12,962.39,968.717,972.87,2023-04-07 14:14:10
MXP,Cebu,Filipinas,2024,1,962.44,1463.1285714285714,1020.21,2023-04-07 14:14:10
MXP,Tampa,Estados Unidos,2023,7,963.09,964.1566666666668,963.09,2023-04-07 14:14:10
MXP,São Tomé,São Tomé e Príncipe,2023,5,963.73,963.73,963.73,2023-04-07 14:14:10
MXP,Armênia,Colômbia,2023,2,963.87,1072.7735714285714,1092.6599999999999,2023-04-07 14:14:10
MXP,Batam,Indonésia,2023,3,964.02,973.7030769230769,970.73,2023-04-07 14:14:10
MXP,Colombo,Sri Lanka,2023,8,964.1,1342.1144444444444,1161.35,2023-04-07 14:14:10
MXP,Malang,Indonésia,2023,3,964.24,966.2963636363637,966.52,2023-04-07 14:14:10
MXP,Vientiane,Laos,2023,3,964.31,1059.77,1057.53,2023-04-07 14:14:10
MXP,Eugene,Estados Unidos,2023,6,965.02,969.767,970.195,2023-04-07 14:14:10
MXP,Phnom Penh,Cambodja,2023,12,965.32,1095.7875000000001,1086.68,2023-04-07 14:14:10
MXP,Thiruvananthapuram,Índia,2023,12,965.65,1104.5653448275862,1071.805,2023-04-07 14:14:10
MXP,Manaus,Brasil,2023,12,965.89,967.193,965.9849999999999,2023-04-07 14:14:10
MXP,Cidade do Panamá,Panamá,2024,1,966.03,966.03,966.03,2023-04-07 14:14:10
MXP,Pointe-Noire,República do Congo,2023,6,966.26,971.21375,971.06,2023-04-07 14:14:10
MXP,Okinawa,Japão,2023,12,966.55,968.06,966.55,2023-04-07 14:14:10
MXP,Sydney,Austrália,2023,4,966.56,1344.0014814814815,1343.85,2023-04-07 14:14:10
MXP,Phnom Penh,Cambodja,2023,5,967.03,967.03,967.03,2023-04-07 14:14:10
MXP,Mont Lubin,Maurícia,2023,4,967.91,969.1136363636364,969.57,2023-04-07 14:14:10
MXP,Porto Seguro,Brasil,2023,2,967.91,1112.0713333333333,1039.62,2023-04-07 14:14:10
MXP,Singapura,Singapura,2024,1,968.86,968.86,968.86,2023-04-07 14:14:10
MXP,Albany,Estados Unidos,2023,2,969.2,972.0400000000001,971.86,2023-04-07 14:14:10
MXP,Lima,Perú,2023,7,969.36,1035.085,969.4,2023-04-07 14:14:10
MXP,Hong Kong,Hong Kong,2023,7,969.64,981.995,981.995,2023-04-07 14:14:10
MXP,Saint-Denis,Ilha da Reunião,2023,9,969.74,1070.1822222222222,1149.44,2023-04-07 14:14:10
MXP,Belo Horizonte,Brasil,2023,5,969.83,1030.1194444444445,1057.23,2023-04-07 14:14:10
MXP,Kobe,Japão,2024,1,970.22,1114.6671428571428,1166.03,2023-04-07 14:14:10
MXP,Cebu,Filipinas,2023,6,971.77,1120.7142857142858,988.5799999999999,2023-04-07 14:14:10
MXP,Porto de Espanha,Trinidad e Tobago,2024,2,972.68,974.255,974.255,2023-04-07 14:14:10
MXP,Almaty,Cazaquistão,2023,8,974.39,974.4333333333334,974.39,2023-04-07 14:14:10
MXP,Rayong,Tailândia,2023,4,974.52,1267.1036486486487,1304.16,2023-04-07 14:14:10
MXP,Praya,Indonésia,2023,4,974.91,1213.09375,1326.78,2023-04-07 14:14:10
MXP,Kobe,Japão,2023,6,974.96,1180.4092857142857,1090.51,2023-04-07 14:14:10
MXP,Faisalabad,Paquistão,2023,6,975.19,976.2188888888888,976.52,2023-04-07 14:14:10
MXP,Nuuk,Gronelândia,2023,4,975.71,1240.2565714285713,1196.33,2023-04-07 14:14:10
MXP,Thal,Suíça,2023,4,975.88,977.6371428571429,977.95,2023-04-07 14:14:10
MXP,Saint-Denis,Ilha da Reunião,2023,3,975.9,1015.6784615384615,985.08,2023-04-07 14:14:10
MXP,Manaus,Brasil,2023,2,976.17,976.4159999999999,976.58,2023-04-07 14:14:10
MXP,Ust-Kamenogorsk,Cazaquistão,2023,5,976.17,980.9166666666666,983.24,2023-04-07 14:14:10
MXP,La Romana,República Dominicana,2023,6,977.27,1220.6183333333333,1162.62,2023-04-07 14:14:10
MXP,Willemstad,Curaçao,2023,11,978.01,982.47375,981.55,2023-04-07 14:14:10
MXP,Kota Bharu,Malásia,2023,4,978.07,1000.403,981.25,2023-04-07 14:14:10
MXP,Tabuk,Arábia Saudita,2023,4,978.92,980.092,979.965,2023-04-07 14:14:10
MXP,Chattanooga,Estados Unidos,2023,8,978.98,984.6872727272727,985.6,2023-04-07 14:14:10
MXP,Hat Yai,Tailândia,2023,2,979.39,1107.515,1090.27,2023-04-07 14:14:10
MXP,Kumasi,Gana,2023,3,979.66,981.0822222222222,980.25,2023-04-07 14:14:10
MXP,Porto Alegre,Brasil,2023,1,979.68,979.89,979.89,2023-04-07 14:14:10
MXP,Quetta,Paquistão,2023,4,979.9,980.8390909090908,980.03,2023-04-07 14:14:10
MXP,Duchambé,Tajiquistão,2023,6,979.99,980.5,980.5,2023-04-07 14:14:10
MXP,San Andrés,Colômbia,2023,10,979.99,982.132,981.01,2023-04-07 14:14:10
MXP,Neiva,Colômbia,2023,3,980.77,982.9483333333333,982.11,2023-04-07 14:14:10
MXP,Daytona Beach,Estados Unidos,2023,12,981.16,981.2522222222223,981.31,2023-04-07 14:14:10
MXP,Sapporo,Japão,2023,11,981.32,981.4200000000001,981.47,2023-04-07 14:14:10
MXP,Santa Marta,Colômbia,2023,2,981.85,1026.5954166666668,1033.05,2023-04-07 14:14:10
MXP,Xiamen,China,2023,3,981.86,1287.6230952380952,1201.76,2023-04-07 14:14:10
MXP,Manaus,Brasil,2023,7,982.1,982.9300000000001,983.03,2023-04-07 14:14:10
MXP,Cebu,Filipinas,2023,5,982.17,1098.2327272727273,1142.29,2023-04-07 14:14:10
MXP,Halifax,Canadá,2023,7,982.56,982.56,982.56,2023-04-07 14:14:10
MXP,Kaohsiung,Taiwan,2023,3,982.63,983.3050000000001,983.3050000000001,2023-04-07 14:14:10
MXP,Oranjestad,Aruba,2023,10,982.74,982.76,982.74,2023-04-07 14:14:10
MXP,Duluth,Estados Unidos,2023,5,982.76,992.3825,991.86,2023-04-07 14:14:10
MXP,Pasco,Estados Unidos,2023,6,983.51,983.51,983.51,2023-04-07 14:14:10
MXP,Saint Thomas Island,Ilhas Virgens Americanas,2023,4,983.71,988.4725,988.11,2023-04-07 14:14:10
MXP,Xiamen,China,2023,5,984.18,1074.94,1074.46,2023-04-07 14:14:10
MXP,Grand-Case,São Martinho (Saint-Martin),2023,3,984.45,1593.46,2075.73,2023-04-07 14:14:10
MXP,Duala,Camarões,2023,8,984.59,984.7025,984.62,2023-04-07 14:14:10
MXP,Abbotsford,Canadá,2023,7,985.03,1179.2829032258064,1009.26,2023-04-07 14:14:10
MXP,Maun,Botsuana,2023,6,985.09,985.09,985.09,2023-04-07 14:14:10
MXP,Cozumel,México,2023,10,986.29,989.8842857142856,986.29,2023-04-07 14:14:10
MXP,Boa Vista,Brasil,2023,3,986.94,1496.7714285714285,1670.3,2023-04-07 14:14:10
MXP,Hangzhou,China,2023,4,987.18,1090.3988372093024,1115.46,2023-04-07 14:14:10
MXP,Maceió,Brasil,2023,6,987.45,987.4540000000001,987.45,2023-04-07 14:14:10
MXP,Pittsburgh,Estados Unidos,2023,6,988.1,989.277,989.15,2023-04-07 14:14:10
MXP,Rapid City,Estados Unidos,2023,2,988.4,1258.8308333333332,991.5,2023-04-07 14:14:10
MXP,Coxen Hole,Honduras,2023,5,988.5,1004.5566666666667,990.86,2023-04-07 14:14:10
MXP,Calcutá,Índia,2023,8,989.42,1223.808888888889,996.54,2023-04-07 14:14:10
MXP,Chongqing,China,2023,4,989.87,1499.7615789473684,1258.71,2023-04-07 14:14:10
MXP,Osaka,Japão,2023,3,991.01,1333.2383333333335,1340.69,2023-04-07 14:14:10
MXP,Santa Marta,Colômbia,2023,4,991.75,1168.9460869565216,1207.29,2023-04-07 14:14:10
MXP,Chiang Rai,Tailândia,2023,11,991.8,995.4440000000001,996.35,2023-04-07 14:14:10
MXP,Isle of Barra,Reino Unido,2023,4,991.85,993.3966666666666,991.98,2023-04-07 14:14:10
MXP,Tianjin,China,2023,3,992.51,1287.71375,1269.82,2023-04-07 14:14:10
MXP,Natal,Brasil,2024,1,992.79,996.092857142857,998.57,2023-04-07 14:14:10
MXP,Saint George.s,Granada,2023,4,992.88,1667.966,1810.5,2023-04-07 14:14:10
MXP,Shenzhen,China,2023,4,992.99,1242.1401960784315,1127.9,2023-04-07 14:14:10
MXP,Cidade do México,México,2023,8,993.17,1294.495,1294.495,2023-04-07 14:14:10
MXP,Joinville,Brasil,2023,4,993.6,1126.9799999999998,1035.22,2023-04-07 14:14:10
MXP,Praya,Indonésia,2023,6,993.64,993.64,993.64,2023-04-07 14:14:10
MXP,Brownsville,Estados Unidos,2023,4,993.64,998.7757142857143,1000.83,2023-04-07 14:14:10
MXP,Phnom Penh,Cambodja,2023,7,993.8,1239.9575,1322.01,2023-04-07 14:14:10
MXP,Bissau,Guiné-Bissau,2023,5,993.82,997.7909999999999,997.655,2023-04-07 14:14:10
MXP,Curitiba,Brasil,2023,9,993.99,994.8175,994.46,2023-04-07 14:14:10
MXP,Brasília,Brasil,2023,7,994.29,1123.031304347826,1113.57,2023-04-07 14:14:10
MXP,Melbourne,Austrália,2023,6,994.41,997.2360000000001,999.12,2023-04-07 14:14:10
MXP,Al Hoceima,Marrocos,2023,8,994.44,1185.2203921568628,1056.44,2023-04-07 14:14:10
MXP,São Luís,Brasil,2023,6,994.51,996.0450000000001,996.0450000000001,2023-04-07 14:14:10
MXP,Simpson Bay,São Martinho (Sint Maarten),2023,8,994.94,996.9136363636363,995.97,2023-04-07 14:14:10
MXP,Billings,Estados Unidos,2023,6,995.3,1043.095,1071.81,2023-04-07 14:14:10
MXP,Chiang Rai,Tailândia,2023,4,995.48,1000.6228571428571,1002.68,2023-04-07 14:14:10
MXP,Kahului,Estados Unidos,2023,8,995.66,1104.0752631578948,1167.5,2023-04-07 14:14:10
MXP,Sukhothai,Tailândia,2024,3,995.82,997.0050000000001,997.0050000000001,2023-04-07 14:14:10
MXP,Bergerac,França,2023,7,997.35,1004.9530000000001,1004.67,2023-04-07 14:14:10
MXP,Angeles City,Filipinas,2023,9,997.9,1038.0182352941174,1065.0,2023-04-07 14:14:10
MXP,Anchorage,Estados Unidos,2023,7,998.11,1178.8651219512196,1214.01,2023-04-07 14:14:10
MXP,White Plains,Estados Unidos,2023,7,998.25,1063.4299999999998,1063.4299999999998,2023-04-07 14:14:10
MXP,Providenciales,Ilhas Turcas e Caicos,2023,10,998.25,998.25,998.25,2023-04-07 14:14:10
MXP,Hubli,Índia,2023,2,998.59,1003.226,1003.1,2023-04-07 14:14:10
MXP,Idaho Falls,Estados Unidos,2023,2,998.79,999.9722222222222,1000.12,2023-04-07 14:14:10
MXP,Tijuana,México,2023,2,998.98,1088.5266666666666,1132.1100000000001,2023-04-07 14:14:10
MXP,Grande Caimão,Ilhas Cayman,2023,2,998.98,1045.6446153846152,1031.56,2023-04-07 14:14:10
MXP,Nassau,Bahamas,2023,6,999.17,1045.0345454545454,1001.6,2023-04-07 14:14:10
MXP,Koh Samui,Tailândia,2023,8,999.4,1323.104117647059,1428.39,2023-04-07 14:14:10
MXP,Kingston,Jamaica,2023,5,999.43,1010.0566666666667,1015.37,2023-04-07 14:14:10
MXP,Abuja,Nigéria,2023,2,999.87,1002.5020000000001,1002.61,2023-04-07 14:14:10
MXP,Tawau,Malásia,2023,8,1000.28,1954.3595,1953.52,2023-04-07 14:14:10
MXP,La Romana,República Dominicana,2023,4,1000.83,1402.5186956521738,1243.5,2023-04-07 14:14:10
MXP,Rio de Janeiro,Brasil,2023,8,1000.88,1000.88,1000.88,2023-04-07 14:14:10
MXP,Pequim,China,2024,2,1000.92,1000.92,1000.92,2023-04-07 14:14:10
MXP,Cincinnati,Estados Unidos,2023,7,1001.05,1007.0099999999999,1004.3,2023-04-07 14:14:10
MXP,Pernem,Índia,2023,3,1001.48,1002.4100000000001,1002.52,2023-04-07 14:14:10
MXP,Maun,Botsuana,2023,7,1001.96,1353.2150000000001,1353.2150000000001,2023-04-07 14:14:10
MXP,Taipé,Taiwan,2023,1,1002.09,1002.09,1002.09,2023-04-07 14:14:10
MXP,Key West,Estados Unidos,2023,12,1002.3,1002.3,1002.3,2023-04-07 14:14:10
MXP,Port Blair,Índia,2023,4,1002.83,1189.054705882353,1013.91,2023-04-07 14:14:10
MXP,Dzaoudzi,Maiote,2023,11,1002.88,1008.0441666666667,1009.03,2023-04-07 14:14:10
MXP,Juneau,Estados Unidos,2023,4,1002.88,1004.4488888888887,1003.02,2023-04-07 14:14:10
MXP,Balikpapan,Indonésia,2023,2,1003.73,1134.7545454545455,1139.79,2023-04-07 14:14:10
MXP,Okinawa,Japão,2023,3,1004.49,1527.64,1864.03,2023-04-07 14:14:10
MXP,Okinawa,Japão,2023,2,1004.61,1350.486,1239.96,2023-04-07 14:14:10
MXP,Uberlândia,Brasil,2023,3,1004.73,1085.6671428571428,1143.86,2023-04-07 14:14:10
MXP,Balikpapan,Indonésia,2023,6,1005.41,1323.183076923077,1378.75,2023-04-07 14:14:10
MXP,Busan,Coreia do Sul,2023,4,1005.59,2835.02,3746.49,2023-04-07 14:14:10
MXP,Durban,África do Sul,2024,1,1005.64,1077.9661904761906,1009.03,2023-04-07 14:14:10
MXP,Chiang Rai,Tailândia,2023,3,1005.71,1006.7122222222222,1007.45,2023-04-07 14:14:10
MXP,Nagóia,Japão,2023,4,1005.77,1184.653076923077,1261.75,2023-04-07 14:14:10
MXP,Huntsville,Estados Unidos,2023,3,1006.45,1020.3646153846154,1008.82,2023-04-07 14:14:10
MXP,Shenzhen,China,2023,3,1006.49,2290.9952173913043,1386.87,2023-04-07 14:14:10
MXP,Wenzhou,China,2023,6,1006.51,1100.3461538461538,1108.42,2023-04-07 14:14:10
MXP,Davao,Filipinas,2023,3,1006.83,1008.445,1008.2,2023-04-07 14:14:10
MXP,Montevidéu,Uruguai,2023,4,1006.97,1589.5962222222222,1510.07,2023-04-07 14:14:10
MXP,Rio de Janeiro,Brasil,2023,7,1007.1,1162.664,1176.62,2023-04-07 14:14:10
MXP,Willemstad,Curaçao,2023,2,1007.61,1377.4935714285714,1258.39,2023-04-07 14:14:10
MXP,Sorong,Indonésia,2023,2,1007.68,1444.995,1201.67,2023-04-07 14:14:10
MXP,Kota Kinabalu,Malásia,2023,3,1007.78,1100.4363636363635,1009.52,2023-04-07 14:14:10
MXP,San Andrés,Colômbia,2023,2,1008.28,1008.616,1008.7,2023-04-07 14:14:10
MXP,Bursa,Turquia,2023,4,1008.82,1009.184,1009.26,2023-04-07 14:14:10
MXP,Da Nang,Vietname,2023,8,1009.2,1235.693125,1327.72,2023-04-07 14:14:10
MXP,Juneau,Estados Unidos,2023,3,1009.47,1068.9273684210525,1013.14,2023-04-07 14:14:10
MXP,Porto de Espanha,Trinidad e Tobago,2023,11,1009.54,1013.188888888889,1010.49,2023-04-07 14:14:10
MXP,Ranchi,Índia,2023,2,1009.7,1012.17375,1012.88,2023-04-07 14:14:10
MXP,Curitiba,Brasil,2023,2,1009.74,1423.9260869565217,1400.38,2023-04-07 14:14:10
MXP,Kelowna,Canadá,2023,3,1010.06,1175.5749999999998,1175.5749999999998,2023-04-07 14:14:10
MXP,Koh Samui,Tailândia,2023,12,1010.09,1313.6407692307694,1311.24,2023-04-07 14:14:10
MXP,Evansville,Estados Unidos,2023,4,1010.45,1011.2533333333334,1010.45,2023-04-07 14:14:10
MXP,Oral,Cazaquistão,2023,4,1010.9,1033.28,1013.23,2023-04-07 14:14:10
MXP,São Tomé,São Tomé e Príncipe,2023,4,1010.96,1025.9614285714288,1022.04,2023-04-07 14:14:10
MXP,Ketchikan,Estados Unidos,2023,4,1011.16,1012.7333333333333,1011.29,2023-04-07 14:14:10
MXP,Monróvia,Libéria,2023,8,1011.43,1102.2281818181818,1110.48,2023-04-07 14:14:10
MXP,Kigali,Ruanda,2023,8,1011.73,1753.7725,2001.12,2023-04-07 14:14:10
MXP,La Seu d'Urgell,Espanha,2023,3,1011.9,1015.035,1015.035,2023-04-07 14:14:10
MXP,Recife,Brasil,2023,1,1012.22,1012.22,1012.22,2023-04-07 14:14:10
MXP,Krabi,Tailândia,2023,2,1012.5,1229.8009090909093,1250.76,2023-04-07 14:14:10
MXP,Monróvia,Libéria,2023,4,1012.68,1131.6576744186045,1056.35,2023-04-07 14:14:10
MXP,Corpus Christi,Estados Unidos,2023,2,1012.69,1014.903,1013.74,2023-04-07 14:14:10
MXP,Buenos Aires,Argentina,2024,2,1012.86,1076.42,1107.98,2023-04-07 14:14:10
MXP,Montevidéu,Uruguai,2023,9,1013.13,1050.937777777778,1016.41,2023-04-07 14:14:10
MXP,Traverse City,Estados Unidos,2023,6,1013.41,1015.88625,1016.59,2023-04-07 14:14:10
MXP,Singapura,Singapura,2023,7,1013.62,1013.62,1013.62,2023-04-07 14:14:10
MXP,Angeles City,Filipinas,2023,1,1013.68,1014.2349999999999,1013.68,2023-04-07 14:14:10
MXP,Siem Reap,Cambodja,2023,4,1014.0,1250.5166666666667,1306.56,2023-04-07 14:14:10
MXP,Arvidsjaur,Suécia,2023,3,1014.68,1020.1,1022.28,2023-04-07 14:14:10
MXP,Surat Thani,Tailândia,2023,4,1014.8,1140.57,1197.91,2023-04-07 14:14:10
MXP,Palmas,Brasil,2023,9,1014.87,1018.4436363636363,1018.29,2023-04-07 14:14:10
MXP,Harare,Zimbábue,2023,8,1015.87,1020.0385714285713,1020.68,2023-04-07 14:14:10
MXP,Pointe-Noire,República do Congo,2023,8,1016.04,1017.4044444444444,1017.36,2023-04-07 14:14:10
MXP,Gregory Town,Bahamas,2023,6,1016.17,1016.5355555555556,1016.19,2023-04-07 14:14:10
MXP,Vientiane,Laos,2023,4,1017.41,1204.366129032258,1084.7,2023-04-07 14:14:10
MXP,Chiang Rai,Tailândia,2023,8,1017.49,1197.331346153846,1228.1799999999998,2023-04-07 14:14:10
MXP,Vadodara,Índia,2023,2,1018.32,1023.7085714285714,1027.75,2023-04-07 14:14:10
MXP,Manzanillo,México,2023,10,1018.37,1019.5889999999999,1019.46,2023-04-07 14:14:10
MXP,Angeles City,Filipinas,2023,2,1018.37,1420.8185714285714,1238.72,2023-04-07 14:14:10
MXP,Halifax,Canadá,2023,8,1018.68,1022.0478571428572,1019.64,2023-04-07 14:14:10
MXP,Hanói,Vietname,2023,7,1018.71,1083.501,1021.46,2023-04-07 14:14:10
MXP,Road Town,Ilhas Virgens Britânicas,2023,9,1018.8,1020.1644444444444,1020.12,2023-04-07 14:14:10
MXP,George Town,Bahamas,2023,4,1019.05,2504.6445454545456,2378.44,2023-04-07 14:14:10
MXP,Maun,Botsuana,2023,1,1019.2,1020.365,1020.53,2023-04-07 14:14:10
MXP,Little Cayman,Ilhas Cayman,2023,11,1019.29,1019.995,1019.5,2023-04-07 14:14:10
MXP,Sydney,Canadá,2023,6,1019.55,1020.9557142857142,1021.11,2023-04-07 14:14:10
MXP,Kagoshima,Japão,2023,2,1020.14,1021.3279999999999,1020.14,2023-04-07 14:14:10
MXP,Joensuu,Finlândia,2023,2,1021.04,1328.6599999999999,1566.56,2023-04-07 14:14:10
MXP,Chandigarh,Índia,2023,8,1021.1,1022.9575,1022.16,2023-04-07 14:14:10
MXP,Tallahassee,Estados Unidos,2023,2,1021.39,1023.421111111111,1024.83,2023-04-07 14:14:10
MXP,Saint George.s,Granada,2023,9,1021.99,1023.27,1022.01,2023-04-07 14:14:10
MXP,George Town,Bahamas,2023,9,1022.6,1022.6,1022.6,2023-04-07 14:14:10
MXP,Monterey,Estados Unidos,2023,2,1022.88,1034.891,1035.835,2023-04-07 14:14:10
MXP,Cagayan de Oro,Filipinas,2023,9,1023.25,1025.38,1024.975,2023-04-07 14:14:10
MXP,Augusta,Estados Unidos,2023,8,1023.88,1024.6499999999999,1024.3,2023-04-07 14:14:10
MXP,Coxen Hole,Honduras,2023,4,1024.29,1565.9857142857143,1958.78,2023-04-07 14:14:10
MXP,Omaha,Estados Unidos,2023,3,1024.5,1024.5171428571427,1024.53,2023-04-07 14:14:10
MXP,Agra,Índia,2023,5,1024.8,1026.1888888888889,1027.21,2023-04-07 14:14:10
MXP,São Pedro,Cabo Verde,2023,12,1024.88,1175.2421428571429,1037.95,2023-04-07 14:14:10
MXP,Davao,Filipinas,2023,5,1025.13,1029.3275,1031.54,2023-04-07 14:14:10
MXP,Kailua-Kona,Estados Unidos,2023,6,1025.17,1332.4946666666665,1083.18,2023-04-07 14:14:10
MXP,Katmandu,Nepal,2023,12,1025.51,1038.5425,1044.25,2023-04-07 14:14:10
MXP,Hat Yai,Tailândia,2023,7,1025.71,1061.181875,1053.86,2023-04-07 14:14:10
MXP,Saskatoon,Canadá,2023,8,1026.05,1032.427777777778,1032.46,2023-04-07 14:14:10
MXP,Rapid City,Estados Unidos,2023,8,1026.15,1031.56,1033.8,2023-04-07 14:14:10
MXP,Fernando de Noronha,Brasil,2023,12,1027.13,1027.13,1027.13,2023-04-07 14:14:10
MXP,Basseterre,São Cristóvão e Neves,2023,2,1027.21,1027.5200000000002,1027.66,2023-04-07 14:14:10
MXP,Maceió,Brasil,2023,2,1027.64,1027.64,1027.64,2023-04-07 14:14:10
MXP,Taipé,Taiwan,2023,7,1027.77,1402.7626666666665,1239.75,2023-04-07 14:14:10
MXP,Xiamen,China,2023,6,1028.23,1038.4907692307693,1032.38,2023-04-07 14:14:10
MXP,Lomé,Togo,2023,7,1028.25,1028.25,1028.25,2023-04-07 14:14:10
MXP,Aspen,Estados Unidos,2023,4,1028.66,1039.3166666666668,1030.2150000000001,2023-04-07 14:14:10
MXP,Haiphong,Vietname,2023,11,1028.94,1034.3645454545456,1036.61,2023-04-07 14:14:10
MXP,Curitiba,Brasil,2023,12,1031.24,1093.3020000000001,1033.43,2023-04-07 14:14:10
MXP,Honolulu,Estados Unidos,2023,7,1031.34,1347.8349999999998,1306.0949999999998,2023-04-07 14:14:10
MXP,Koh Samui,Tailândia,2024,2,1031.38,1032.0744444444445,1032.16,2023-04-07 14:14:10
MXP,Perth,Austrália,2023,7,1031.52,1773.7344444444445,1845.81,2023-04-07 14:14:10
MXP,Koh Samui,Tailândia,2023,2,1031.65,1813.8363636363638,1410.94,2023-04-07 14:14:10
MXP,Acapulco,México,2023,2,1032.39,1054.4014285714286,1036.36,2023-04-07 14:14:10
MXP,La Romana,República Dominicana,2023,12,1032.4,1036.1333333333332,1033.37,2023-04-07 14:14:10
MXP,Windhoek,Namíbia,2023,12,1033.24,1033.24,1033.24,2023-04-07 14:14:10
MXP,Seronera,Tanzânia,2023,9,1033.31,1034.1514285714286,1033.31,2023-04-07 14:14:10
MXP,Praya,Indonésia,2023,9,1033.91,1035.54375,1034.805,2023-04-07 14:14:10
MXP,Nuuk,Gronelândia,2023,8,1034.12,1607.900294117647,1647.89,2023-04-07 14:14:10
MXP,Puerto Escondido,México,2023,3,1034.42,1265.1452631578948,1462.5,2023-04-07 14:14:10
MXP,Praya,Indonésia,2023,8,1035.24,1319.0758823529413,1419.38,2023-04-07 14:14:10
MXP,Addu City,Maldivas,2023,4,1035.3,1103.569,1100.82,2023-04-07 14:14:10
MXP,São Salvador,El Salvador,2023,1,1035.94,1035.94,1035.94,2023-04-07 14:14:10
MXP,Nha Trang,Vietname,2023,3,1036.24,1036.24,1036.24,2023-04-07 14:14:10
MXP,Chittagong,Bangladexe,2023,2,1036.41,1036.66,1036.86,2023-04-07 14:14:10
MXP,Cidade da Guatemala,Guatemala,2024,1,1036.64,1036.64,1036.64,2023-04-07 14:14:10
MXP,Cozumel,México,2023,2,1036.72,1215.9634782608696,1080.77,2023-04-07 14:14:10
MXP,Basseterre,São Cristóvão e Neves,2023,5,1036.9,1039.5981818181817,1040.27,2023-04-07 14:14:10
MXP,Key West,Estados Unidos,2023,6,1037.04,1039.6499999999999,1039.88,2023-04-07 14:14:10
MXP,Nosy Be,Madagáscar,2023,5,1037.06,1249.384,1212.01,2023-04-07 14:14:10
MXP,Sapporo,Japão,2024,1,1037.22,1039.3775,1038.9650000000001,2023-04-07 14:14:10
MXP,Lafayette,Estados Unidos,2023,10,1037.47,1041.257,1041.25,2023-04-07 14:14:10
MXP,Christiansted,Ilhas Virgens Americanas,2023,2,1037.64,1038.9272727272726,1039.42,2023-04-07 14:14:10
MXP,Calcutá,Índia,2023,12,1037.83,1111.995,1136.425,2023-04-07 14:14:10
MXP,Okinawa,Japão,2023,5,1037.98,1039.011,1039.35,2023-04-07 14:14:10
MXP,Mont Lubin,Maurícia,2023,2,1038.0,1041.7777777777778,1041.13,2023-04-07 14:14:10
MXP,João Pessoa,Brasil,2023,3,1038.06,1039.46,1039.47,2023-04-07 14:14:10
MXP,Lampang,Tailândia,2023,4,1038.76,1165.6570588235293,1233.61,2023-04-07 14:14:10
MXP,Katmandu,Nepal,2024,1,1038.87,1040.5549999999998,1040.5549999999998,2023-04-07 14:14:10
MXP,Fort Wayne,Estados Unidos,2023,4,1039.71,1040.5366666666666,1039.71,2023-04-07 14:14:10
MXP,Arequipa,Perú,2023,2,1039.84,1193.7874074074073,1119.98,2023-04-07 14:14:10
MXP,Nagóia,Japão,2023,10,1040.01,1042.54,1043.52,2023-04-07 14:14:10
MXP,Curitiba,Brasil,2023,7,1040.58,1240.06375,1328.29,2023-04-07 14:14:10
MXP,Melinde,Quénia,2023,11,1040.72,1040.72,1040.72,2023-04-07 14:14:10
MXP,Vitória,Brasil,2023,5,1041.05,1041.05,1041.05,2023-04-07 14:14:10
MXP,Bukoba,Tanzânia,2023,10,1041.11,1047.2544444444443,1050.75,2023-04-07 14:14:10
MXP,São Luís,Brasil,2023,7,1041.49,1042.4872727272727,1041.63,2023-04-07 14:14:10
MXP,Knoxville,Estados Unidos,2023,6,1041.66,1044.34,1044.43,2023-04-07 14:14:10
MXP,Perth,Austrália,2023,4,1042.1,1598.2196875,1469.5549999999998,2023-04-07 14:14:10
MXP,The Valley,Anguila,2023,11,1042.17,1072.49,1089.04,2023-04-07 14:14:10
MXP,La Paz,México,2023,3,1042.45,1052.4676470588236,1045.67,2023-04-07 14:14:10
MXP,Nagóia,Japão,2023,3,1042.66,1044.0555555555557,1044.01,2023-04-07 14:14:10
MXP,Phu Quoc,Vietname,2023,5,1042.7,1053.41375,1049.17,2023-04-07 14:14:10
MXP,Kahului,Estados Unidos,2023,7,1043.12,1044.0666666666666,1044.54,2023-04-07 14:14:10
MXP,Kraljevo,Sérvia,2023,4,1043.27,1048.3422222222223,1050.82,2023-04-07 14:14:10
MXP,Libéria,Costa Rica,2023,1,1044.45,1044.45,1044.45,2023-04-07 14:14:10
MXP,Bogotá,Colômbia,2023,12,1045.0,1097.450909090909,1077.35,2023-04-07 14:14:10
MXP,Melbourne,Austrália,2023,4,1045.35,1423.9106976744188,1326.12,2023-04-07 14:14:10
MXP,Cidade do México,México,2023,7,1045.4,1152.1016666666667,1204.455,2023-04-07 14:14:10
MXP,Medford,Estados Unidos,2023,6,1046.29,1051.432,1051.895,2023-04-07 14:14:10
MXP,Macau,Macau,2023,9,1046.77,1048.6916666666666,1049.06,2023-04-07 14:14:10
MXP,Daca,Bangladexe,2024,1,1046.85,1046.85,1046.85,2023-04-07 14:14:10
MXP,Bismarck,Estados Unidos,2023,7,1047.03,1048.9818181818182,1048.01,2023-04-07 14:14:10
MXP,Florianópolis,Brasil,2023,12,1047.05,1061.8166666666666,1069.2,2023-04-07 14:14:10
MXP,Dakar,Senegal,2023,1,1047.22,1047.22,1047.22,2023-04-07 14:14:10
MXP,Livingstone,Zâmbia,2023,4,1047.49,1055.3344444444444,1053.59,2023-04-07 14:14:10
MXP,León,México,2023,4,1047.51,1047.51,1047.51,2023-04-07 14:14:10
MXP,Redding,Estados Unidos,2023,2,1047.77,1112.3892307692308,1052.0,2023-04-07 14:14:10
MXP,Freeport,Bahamas,2023,8,1048.4,1516.627,1540.4,2023-04-07 14:14:10
MXP,Melbourne,Austrália,2023,11,1048.61,1086.015625,1077.08,2023-04-07 14:14:10
MXP,Brazavile,República do Congo,2023,3,1048.97,1055.125,1055.4850000000001,2023-04-07 14:14:10
MXP,Osaka,Japão,2023,7,1049.29,1257.5245454545454,1301.49,2023-04-07 14:14:10
MXP,Angeles City,Filipinas,2023,5,1049.77,1072.854117647059,1052.27,2023-04-07 14:14:10
MXP,Hat Yai,Tailândia,2023,3,1049.92,1053.4742857142858,1055.35,2023-04-07 14:14:10
MXP,Busan,Coreia do Sul,2023,10,1050.14,1051.9927272727273,1052.56,2023-04-07 14:14:10
MXP,Luang Prabang,Laos,2023,5,1050.67,1385.194166666667,1492.64,2023-04-07 14:14:10
MXP,Fort Myers,Estados Unidos,2023,12,1051.16,1051.16,1051.16,2023-04-07 14:14:10
MXP,Kobe,Japão,2023,7,1051.16,1383.459090909091,1456.6,2023-04-07 14:14:10
MXP,Phnom Penh,Cambodja,2023,8,1051.33,1250.9189999999999,1265.8,2023-04-07 14:14:10
MXP,Roseau,Dominica,2023,4,1052.26,1340.1433333333332,1333.48,2023-04-07 14:14:10
MXP,Ilhéus,Brasil,2023,1,1052.28,1243.8572727272729,1295.06,2023-04-07 14:14:10
MXP,Grand'Anse Praslin,Seicheles,2023,4,1052.65,1337.4108823529411,1423.74,2023-04-07 14:14:10
MXP,Melinde,Quénia,2023,1,1052.76,1052.76,1052.76,2023-04-07 14:14:10
MXP,Pasto,Colômbia,2023,4,1053.31,1081.9930769230768,1059.44,2023-04-07 14:14:10
MXP,Hanói,Vietname,2023,12,1053.63,2451.5299999999997,1442.47,2023-04-07 14:14:10
MXP,Assunção,Paraguai,2023,8,1053.98,1322.2233333333334,1262.48,2023-04-07 14:14:10
MXP,Rabil,Cabo Verde,2023,8,1054.11,1525.5645454545454,1164.65,2023-04-07 14:14:10
MXP,Wenzhou,China,2023,9,1054.11,1256.43,1141.96,2023-04-07 14:14:10
MXP,Karaganda,Cazaquistão,2023,4,1054.36,1056.325,1056.21,2023-04-07 14:14:10
MXP,Edmonton,Canadá,2023,7,1054.42,1054.5333333333333,1054.59,2023-04-07 14:14:10
MXP,Ilhéus,Brasil,2023,8,1054.69,1190.705172413793,1143.45,2023-04-07 14:14:10
MXP,Cozumel,México,2023,3,1054.91,1059.454,1059.58,2023-04-07 14:14:10
MXP,Puerto Montt,Chile,2023,5,1055.61,1457.2437499999999,1518.87,2023-04-07 14:14:10
MXP,Fukuoka,Japão,2023,7,1055.73,1421.9927777777777,1651.62,2023-04-07 14:14:10
MXP,Willemstad,Curaçao,2023,8,1056.07,1536.7814814814815,1493.18,2023-04-07 14:14:10
MXP,Coxen Hole,Honduras,2023,11,1056.61,1062.8290909090908,1062.76,2023-04-07 14:14:10
MXP,Perth,Austrália,2023,10,1056.91,1123.4863636363634,1126.59,2023-04-07 14:14:10
MXP,Santa Barbara,Estados Unidos,2023,12,1057.09,1057.9514285714286,1057.09,2023-04-07 14:14:10
MXP,San Andrés,Colômbia,2023,3,1057.52,1170.6885294117649,1148.01,2023-04-07 14:14:10
MXP,Langkawi,Malásia,2023,8,1058.11,1063.22,1065.26,2023-04-07 14:14:10
MXP,Cuenca,Equador,2023,11,1058.71,1058.862,1058.9,2023-04-07 14:14:10
MXP,Dzaoudzi,Maiote,2023,4,1059.34,1082.5520000000001,1068.2649999999999,2023-04-07 14:14:10
MXP,Cuenca,Equador,2023,3,1059.34,1153.4045454545453,1154.4099999999999,2023-04-07 14:14:10
MXP,Cuzco,Perú,2023,9,1059.37,1059.37,1059.37,2023-04-07 14:14:10
MXP,Busan,Coreia do Sul,2024,1,1059.39,1091.3836363636365,1096.97,2023-04-07 14:14:10
MXP,Santo Domingo,República Dominicana,2023,8,1059.39,1219.0633333333335,1184.16,2023-04-07 14:14:10
MXP,Freeport,Bahamas,2023,9,1059.56,1061.76625,1061.35,2023-04-07 14:14:10
MXP,Nanaimo,Canadá,2023,7,1060.31,1060.31,1060.31,2023-04-07 14:14:10
MXP,Bacólod,Filipinas,2023,4,1060.64,1738.3405555555555,2162.55,2023-04-07 14:14:10
MXP,São Luís,Brasil,2023,9,1060.74,1068.49,1072.38,2023-04-07 14:14:10
MXP,Hue,Vietname,2023,10,1060.93,1064.57,1064.37,2023-04-07 14:14:10
MXP,Phu Quoc,Vietname,2023,6,1061.07,1065.907,1065.905,2023-04-07 14:14:10
MXP,Green Bay,Estados Unidos,2023,5,1061.27,1067.611052631579,1068.87,2023-04-07 14:14:10
MXP,Zanzibar,Tanzânia,2023,8,1061.3,1108.0,1094.07,2023-04-07 14:14:10
MXP,Balikpapan,Indonésia,2023,3,1061.56,1230.9783333333332,1061.58,2023-04-07 14:14:10
MXP,Mendoza,Argentina,2023,10,1061.66,1266.2692307692307,1298.8,2023-04-07 14:14:10
MXP,Willemstad,Curaçao,2023,4,1061.98,1238.2695454545456,1261.925,2023-04-07 14:14:10
MXP,Cebu,Filipinas,2023,2,1062.39,1190.4133333333332,1064.99,2023-04-07 14:14:10
MXP,Porto de Espanha,Trinidad e Tobago,2023,8,1062.51,1367.798823529412,1064.28,2023-04-07 14:14:10
MXP,The Valley,Anguila,2024,1,1062.86,1069.86,1070.91,2023-04-07 14:14:10
MXP,Mexicali,México,2023,2,1062.87,1062.9099999999999,1062.9099999999999,2023-04-07 14:14:10
MXP,Freeport,Bahamas,2023,3,1063.2,1153.7418181818182,1069.76,2023-04-07 14:14:10
MXP,Freeport,Bahamas,2023,10,1063.68,1079.9225000000001,1082.43,2023-04-07 14:14:10
MXP,Arica,Chile,2023,5,1063.69,1068.8416666666667,1068.45,2023-04-07 14:14:10
MXP,Cancún,México,2024,1,1063.98,1063.98,1063.98,2023-04-07 14:14:10
MXP,Cidade de Belize,Belize,2023,12,1064.53,1373.63,1349.22,2023-04-07 14:14:10
MXP,Mérida,México,2023,6,1065.3,1144.1914285714286,1174.78,2023-04-07 14:14:10
MXP,Freeport,Bahamas,2023,11,1065.39,1133.3086666666668,1068.86,2023-04-07 14:14:10
MXP,Cozumel,México,2023,6,1065.64,1084.3333333333333,1066.58,2023-04-07 14:14:10
MXP,Phitsanulok,Tailândia,2023,5,1066.08,1068.463,1069.68,2023-04-07 14:14:10
MXP,Puerto Vallarta,México,2023,9,1066.52,1067.9555555555555,1067.91,2023-04-07 14:14:10
MXP,George Town,Bahamas,2023,3,1066.64,1593.0113846153847,1393.82,2023-04-07 14:14:10
MXP,Florianópolis,Brasil,2023,4,1066.95,1253.726976744186,1265.47,2023-04-07 14:14:10
MXP,The Valley,Anguila,2023,2,1067.31,3249.6459999999997,1082.74,2023-04-07 14:14:10
MXP,Freeport,Bahamas,2023,7,1067.81,1283.042857142857,1071.36,2023-04-07 14:14:10
MXP,Saint Thomas Island,Ilhas Virgens Americanas,2023,2,1068.36,1070.2072727272728,1070.2,2023-04-07 14:14:10
MXP,Haiphong,Vietname,2023,6,1068.86,1068.86,1068.86,2023-04-07 14:14:10
MXP,Thiruvananthapuram,Índia,2023,11,1068.94,1073.0175,1073.59,2023-04-07 14:14:10
MXP,Okinawa,Japão,2023,4,1068.99,1356.3944827586208,1205.12,2023-04-07 14:14:10
MXP,Cebu,Filipinas,2023,8,1069.37,1287.2,1246.105,2023-04-07 14:14:10
MXP,The Valley,Anguila,2023,12,1069.78,1069.875,1069.875,2023-04-07 14:14:10
MXP,Acapulco,México,2023,12,1070.1,1175.8236363636363,1190.28,2023-04-07 14:14:10
MXP,Baltra,Equador,2023,11,1070.19,1181.26,1072.04,2023-04-07 14:14:10
MXP,Quanzhou,China,2023,2,1070.74,1075.8254545454545,1076.91,2023-04-07 14:14:10
MXP,Tucson,Estados Unidos,2023,4,1070.85,1078.04,1078.6,2023-04-07 14:14:10
MXP,Freeport,Bahamas,2023,4,1071.01,1621.7189473684211,1170.865,2023-04-07 14:14:10
MXP,Tozeur,Tunísia,2023,3,1071.19,1079.479090909091,1080.68,2023-04-07 14:14:10
MXP,Boa Vista,Brasil,2023,11,1071.84,1076.242857142857,1076.92,2023-04-07 14:14:10
MXP,Melbourne,Austrália,2023,5,1072.06,1361.546875,1254.83,2023-04-07 14:14:10
MXP,Tampico,México,2023,2,1072.6,1075.475,1076.775,2023-04-07 14:14:10
MXP,Manila,Filipinas,2023,8,1072.86,1472.675,1472.675,2023-04-07 14:14:10
MXP,Fukuoka,Japão,2023,4,1073.02,1325.134716981132,1123.78,2023-04-07 14:14:10
MXP,Bozeman,Estados Unidos,2024,2,1073.06,1075.268,1076.74,2023-04-07 14:14:10
MXP,Chetumal,México,2023,3,1073.41,1075.3683333333333,1074.53,2023-04-07 14:14:10
MXP,Nassau,Bahamas,2023,7,1073.49,1270.9299999999998,1272.81,2023-04-07 14:14:10
MXP,Bagdogra,Índia,2023,2,1073.53,1078.3922222222222,1078.28,2023-04-07 14:14:10
MXP,Zhuhai,China,2023,4,1073.6,1078.095,1079.85,2023-04-07 14:14:10
MXP,Bozeman,Estados Unidos,2023,6,1073.67,1177.3784210526314,1077.16,2023-04-07 14:14:10
MXP,Melbourne,Austrália,2023,10,1074.32,2774.8233333333333,1074.32,2023-04-07 14:14:10
MXP,Sorong,Indonésia,2023,6,1074.58,1076.8545454545454,1078.21,2023-04-07 14:14:10
MXP,Sydney,Austrália,2024,2,1074.64,1074.64,1074.64,2023-04-07 14:14:10
MXP,Balikpapan,Indonésia,2023,7,1075.26,1177.1725,1162.545,2023-04-07 14:14:10
MXP,Sapporo,Japão,2023,5,1075.29,1077.36,1078.87,2023-04-07 14:14:10
MXP,Faisalabad,Paquistão,2023,5,1075.5,1075.5,1075.5,2023-04-07 14:14:10
MXP,Tampa,Estados Unidos,2023,6,1075.77,1301.8781818181817,1116.34,2023-04-07 14:14:10
MXP,Sandakan,Malásia,2023,3,1075.82,1082.908888888889,1083.97,2023-04-07 14:14:10
MXP,Maceió,Brasil,2023,7,1076.17,1077.3485714285714,1076.62,2023-04-07 14:14:10
MXP,Bozeman,Estados Unidos,2023,8,1076.66,1088.611111111111,1082.93,2023-04-07 14:14:10
MXP,Da Nang,Vietname,2023,4,1077.22,1745.04578125,1282.28,2023-04-07 14:14:10
MXP,Xian,China,2023,5,1077.59,1084.8111111111111,1085.28,2023-04-07 14:14:10
MXP,Porto de Espanha,Trinidad e Tobago,2023,4,1077.61,1239.2785714285715,1191.48,2023-04-07 14:14:10
MXP,Chennai,Índia,2023,12,1078.02,1079.993333333333,1080.37,2023-04-07 14:14:10
MXP,Siālkot,Paquistão,2023,7,1078.51,1079.31,1079.31,2023-04-07 14:14:10
MXP,Boise,Estados Unidos,2023,7,1079.11,2684.348,3083.0950000000003,2023-04-07 14:14:10
MXP,Labuan,Malásia,2023,4,1079.85,1080.7962499999999,1080.08,2023-04-07 14:14:10
MXP,Palmas,Brasil,2023,7,1079.95,1080.857777777778,1080.96,2023-04-07 14:14:10
MXP,Cuzco,Perú,2023,5,1080.18,1326.3504,1233.75,2023-04-07 14:14:10
MXP,Busan,Coreia do Sul,2023,7,1080.24,1386.6863636363637,1414.88,2023-04-07 14:14:10
MXP,Boracay,Filipinas,2023,11,1080.38,1103.216923076923,1087.68,2023-04-07 14:14:10
MXP,Quimper,França,2023,6,1080.45,1088.6981818181819,1088.63,2023-04-07 14:14:10
MXP,Zhengzhou,China,2023,3,1080.97,1266.9725,1266.335,2023-04-07 14:14:10
MXP,Cananor,Índia,2023,4,1081.94,1083.6244444444444,1082.08,2023-04-07 14:14:10
MXP,Da Nang,Vietname,2023,3,1082.84,1242.7664,1135.16,2023-04-07 14:14:10
MXP,Bissau,Guiné-Bissau,2023,8,1083.71,1090.7136363636364,1091.91,2023-04-07 14:14:10
MXP,Buenos Aires,Argentina,2023,2,1083.85,1171.9722222222222,1201.9,2023-04-07 14:14:10
MXP,Hat Yai,Tailândia,2023,6,1083.92,1089.1633333333334,1088.76,2023-04-07 14:14:10
MXP,Luang Prabang,Laos,2023,2,1084.35,1084.6,1084.7,2023-04-07 14:14:10
MXP,Baton Rouge,Estados Unidos,2023,7,1084.76,1089.9144444444444,1089.97,2023-04-07 14:14:10
MXP,Cochin,Índia,2023,8,1084.83,1109.5616666666667,1084.83,2023-04-07 14:14:10
MXP,Ulã Bator,Mongólia,2023,6,1085.05,1160.05,1161.02,2023-04-07 14:14:10
MXP,Salina,Estados Unidos,2023,4,1085.08,1088.9618181818182,1090.34,2023-04-07 14:14:10
MXP,Lusaka,Zâmbia,2023,7,1085.35,1100.465,1108.45,2023-04-07 14:14:10
MXP,Fairbanks,Estados Unidos,2023,5,1085.43,1086.3157142857142,1085.43,2023-04-07 14:14:10
MXP,Kralendijk,Países Baixos Caribenhos,2023,5,1085.83,1183.8475,1185.99,2023-04-07 14:14:10
MXP,Qingdao,China,2023,3,1086.29,1088.4744444444445,1089.27,2023-04-07 14:14:10
MXP,São Tomé,São Tomé e Príncipe,2023,9,1086.59,1098.6779999999999,1086.59,2023-04-07 14:14:10
MXP,Bucaramanga,Colômbia,2023,2,1086.69,1190.826,1260.25,2023-04-07 14:14:10
MXP,Puerto Princesa,Filipinas,2024,1,1087.08,1087.08,1087.08,2023-04-07 14:14:10
MXP,Brisbane,Austrália,2023,3,1087.21,1544.7175,1558.025,2023-04-07 14:14:10
MXP,Kota Kinabalu,Malásia,2024,1,1087.22,1089.007142857143,1087.22,2023-04-07 14:14:10
MXP,Ribeirão Preto,Brasil,2023,9,1087.26,1089.3075,1087.77,2023-04-07 14:14:10
MXP,Montego Bay,Jamaica,2023,8,1087.6,1487.05625,1552.56,2023-04-07 14:14:10
MXP,Chengdu,China,2023,5,1088.03,1509.2004000000002,1181.11,2023-04-07 14:14:10
MXP,Guadalajara,México,2023,7,1088.78,1090.334,1088.78,2023-04-07 14:14:10
MXP,Okinawa,Japão,2023,9,1089.02,1097.6926666666666,1098.43,2023-04-07 14:14:10
MXP,Saint Thomas Island,Ilhas Virgens Americanas,2023,6,1089.29,1107.0584210526315,1093.88,2023-04-07 14:14:10
MXP,Cali,Colômbia,2023,1,1090.39,1091.0133333333333,1090.39,2023-04-07 14:14:10
MXP,Durango,México,2023,3,1090.39,1128.3533333333332,1092.26,2023-04-07 14:14:10
MXP,Saint George.s,Granada,2023,6,1091.16,1346.4930769230768,1562.77,2023-04-07 14:14:10
MXP,Lilongwe,Malaui,2023,12,1091.52,1097.3466666666668,1096.94,2023-04-07 14:14:10
MXP,Cartagena,Colômbia,2023,12,1092.33,1465.786,1558.48,2023-04-07 14:14:10
MXP,Kahului,Estados Unidos,2023,6,1092.51,2041.416923076923,1093.11,2023-04-07 14:14:10
MXP,Armênia,Colômbia,2023,9,1092.97,1093.75,1093.11,2023-04-07 14:14:10
MXP,Sanya,China,2023,3,1093.08,1098.171,1098.6550000000002,2023-04-07 14:14:10
MXP,Cidade da Guatemala,Guatemala,2023,6,1093.89,1209.3325,1254.52,2023-04-07 14:14:10
MXP,Guilin,China,2023,5,1094.38,1097.45125,1094.98,2023-04-07 14:14:10
MXP,Reno,Estados Unidos,2023,12,1095.23,1100.7518181818182,1101.94,2023-04-07 14:14:10
MXP,Da Nang,Vietname,2023,2,1095.48,1206.3842857142859,1097.87,2023-04-07 14:14:10
MXP,Foz do Iguaçu,Brasil,2023,2,1095.48,1618.2951851851851,1697.73,2023-04-07 14:14:10
MXP,Freeport,Bahamas,2023,2,1095.74,1107.4983333333332,1112.31,2023-04-07 14:14:10
MXP,Iquitos,Perú,2023,4,1096.49,1101.4366666666667,1103.57,2023-04-07 14:14:10
MXP,Balikpapan,Indonésia,2023,8,1097.09,1335.5627272727272,1335.895,2023-04-07 14:14:10
MXP,León,México,2023,8,1097.1,1097.3999999999999,1097.58,2023-04-07 14:14:10
MXP,Cidade de Ho Chi Minh,Vietname,2023,8,1097.67,1204.2450000000001,1206.475,2023-04-07 14:14:10
MXP,Melbourne,Austrália,2023,3,1097.91,1455.1315873015872,1301.66,2023-04-07 14:14:10
MXP,Saint Thomas Island,Ilhas Virgens Americanas,2023,8,1098.02,1231.14,1102.46,2023-04-07 14:14:10
MXP,Arar,Arábia Saudita,2023,2,1098.19,1099.30125,1098.65,2023-04-07 14:14:10
MXP,Pemba,Moçambique,2023,3,1098.24,1098.935,1098.275,2023-04-07 14:14:10
MXP,Cayman Brac,Ilhas Cayman,2023,8,1098.65,1100.357,1100.3049999999998,2023-04-07 14:14:10
MXP,Calama,Chile,2023,9,1098.97,1174.4931818181817,1174.895,2023-04-07 14:14:10
MXP,Fort-de-France,Martinica,2023,7,1099.42,1414.937,1367.04,2023-04-07 14:14:10
MXP,Leh,Índia,2023,4,1099.6,1102.06125,1103.31,2023-04-07 14:14:10
MXP,The Valley,Anguila,2023,4,1099.79,1100.859090909091,1101.26,2023-04-07 14:14:10
MXP,Quito,Equador,2023,7,1100.34,1217.463,1264.335,2023-04-07 14:14:10
MXP,Porto Velho,Brasil,2023,7,1100.98,1101.9055555555556,1102.01,2023-04-07 14:14:10
MXP,Joinville,Brasil,2023,7,1100.99,1103.0116666666668,1103.4,2023-04-07 14:14:10
MXP,Kobe,Japão,2023,5,1101.28,1316.5572727272727,1283.77,2023-04-07 14:14:10
MXP,Milwaukee,Estados Unidos,2023,8,1101.38,1225.6608333333334,1254.75,2023-04-07 14:14:10
MXP,Redmond,Estados Unidos,2023,8,1101.47,1101.5844444444444,1101.51,2023-04-07 14:14:10
MXP,Da Nang,Vietname,2023,12,1102.06,1102.06,1102.06,2023-04-07 14:14:10
MXP,Luang Prabang,Laos,2023,4,1102.55,1104.9322222222222,1104.95,2023-04-07 14:14:10
MXP,Sydney,Austrália,2023,9,1102.83,1946.1406666666667,1228.65,2023-04-07 14:14:10
MXP,Mérida,México,2023,8,1103.55,1343.7395454545456,1344.36,2023-04-07 14:14:10
MXP,Boa Vista,Brasil,2023,2,1104.32,1312.3871428571426,1169.02,2023-04-07 14:14:10
MXP,Nosy Be,Madagáscar,2023,6,1104.4,1177.5988888888887,1178.06,2023-04-07 14:14:10
MXP,Kangerlussuaq,Gronelândia,2023,6,1104.59,1106.1899999999998,1105.25,2023-04-07 14:14:10
MXP,Wilmington,Estados Unidos,2023,7,1104.64,1108.6355555555556,1105.68,2023-04-07 14:14:10
MXP,Sydney,Austrália,2023,2,1105.24,1528.8722857142857,1538.63,2023-04-07 14:14:10
MXP,Sapporo,Japão,2023,1,1105.59,1108.48,1109.73,2023-04-07 14:14:10
MXP,Pemba,Moçambique,2023,6,1105.84,1112.362222222222,1116.07,2023-04-07 14:14:10
MXP,Kisumu,Quénia,2023,8,1105.85,1105.85,1105.85,2023-04-07 14:14:10
MXP,Maringá,Brasil,2023,4,1106.37,1108.08,1108.08,2023-04-07 14:14:10
MXP,Medellín,Colômbia,2023,8,1106.43,1137.31625,1111.87,2023-04-07 14:14:10
MXP,Panglao,Filipinas,2023,5,1106.47,1107.4011111111113,1107.51,2023-04-07 14:14:10
MXP,Bursa,Turquia,2023,8,1106.7,1112.0755555555556,1114.7,2023-04-07 14:14:10
MXP,Córdova,Argentina,2023,12,1107.38,1117.612,1108.42,2023-04-07 14:14:10
MXP,Cidade do Panamá,Panamá,2023,8,1107.77,1201.9233333333334,1173.1,2023-04-07 14:14:10
MXP,Taipé,Taiwan,2023,8,1108.06,1108.06,1108.06,2023-04-07 14:14:10
MXP,Veracruz,México,2023,6,1108.29,1109.2288888888888,1109.34,2023-04-07 14:14:10
MXP,Kobe,Japão,2023,4,1108.54,2179.7458490566037,2226.75,2023-04-07 14:14:10
MXP,Dzaoudzi,Maiote,2023,5,1109.21,1110.2633333333333,1109.73,2023-04-07 14:14:10
MXP,Shenzhen,China,2023,8,1109.37,1109.514,1109.55,2023-04-07 14:14:10
MXP,Thanh Hoa,Vietname,2023,3,1110.04,1111.1466666666665,1111.96,2023-04-07 14:14:10
MXP,Shenyang,China,2023,9,1110.08,1118.550909090909,1118.48,2023-04-07 14:14:10
MXP,Sucre,Bolívia,2023,5,1110.12,1111.89875,1111.63,2023-04-07 14:14:10
MXP,Walvis Bay,Namíbia,2023,2,1110.18,1111.15,1110.415,2023-04-07 14:14:10
MXP,Melinde,Quénia,2023,8,1110.23,1293.3522727272727,1262.18,2023-04-07 14:14:10
MXP,Vitória,Brasil,2023,12,1110.46,1113.482,1112.1399999999999,2023-04-07 14:14:10
MXP,Cebu,Filipinas,2023,12,1111.04,1191.02,1117.04,2023-04-07 14:14:10
MXP,Vientiane,Laos,2023,7,1111.04,1213.56,1113.65,2023-04-07 14:14:10
MXP,Hue,Vietname,2023,4,1111.31,1117.8644444444444,1121.59,2023-04-07 14:14:10
MXP,Whitehorse,Canadá,2023,2,1111.31,1129.0208333333333,1125.385,2023-04-07 14:14:10
MXP,Nanjing,China,2023,5,1111.35,1140.8916666666667,1149.61,2023-04-07 14:14:10
MXP,Kobe,Japão,2023,10,1111.35,1123.8382352941176,1129.41,2023-04-07 14:14:10
MXP,Hakodate,Japão,2023,3,1111.36,1276.2619444444445,1222.615,2023-04-07 14:14:10
MXP,Quito,Equador,2023,8,1111.58,1111.58,1111.58,2023-04-07 14:14:10
MXP,Caiena,Guiana Francesa,2023,3,1111.6,1116.0068181818183,1115.09,2023-04-07 14:14:10
MXP,Zacatecas,México,2023,9,1111.76,1112.7658333333334,1111.79,2023-04-07 14:14:10
MXP,Sydney,Austrália,2023,3,1112.61,1458.9440677966102,1456.77,2023-04-07 14:14:10
MXP,Columbus,Estados Unidos,2023,8,1113.13,1124.009090909091,1125.17,2023-04-07 14:14:10
MXP,Mendoza,Argentina,2023,11,1113.34,1117.1577777777777,1116.95,2023-04-07 14:14:10
MXP,Macau,Macau,2023,5,1113.58,1114.1599999999999,1114.1599999999999,2023-04-07 14:14:10
MXP,Killeen,Estados Unidos,2023,7,1113.89,1285.4772727272727,1321.63,2023-04-07 14:14:10
MXP,Cuzco,Perú,2023,10,1114.39,1223.5841666666668,1247.1,2023-04-07 14:14:10
MXP,Christiansted,Ilhas Virgens Americanas,2024,1,1114.53,1120.4054545454544,1122.84,2023-04-07 14:14:10
MXP,Barranquilla,Colômbia,2023,1,1114.54,1114.54,1114.54,2023-04-07 14:14:10
MXP,Idaho Falls,Estados Unidos,2023,3,1114.95,1118.67875,1118.2,2023-04-07 14:14:10
MXP,Chongqing,China,2023,5,1115.74,1122.6866666666667,1122.72,2023-04-07 14:14:10
MXP,Cidade da Guatemala,Guatemala,2023,8,1115.77,1600.7064285714284,1579.2350000000001,2023-04-07 14:14:10
MXP,Kaohsiung,Taiwan,2023,2,1116.02,1223.6036363636363,1119.08,2023-04-07 14:14:10
MXP,Everett,Estados Unidos,2023,7,1116.62,1194.6738461538462,1167.54,2023-04-07 14:14:10
MXP,Cuiabá,Brasil,2023,12,1116.87,1119.4616666666668,1120.64,2023-04-07 14:14:10
MXP,Shenzhen,China,2023,6,1117.02,1118.8300000000002,1118.83,2023-04-07 14:14:10
MXP,Haikou,China,2023,3,1117.29,1122.486,1122.98,2023-04-07 14:14:10
MXP,Peshawar,Paquistão,2023,2,1117.4,1125.089,1118.25,2023-04-07 14:14:10
MXP,Saint John's,Antígua e Barbuda,2023,11,1117.56,1131.742,1119.675,2023-04-07 14:14:10
MXP,Saint Thomas Island,Ilhas Virgens Americanas,2023,7,1117.73,1124.4724999999999,1125.81,2023-04-07 14:14:10
MXP,Dzaoudzi,Maiote,2023,6,1118.25,1372.3661111111112,1126.6799999999998,2023-04-07 14:14:10
MXP,Auckland,Nova Zelândia,2023,11,1118.32,1398.6292307692308,1180.65,2023-04-07 14:14:10
MXP,Porto de Espanha,Trinidad e Tobago,2023,12,1119.27,1121.4283333333333,1121.86,2023-04-07 14:14:10
MXP,Pequim,China,2023,12,1119.41,1629.3400000000001,1629.3400000000001,2023-04-07 14:14:10
MXP,Sanya,China,2023,4,1119.44,1398.2172222222223,1121.82,2023-04-07 14:14:10
MXP,Flagstaff,Estados Unidos,2023,3,1119.51,1131.4654545454546,1129.88,2023-04-07 14:14:10
MXP,Nosy Be,Madagáscar,2023,12,1119.51,1376.247894736842,1482.83,2023-04-07 14:14:10
MXP,Chiang Mai,Tailândia,2023,12,1119.53,1147.471111111111,1154.02,2023-04-07 14:14:10
MXP,Salt Lake City,Estados Unidos,2023,7,1119.63,1170.5416666666667,1136.625,2023-04-07 14:14:10
MXP,Villahermosa,México,2023,2,1119.91,1119.91,1119.91,2023-04-07 14:14:10
MXP,Luang Prabang,Laos,2023,12,1119.98,1119.98,1119.98,2023-04-07 14:14:10
MXP,Basseterre,São Cristóvão e Neves,2023,6,1120.42,1201.4479999999999,1129.8600000000001,2023-04-07 14:14:10
MXP,Dzaoudzi,Maiote,2023,2,1120.47,1122.2,1122.2,2023-04-07 14:14:10
MXP,Charlottetown,Canadá,2023,4,1121.13,1122.3858333333335,1121.59,2023-04-07 14:14:10
MXP,Macassar,Indonésia,2023,1,1121.59,1121.59,1121.59,2023-04-07 14:14:10
MXP,Aracaju,Brasil,2023,4,1122.11,1125.13,1122.11,2023-04-07 14:14:10
MXP,Monterey,Estados Unidos,2023,5,1122.25,1135.9609999999998,1131.6999999999998,2023-04-07 14:14:10
MXP,Phitsanulok,Tailândia,2023,3,1122.26,1123.3777777777777,1124.2,2023-04-07 14:14:10
MXP,Sharjah,Emirados Árabes Unidos,2023,8,1122.37,1122.37,1122.37,2023-04-07 14:14:10
MXP,Kralendijk,Países Baixos Caribenhos,2023,11,1123.27,1123.3966666666668,1123.46,2023-04-07 14:14:10
MXP,Cidade do Kansas,Estados Unidos,2023,7,1123.3,1125.985,1126.96,2023-04-07 14:14:10
MXP,Xiamen,China,2023,4,1123.45,1175.4263636363637,1127.09,2023-04-07 14:14:10
MXP,Agra,Índia,2023,2,1124.2,1127.2,1127.58,2023-04-07 14:14:10
MXP,Nanjing,China,2023,4,1124.37,1127.282,1128.01,2023-04-07 14:14:10
MXP,Nosy Be,Madagáscar,2023,8,1124.79,1697.1979999999999,1701.455,2023-04-07 14:14:10
MXP,Evansville,Estados Unidos,2023,7,1125.14,1127.0049999999999,1127.045,2023-04-07 14:14:10
MXP,Auckland,Nova Zelândia,2023,5,1126.58,1557.4748148148149,1604.95,2023-04-07 14:14:10
MXP,Saint-Denis,Ilha da Reunião,2023,8,1126.58,1495.0520000000001,1564.53,2023-04-07 14:14:10
MXP,Chongqing,China,2023,3,1127.17,1345.3152631578948,1499.41,2023-04-07 14:14:10
MXP,Siem Reap,Cambodja,2023,1,1127.64,1127.9142857142856,1128.12,2023-04-07 14:14:10
MXP,Chiang Rai,Tailândia,2023,2,1128.27,1128.27,1128.27,2023-04-07 14:14:10
MXP,Auckland,Nova Zelândia,2023,9,1128.73,2176.1646341463415,1433.13,2023-04-07 14:14:10
MXP,Shenyang,China,2023,4,1129.19,1171.2214814814815,1172.6,2023-04-07 14:14:10
MXP,Córdova,Argentina,2023,4,1129.29,1828.304705882353,1414.19,2023-04-07 14:14:10
MXP,Okinawa,Japão,2023,6,1129.33,1130.25,1129.33,2023-04-07 14:14:10
MXP,Kota Kinabalu,Malásia,2023,8,1129.35,2883.6116666666667,4144.54,2023-04-07 14:14:10
MXP,George Town,Bahamas,2023,5,1129.66,1777.86625,1134.22,2023-04-07 14:14:10
MXP,Porto Seguro,Brasil,2023,4,1129.83,1238.5014285714285,1289.27,2023-04-07 14:14:10
MXP,Santa Marta,Colômbia,2023,7,1130.4,1195.8216666666667,1202.795,2023-04-07 14:14:10
MXP,Santiago,Chile,2024,1,1130.6,1130.6,1130.6,2023-04-07 14:14:10
MXP,Nosy Be,Madagáscar,2024,1,1130.76,1157.7725,1131.0700000000002,2023-04-07 14:14:10
MXP,São Salvador,El Salvador,2023,7,1130.89,1133.4475,1134.6100000000001,2023-04-07 14:14:10
MXP,Fort-de-France,Martinica,2023,12,1131.24,1430.6915384615386,1402.98,2023-04-07 14:14:10
MXP,Boracay,Filipinas,2023,12,1132.14,1133.52625,1133.585,2023-04-07 14:14:10
MXP,Gustávia,São Bartolomeu,2023,5,1132.22,1155.8700000000001,1139.29,2023-04-07 14:14:10
MXP,Shenzhen,China,2023,10,1132.54,1132.54,1132.54,2023-04-07 14:14:10
MXP,Perth,Austrália,2023,6,1132.96,1424.4804000000001,1492.9,2023-04-07 14:14:10
MXP,Burbank,Estados Unidos,2023,7,1133.89,1314.9160000000002,1291.11,2023-04-07 14:14:10
MXP,Laramie,Estados Unidos,2023,4,1134.3,1134.3,1134.3,2023-04-07 14:14:10
MXP,Sydney,Austrália,2023,11,1134.64,1199.5162500000001,1164.475,2023-04-07 14:14:10
MXP,Angeles City,Filipinas,2023,6,1134.71,1134.7459999999999,1134.71,2023-04-07 14:14:10
MXP,Boa Vista,Brasil,2023,9,1134.89,1136.3416666666665,1136.83,2023-04-07 14:14:10
MXP,São Francisco,Estados Unidos,2023,8,1135.58,1135.58,1135.58,2023-04-07 14:14:10
MXP,Haiphong,Vietname,2023,3,1136.36,1193.1084615384616,1138.33,2023-04-07 14:14:10
MXP,Xiamen,China,2023,7,1137.09,1893.7930769230768,2224.16,2023-04-07 14:14:10
MXP,Brazavile,República do Congo,2023,2,1137.64,1138.995,1138.85,2023-04-07 14:14:10
MXP,Roxas City,Filipinas,2023,3,1137.94,1139.2475,1138.12,2023-04-07 14:14:10
MXP,San Antonio,Estados Unidos,2023,5,1138.37,1138.37,1138.37,2023-04-07 14:14:10
MXP,Assunção,Paraguai,2023,7,1139.0,1142.64,1144.4,2023-04-07 14:14:10
MXP,Ilha de Páscoa,Chile,2023,12,1139.07,1352.02,1475.81,2023-04-07 14:14:10
MXP,Nagóia,Japão,2023,5,1139.55,1140.598,1139.55,2023-04-07 14:14:10
MXP,Saint George.s,Granada,2023,7,1140.87,1144.47,1146.27,2023-04-07 14:14:10
MXP,Nosy Be,Madagáscar,2023,10,1141.15,1200.7155555555555,1170.25,2023-04-07 14:14:10
MXP,General Santos,Filipinas,2023,10,1141.96,1148.8470000000002,1148.1399999999999,2023-04-07 14:14:10
MXP,Xiamen,China,2023,10,1142.55,1147.76,1146.6799999999998,2023-04-07 14:14:10
MXP,Koh Samui,Tailândia,2023,7,1142.76,1561.0433333333333,1433.01,2023-04-07 14:14:10
MXP,Goiânia,Brasil,2023,2,1143.15,1143.94,1143.385,2023-04-07 14:14:10
MXP,Ilhéus,Brasil,2023,7,1143.61,1315.9269565217392,1357.48,2023-04-07 14:14:10
MXP,Trujillo,Perú,2023,6,1143.69,1147.7599999999998,1147.725,2023-04-07 14:14:10
MXP,Dalian,China,2023,5,1144.33,1151.871111111111,1153.0,2023-04-07 14:14:10
MXP,Sukhothai,Tailândia,2023,8,1144.87,1149.0122222222224,1145.95,2023-04-07 14:14:10
MXP,Belém,Brasil,2023,6,1145.85,1146.2655555555555,1145.88,2023-04-07 14:14:10
MXP,The Valley,Anguila,2023,3,1145.95,1402.328947368421,1164.38,2023-04-07 14:14:10
MXP,Sydney,Austrália,2023,10,1146.44,1949.645,1266.2649999999999,2023-04-07 14:14:10
MXP,Ulã Bator,Mongólia,2023,8,1147.08,1284.1236666666666,1358.3,2023-04-07 14:14:10
MXP,Cidade de Belize,Belize,2023,7,1147.2,1305.502857142857,1441.07,2023-04-07 14:14:10
MXP,Sapporo,Japão,2023,3,1147.77,1474.3950909090909,1210.12,2023-04-07 14:14:10
MXP,Santa Cruz da Serra,Bolívia,2023,8,1148.45,1386.3921052631579,1454.86,2023-04-07 14:14:10
MXP,Cuenca,Equador,2023,2,1148.65,1217.5088888888888,1151.36,2023-04-07 14:14:10
MXP,Mfuwe,Zâmbia,2023,5,1148.96,1156.5277777777778,1157.66,2023-04-07 14:14:10
MXP,Changsha,China,2023,3,1149.2,1154.0587500000001,1156.97,2023-04-07 14:14:10
MXP,Arba Minch,Etiópia,2023,3,1149.9,1158.302222222222,1162.52,2023-04-07 14:14:10
MXP,Porto Alegre,Brasil,2023,4,1150.15,1336.042156862745,1163.14,2023-04-07 14:14:10
MXP,Tijuana,México,2023,3,1150.55,1152.3249999999998,1152.3249999999998,2023-04-07 14:14:10
MXP,Maputo,Moçambique,2023,2,1150.81,1154.8627272727272,1154.69,2023-04-07 14:14:10
MXP,Jeju,Coreia do Sul,2023,7,1151.37,2045.8,2136.02,2023-04-07 14:14:10
MXP,Moroni,Comores,2023,12,1151.8,1289.485294117647,1178.88,2023-04-07 14:14:10
MXP,Vasco da Gama,Índia,2023,8,1153.79,1273.6092307692306,1312.24,2023-04-07 14:14:10
MXP,Cebu,Filipinas,2023,7,1154.12,1360.4879999999998,1371.73,2023-04-07 14:14:10
MXP,Santa Marta,Colômbia,2023,6,1154.29,1156.4133333333332,1156.82,2023-04-07 14:14:10
MXP,Tacloban City,Filipinas,2023,3,1154.78,1156.8163636363636,1157.44,2023-04-07 14:14:10
MXP,Fukuoka,Japão,2023,3,1155.05,1190.5610000000001,1159.49,2023-04-07 14:14:10
MXP,Maringá,Brasil,2023,3,1155.17,1306.6181818181817,1318.48,2023-04-07 14:14:10
MXP,Vilanculos,Moçambique,2023,9,1155.48,1157.9145454545453,1159.37,2023-04-07 14:14:10
MXP,Billings,Estados Unidos,2023,3,1155.71,1157.56875,1157.29,2023-04-07 14:14:10
MXP,Salina,Estados Unidos,2023,6,1155.71,1158.2741666666668,1157.29,2023-04-07 14:14:10
MXP,Luang Prabang,Laos,2023,8,1155.98,1325.3771428571429,1168.72,2023-04-07 14:14:10
MXP,Cidade do Kansas,Estados Unidos,2023,8,1156.5,1172.5687500000001,1171.71,2023-04-07 14:14:10
MXP,Sydney,Austrália,2023,12,1157.48,1585.5037499999999,1175.78,2023-04-07 14:14:10
MXP,Punta Arenas,Chile,2023,2,1157.83,1159.289,1159.4299999999998,2023-04-07 14:14:10
MXP,Mendoza,Argentina,2023,9,1157.92,1159.46,1160.3,2023-04-07 14:14:10
MXP,Castries,Santa Lúcia,2023,3,1158.57,1182.609411764706,1196.53,2023-04-07 14:14:10
MXP,Ipatinga,Brasil,2023,7,1158.74,1160.123,1159.975,2023-04-07 14:14:10
MXP,Cody,Estados Unidos,2023,6,1159.43,1161.4077777777777,1161.02,2023-04-07 14:14:10
MXP,Zhengzhou,China,2023,4,1159.49,2399.704358974359,1297.09,2023-04-07 14:14:10
MXP,Grand Junction,Estados Unidos,2023,5,1159.69,1167.4633333333334,1167.97,2023-04-07 14:14:10
MXP,Wenzhou,China,2023,7,1159.81,1160.6533333333334,1159.81,2023-04-07 14:14:10
MXP,Chongqing,China,2023,6,1160.07,1163.0939999999998,1163.85,2023-04-07 14:14:10
MXP,Chengdu,China,2023,4,1160.07,1244.6216363636363,1255.77,2023-04-07 14:14:10
MXP,La Paz,Bolívia,2023,9,1160.54,1191.4657142857143,1198.82,2023-04-07 14:14:10
MXP,Little Rock,Estados Unidos,2023,6,1161.14,1164.97125,1164.91,2023-04-07 14:14:10
MXP,Bozeman,Estados Unidos,2023,7,1161.22,1165.749090909091,1167.98,2023-04-07 14:14:10
MXP,Pullman,Estados Unidos,2023,4,1161.5,1162.8745454545456,1161.98,2023-04-07 14:14:10
MXP,Presidente Prudente,Brasil,2023,3,1161.73,1164.7536363636364,1165.96,2023-04-07 14:14:10
MXP,Pemba,Moçambique,2023,8,1162.41,1222.371052631579,1272.22,2023-04-07 14:14:10
MXP,Grand'Anse Praslin,Seicheles,2023,8,1162.9,1449.8057142857142,1390.85,2023-04-07 14:14:10
MXP,Comox,Canadá,2023,6,1163.1,1164.1766666666667,1164.3,2023-04-07 14:14:10
MXP,Melbourne,Austrália,2023,8,1163.33,1362.1522222222222,1277.145,2023-04-07 14:14:10
MXP,Nosy Be,Madagáscar,2023,9,1163.76,1608.2610638297874,1212.51,2023-04-07 14:14:10
MXP,São Luís,Brasil,2023,2,1163.84,1166.5655555555556,1167.77,2023-04-07 14:14:10
MXP,Hat Yai,Tailândia,2023,8,1164.21,1284.4172413793103,1252.66,2023-04-07 14:14:10
MXP,Melbourne,Austrália,2023,2,1164.73,1601.1852941176471,1523.28,2023-04-07 14:14:10
MXP,San Carlos DeBariloche,Argentina,2023,5,1164.96,1167.2790909090909,1166.17,2023-04-07 14:14:10
MXP,Nagóia,Japão,2023,6,1165.59,1171.2584615384617,1169.38,2023-04-07 14:14:10
MXP,Vilanculos,Moçambique,2023,8,1166.68,1291.4593333333332,1174.59,2023-04-07 14:14:10
MXP,Burbank,Estados Unidos,2023,11,1166.97,1166.97,1166.97,2023-04-07 14:14:10
MXP,Edmonton,Canadá,2023,8,1167.3,1178.7854545454545,1169.78,2023-04-07 14:14:10
MXP,Moroni,Comores,2023,7,1167.82,1269.3814285714286,1169.77,2023-04-07 14:14:10
MXP,Kailua-Kona,Estados Unidos,2023,7,1168.05,1168.05,1168.05,2023-04-07 14:14:10
MXP,Livingstone,Zâmbia,2023,2,1168.11,1170.648888888889,1171.78,2023-04-07 14:14:10
MXP,Florianópolis,Brasil,2023,7,1168.79,1205.201111111111,1171.49,2023-04-07 14:14:10
MXP,Nosy Be,Madagáscar,2023,4,1168.83,1298.3712903225808,1242.47,2023-04-07 14:14:10
MXP,Zhengzhou,China,2023,5,1169.27,1171.0427272727272,1169.42,2023-04-07 14:14:10
MXP,Sydney,Austrália,2023,7,1169.38,1351.74,1169.48,2023-04-07 14:14:10
MXP,Saint-Denis,Ilha da Reunião,2023,10,1170.34,1219.3753846153847,1202.01,2023-04-07 14:14:10
MXP,Kralendijk,Países Baixos Caribenhos,2023,2,1172.67,1330.7324999999998,1292.21,2023-04-07 14:14:10
MXP,Cidade de Belize,Belize,2023,8,1173.4,1365.4136363636364,1359.64,2023-04-07 14:14:10
MXP,Cebu,Filipinas,2023,9,1174.4,1175.351,1175.2350000000001,2023-04-07 14:14:10
MXP,Nosy Be,Madagáscar,2023,11,1174.85,1336.2864705882353,1256.76,2023-04-07 14:14:10
MXP,Pietermaritzburg,África do Sul,2023,7,1175.25,1176.0549999999998,1176.0549999999998,2023-04-07 14:14:10
MXP,Okinawa,Japão,2023,8,1175.33,1275.7942424242424,1257.79,2023-04-07 14:14:10
MXP,Cidade de Belize,Belize,2024,1,1175.39,1194.5045454545455,1181.35,2023-04-07 14:14:10
MXP,Cruz,Brasil,2023,4,1175.49,1179.3538461538462,1180.01,2023-04-07 14:14:10
MXP,Sapporo,Japão,2023,8,1176.03,1179.66,1176.03,2023-04-07 14:14:10
MXP,Paramaribo,Suriname,2023,6,1176.87,1176.87,1176.87,2023-04-07 14:14:10
MXP,Saint-Denis,Ilha da Reunião,2023,7,1177.02,1212.0625,1210.0,2023-04-07 14:14:10
MXP,Nosy Be,Madagáscar,2023,3,1177.11,1282.9976000000001,1233.025,2023-04-07 14:14:10
MXP,Estrasburgo,França,2023,3,1178.01,1178.01,1178.01,2023-04-07 14:14:10
MXP,Helena,Estados Unidos,2023,5,1178.14,1181.7183333333335,1181.75,2023-04-07 14:14:10
MXP,Oaxaca,México,2023,2,1178.28,1180.94875,1182.1599999999999,2023-04-07 14:14:10
MXP,Surabaia,Indonésia,2023,2,1178.74,1180.7985714285714,1178.74,2023-04-07 14:14:10
MXP,Chengdu,China,2023,12,1178.9,1186.392,1187.045,2023-04-07 14:14:10
MXP,Ushuaia,Argentina,2023,5,1178.93,1223.2386666666669,1180.95,2023-04-07 14:14:10
MXP,Wuhan,China,2023,11,1178.93,1180.25,1179.42,2023-04-07 14:14:10
MXP,Sarasota,Estados Unidos,2023,6,1179.01,1179.8285714285714,1179.01,2023-04-07 14:14:10
MXP,Porto Alegre,Brasil,2023,8,1179.62,1180.5814285714284,1179.62,2023-04-07 14:14:10
MXP,Busuanga,Filipinas,2023,3,1180.6,1206.1754999999998,1201.615,2023-04-07 14:14:10
MXP,São José do Rio Preto,Brasil,2023,4,1181.11,1186.5349999999999,1186.53,2023-04-07 14:14:10
MXP,La Paz,México,2023,10,1182.41,1187.5611111111111,1186.71,2023-04-07 14:14:10
MXP,Dundee,Reino Unido,2023,3,1182.7,1188.368,1188.845,2023-04-07 14:14:10
MXP,Macassar,Indonésia,2023,4,1183.38,1183.38,1183.38,2023-04-07 14:14:10
MXP,Hangzhou,China,2023,5,1183.65,1186.238,1184.88,2023-04-07 14:14:10
MXP,Bacólod,Filipinas,2023,2,1183.68,1184.0125,1184.06,2023-04-07 14:14:10
MXP,Moncton,Canadá,2023,6,1183.97,1186.7983333333334,1187.82,2023-04-07 14:14:10
MXP,Manágua,Nicarágua,2023,7,1184.33,1393.5925,1513.96,2023-04-07 14:14:10
MXP,Veracruz,México,2023,4,1185.26,1196.435,1187.255,2023-04-07 14:14:10
MXP,Chennai,Índia,2023,8,1186.47,1186.47,1186.47,2023-04-07 14:14:10
MXP,Gaborone,Botsuana,2023,8,1186.58,1231.888,1196.99,2023-04-07 14:14:10
MXP,Conacri,Guiné,2023,8,1187.39,1194.105,1194.76,2023-04-07 14:14:10
MXP,Busan,Coreia do Sul,2023,2,1188.13,1328.3228571428572,1373.72,2023-04-07 14:14:10
MXP,Kobe,Japão,2023,9,1188.35,1252.3969230769233,1232.72,2023-04-07 14:14:10
MXP,Albuquerque,Estados Unidos,2023,8,1188.5,1193.6599999999999,1197.1,2023-04-07 14:14:10
MXP,Auckland,Nova Zelândia,2023,10,1188.76,2691.2104166666663,1568.58,2023-04-07 14:14:10
MXP,San José,Costa Rica,2023,8,1189.25,1442.6375,1494.6599999999999,2023-04-07 14:14:10
MXP,Boa Vista,Brasil,2023,8,1189.71,1675.631304347826,1839.84,2023-04-07 14:14:10
MXP,Udon Thani,Tailândia,2023,3,1189.93,1193.0245454545454,1194.26,2023-04-07 14:14:10
MXP,Dundee,Reino Unido,2023,8,1189.93,1191.166,1191.99,2023-04-07 14:14:10
MXP,Qingdao,China,2023,4,1190.03,2375.6595238095238,1266.6,2023-04-07 14:14:10
MXP,Tokushima,Japão,2023,4,1190.81,1418.0877777777778,1418.4250000000002,2023-04-07 14:14:10
MXP,Zhanjiang,China,2023,9,1190.81,1197.0954545454545,1199.7,2023-04-07 14:14:10
MXP,Cuiabá,Brasil,2023,5,1191.33,1194.1716666666669,1195.2,2023-04-07 14:14:10
MXP,Hohhot,China,2023,9,1191.55,1207.8027272727272,1200.57,2023-04-07 14:14:10
MXP,The Valley,Anguila,2023,5,1191.77,2015.8092000000001,2397.15,2023-04-07 14:14:10
MXP,Xangai,China,2023,8,1191.79,1191.79,1191.79,2023-04-07 14:14:10
MXP,Wuhan,China,2023,4,1192.06,1514.8253703703706,1586.185,2023-04-07 14:14:10
MXP,Acapulco,México,2023,8,1192.63,1200.0477777777778,1200.08,2023-04-07 14:14:10
MXP,Port Blair,Índia,2023,8,1193.12,1444.6061111111112,1443.3400000000001,2023-04-07 14:14:10
MXP,Buenos Aires,Argentina,2023,12,1193.48,1193.48,1193.48,2023-04-07 14:14:10
MXP,Pagadian,Filipinas,2023,3,1193.5,1307.3129166666665,1232.28,2023-04-07 14:14:10
MXP,Winnipeg,Canadá,2023,8,1193.57,1194.9833333333331,1196.1,2023-04-07 14:14:10
MXP,Çanakkale,Turquia,2023,4,1193.66,1194.0900000000001,1194.18,2023-04-07 14:14:10
MXP,Tegucigalpa,Honduras,2023,3,1195.5,1199.3216666666667,1200.79,2023-04-07 14:14:10
MXP,Zagora,Marrocos,2023,4,1195.83,1197.6225,1197.1599999999999,2023-04-07 14:14:10
MXP,Wakkanai,Japão,2023,3,1195.9,1294.746111111111,1369.76,2023-04-07 14:14:10
MXP,Porto Alegre,Brasil,2023,7,1196.43,1198.8966666666668,1199.6,2023-04-07 14:14:10
MXP,Querétaro,México,2023,2,1196.82,1493.5185,1205.2,2023-04-07 14:14:10
MXP,Shirahama,Japão,2023,4,1198.26,1713.2177777777779,1713.1150000000002,2023-04-07 14:14:10
MXP,Kelowna,Canadá,2023,5,1198.68,1200.500909090909,1198.84,2023-04-07 14:14:10
MXP,Santa Barbara,Estados Unidos,2023,7,1198.8,1198.8,1198.8,2023-04-07 14:14:10
MXP,Roseau,Dominica,2023,5,1200.15,1200.15,1200.15,2023-04-07 14:14:10
MXP,Lampang,Tailândia,2023,1,1201.44,1202.6228571428571,1203.51,2023-04-07 14:14:10
MXP,Brisbane,Austrália,2023,9,1201.55,1722.1926315789474,1388.68,2023-04-07 14:14:10
MXP,Cartagena,Colômbia,2023,7,1202.39,1202.39,1202.39,2023-04-07 14:14:10
MXP,Minatitlán,México,2023,9,1202.47,1386.9740909090908,1384.425,2023-04-07 14:14:10
MXP,Wuxi,China,2023,5,1203.58,1210.64625,1211.06,2023-04-07 14:14:10
MXP,Providenciales,Ilhas Turcas e Caicos,2023,7,1203.69,1537.38,1714.97,2023-04-07 14:14:10
MXP,São Tomé,São Tomé e Príncipe,2023,8,1204.49,1206.1077777777778,1206.12,2023-04-07 14:14:10
MXP,Kitakyushu,Japão,2023,2,1205.21,1241.7363157894738,1261.6,2023-04-07 14:14:10
MXP,Surat Thani,Tailândia,2023,3,1205.32,1386.482380952381,1217.31,2023-04-07 14:14:10
MXP,Nagóia,Japão,2023,2,1206.16,1208.5855555555556,1209.47,2023-04-07 14:14:10
MXP,Simpson Bay,São Martinho (Sint Maarten),2023,7,1206.38,1469.946,1378.45,2023-04-07 14:14:10
MXP,Praya,Indonésia,2023,12,1207.33,1207.33,1207.33,2023-04-07 14:14:10
MXP,Assunção,Paraguai,2023,4,1207.89,1618.2482926829266,1288.5,2023-04-07 14:14:10
MXP,Joinville,Brasil,2023,8,1208.49,1422.1995000000002,1217.7,2023-04-07 14:14:10
MXP,Fresno,Estados Unidos,2023,6,1209.04,1210.265,1209.96,2023-04-07 14:14:10
MXP,Coxen Hole,Honduras,2023,1,1209.2,1209.2,1209.2,2023-04-07 14:14:10
MXP,Joinville,Brasil,2023,6,1210.07,1211.3975,1210.4,2023-04-07 14:14:10
MXP,Perth,Austrália,2024,2,1210.21,1210.8100000000002,1210.21,2023-04-07 14:14:10
MXP,Qingdao,China,2023,7,1210.35,1212.5733333333333,1213.0,2023-04-07 14:14:10
MXP,Khasab,Omã,2023,8,1210.36,1303.0279999999998,1210.74,2023-04-07 14:14:10
MXP,Medan,Indonésia,2023,8,1211.0,1212.9460000000001,1211.66,2023-04-07 14:14:10
MXP,Busan,Coreia do Sul,2023,8,1211.58,2278.2165,1604.5349999999999,2023-04-07 14:14:10
MXP,Nosy Be,Madagáscar,2023,1,1212.05,1423.0033333333333,1528.48,2023-04-07 14:14:10
MXP,Penang,Malásia,2023,8,1212.51,1214.284,1214.46,2023-04-07 14:14:10
MXP,Surat Thani,Tailândia,2023,7,1212.56,1212.56,1212.56,2023-04-07 14:14:10
MXP,Oranjestad,Aruba,2023,12,1212.93,1879.3005555555558,1951.79,2023-04-07 14:14:10
MXP,Ilhéus,Brasil,2023,2,1213.79,1277.3683333333333,1263.64,2023-04-07 14:14:10
MXP,Cantão,China,2023,7,1215.42,1215.9675000000002,1216.15,2023-04-07 14:14:10
MXP,Jaipur,Índia,2023,2,1215.5,1217.3733333333332,1218.31,2023-04-07 14:14:10
MXP,Kalibo,Filipinas,2023,3,1215.66,1263.3455,1287.54,2023-04-07 14:14:10
MXP,Fukuoka,Japão,2023,2,1215.98,1279.978947368421,1223.0,2023-04-07 14:14:10
MXP,Changsha,China,2023,4,1215.98,1784.0163636363636,1223.58,2023-04-07 14:14:10
MXP,Port Moresby,Papua Nova Guiné,2023,5,1216.48,1218.3644444444444,1216.67,2023-04-07 14:14:10
MXP,Rayong,Tailândia,2023,7,1217.34,1224.9133333333332,1224.95,2023-04-07 14:14:10
MXP,Malatya,Turquia,2023,4,1217.71,1219.1,1219.295,2023-04-07 14:14:10
MXP,São Pedro,Cabo Verde,2023,2,1217.71,1411.3735714285715,1411.58,2023-04-07 14:14:10
MXP,Neom,Arábia Saudita,2023,2,1218.64,2000.8364705882354,2677.52,2023-04-07 14:14:10
MXP,Denver,Estados Unidos,2023,7,1218.67,1218.67,1218.67,2023-04-07 14:14:10
MXP,Sorong,Indonésia,2023,4,1218.71,1319.163,1329.525,2023-04-07 14:14:10
MXP,Minneapolis,Estados Unidos,2023,7,1219.54,1219.54,1219.54,2023-04-07 14:14:10
MXP,Eugene,Estados Unidos,2023,12,1219.85,1252.3975,1222.76,2023-04-07 14:14:10
MXP,Benim,Nigéria,2023,2,1220.37,2118.7000000000003,2313.71,2023-04-07 14:14:10
MXP,San José del Cabo,México,2023,6,1220.61,1348.1786666666667,1323.38,2023-04-07 14:14:10
MXP,Mont Lubin,Maurícia,2023,6,1221.62,1225.7355555555555,1224.69,2023-04-07 14:14:10
MXP,Taizhou,China,2023,5,1221.82,1227.735,1227.28,2023-04-07 14:14:10
MXP,Puerto Princesa,Filipinas,2023,7,1221.95,1230.2311111111112,1232.06,2023-04-07 14:14:10
MXP,Krabi,Tailândia,2024,1,1222.19,1222.19,1222.19,2023-04-07 14:14:10
MXP,Durango,Estados Unidos,2023,2,1222.21,1222.255,1222.255,2023-04-07 14:14:10
MXP,Rock Sound,Bahamas,2023,6,1222.73,1223.1733333333332,1222.76,2023-04-07 14:14:10
MXP,Fucheu,China,2023,4,1223.43,1368.5656666666666,1439.21,2023-04-07 14:14:10
MXP,Syracuse,Estados Unidos,2023,8,1223.43,1229.2481818181818,1230.49,2023-04-07 14:14:10
MXP,Panglao,Filipinas,2023,4,1223.45,1414.5981818181817,1433.97,2023-04-07 14:14:10
MXP,Juazeiro Do Norte,Brasil,2023,1,1223.47,1223.892,1223.47,2023-04-07 14:14:10
MXP,Pensacola,Estados Unidos,2023,3,1223.59,1229.2125,1229.21,2023-04-07 14:14:10
MXP,Peshawar,Paquistão,2023,8,1223.64,1225.60375,1225.31,2023-04-07 14:14:10
MXP,Stokmarknes,Noruega,2023,3,1224.36,1227.0949999999998,1228.49,2023-04-07 14:14:10
MXP,Saidpur,Bangladexe,2023,4,1224.82,1229.8542857142857,1230.63,2023-04-07 14:14:10
MXP,Inhambane,Moçambique,2023,3,1226.17,1230.27125,1229.745,2023-04-07 14:14:10
MXP,Hamilton,Bermudas,2023,7,1226.6,1721.738,1327.41,2023-04-07 14:14:10
MXP,San José,Costa Rica,2023,12,1226.7,1299.4942857142855,1274.79,2023-04-07 14:14:10
MXP,Natal,Brasil,2023,8,1226.73,1718.1054545454544,1672.73,2023-04-07 14:14:10
MXP,George Town,Bahamas,2023,8,1226.82,1663.7883333333332,1874.81,2023-04-07 14:14:10
MXP,Xian,China,2023,3,1227.56,1364.8053846153848,1232.72,2023-04-07 14:14:10
MXP,Tampico,México,2023,8,1228.0,1237.4963636363636,1238.87,2023-04-07 14:14:10
MXP,Saint John's,Antígua e Barbuda,2023,8,1228.95,1290.6825000000001,1242.44,2023-04-07 14:14:10
MXP,Boracay,Filipinas,2023,4,1229.0,1244.063076923077,1237.84,2023-04-07 14:14:10
MXP,Sapporo,Japão,2023,7,1229.47,1260.4825,1236.63,2023-04-07 14:14:10
MXP,Xian,China,2023,4,1230.05,1235.9122222222222,1235.7,2023-04-07 14:14:10
MXP,Puebla,México,2023,5,1231.11,1421.552222222222,1233.75,2023-04-07 14:14:10
MXP,Chetumal,México,2023,6,1231.36,1238.58375,1239.005,2023-04-07 14:14:10
MXP,Ilha de Páscoa,Chile,2024,2,1231.56,1231.6399999999999,1231.56,2023-04-07 14:14:10
MXP,San Luis Potosí,México,2023,7,1232.18,1232.18,1232.18,2023-04-07 14:14:10
MXP,Helena,Estados Unidos,2024,2,1232.8,1232.8,1232.8,2023-04-07 14:14:10
MXP,Xian,China,2023,2,1233.06,1269.8673684210526,1235.69,2023-04-07 14:14:10
MXP,Bacólod,Filipinas,2023,7,1234.25,1381.81,1381.81,2023-04-07 14:14:10
MXP,Kaohsiung,Taiwan,2023,7,1234.38,1234.38,1234.38,2023-04-07 14:14:10
MXP,Boracay,Filipinas,2023,6,1235.05,1236.965,1237.19,2023-04-07 14:14:10
MXP,Auckland,Nova Zelândia,2023,8,1235.17,1561.8727777777776,1668.16,2023-04-07 14:14:10
MXP,Belo Horizonte,Brasil,2023,7,1235.22,1236.15875,1236.16,2023-04-07 14:14:10
MXP,San Carlos DeBariloche,Argentina,2023,4,1236.47,1488.49125,1680.4699999999998,2023-04-07 14:14:10
MXP,Windhoek,Namíbia,2023,8,1236.66,1458.2927586206895,1423.56,2023-04-07 14:14:10
MXP,Vientiane,Laos,2023,8,1237.03,1454.5948148148148,1565.66,2023-04-07 14:14:10
MXP,Sanya,China,2023,2,1237.08,1358.315,1358.315,2023-04-07 14:14:10
MXP,Caxias Do Sul,Brasil,2023,4,1237.29,1239.1663636363637,1237.45,2023-04-07 14:14:10
MXP,Davao,Filipinas,2023,2,1237.65,1260.1072727272729,1240.29,2023-04-07 14:14:10
MXP,Taizhou,China,2023,4,1238.14,1315.0454545454545,1251.73,2023-04-07 14:14:10
MXP,Vitória,Brasil,2023,4,1238.76,1238.76,1238.76,2023-04-07 14:14:10
MXP,Gustávia,São Bartolomeu,2023,9,1239.76,1362.1372000000001,1340.61,2023-04-07 14:14:10
MXP,Kangerlussuaq,Gronelândia,2023,8,1241.0,1242.4755555555557,1242.66,2023-04-07 14:14:10
MXP,Chongqing,China,2023,10,1241.88,1242.8866666666665,1242.05,2023-04-07 14:14:10
MXP,Los Mochis,México,2023,5,1242.67,1248.2930000000001,1248.35,2023-04-07 14:14:10
MXP,Okinawa,Japão,2023,10,1242.81,1242.81,1242.81,2023-04-07 14:14:10
MXP,Porto Seguro,Brasil,2023,7,1242.91,1249.4645454545455,1252.18,2023-04-07 14:14:10
MXP,Kobe,Japão,2023,12,1243.15,1245.1033333333332,1246.08,2023-04-07 14:14:10
MXP,Fairbanks,Estados Unidos,2023,2,1243.47,1415.6357142857141,1243.86,2023-04-07 14:14:10
MXP,Gustávia,São Bartolomeu,2024,1,1243.72,1244.613,1243.89,2023-04-07 14:14:10
MXP,Huizhou,China,2023,4,1244.23,1249.44,1251.47,2023-04-07 14:14:10
MXP,Grande Caimão,Ilhas Cayman,2023,8,1244.24,1333.1000000000001,1244.24,2023-04-07 14:14:10
MXP,Koror,Palau,2024,1,1244.64,1246.9569999999999,1246.82,2023-04-07 14:14:10
MXP,Tirupati,Índia,2023,7,1245.15,1249.0522222222223,1246.68,2023-04-07 14:14:10
MXP,Bissau,Guiné-Bissau,2023,2,1245.28,1246.36625,1245.545,2023-04-07 14:14:10
MXP,Medan,Indonésia,2023,4,1245.49,1253.6860000000001,1259.065,2023-04-07 14:14:10
MXP,Santa Ana,Estados Unidos,2023,7,1246.48,1246.48,1246.48,2023-04-07 14:14:10
MXP,Manzanillo,México,2023,5,1246.56,1246.6933333333334,1246.76,2023-04-07 14:14:10
MXP,Melbourne,Austrália,2024,1,1247.36,1249.937,1249.3899999999999,2023-04-07 14:14:10
MXP,Penang,Malásia,2023,2,1247.55,1266.8792307692308,1249.22,2023-04-07 14:14:10
MXP,Busuanga,Filipinas,2023,9,1247.97,1337.393043478261,1362.28,2023-04-07 14:14:10
MXP,Brisbane,Austrália,2023,4,1248.14,1716.1450000000002,1715.37,2023-04-07 14:14:10
MXP,Wakkanai,Japão,2023,7,1249.21,1251.0588888888888,1249.25,2023-04-07 14:14:10
MXP,Willemstad,Curaçao,2023,7,1251.01,1359.206875,1253.9,2023-04-07 14:14:10
MXP,Kota Kinabalu,Malásia,2023,2,1252.57,1252.57,1252.57,2023-04-07 14:14:10
MXP,Coxen Hole,Honduras,2023,8,1252.69,1255.3880000000001,1255.38,2023-04-07 14:14:10
MXP,Tianjin,China,2023,5,1252.77,1258.895,1261.79,2023-04-07 14:14:10
MXP,Camberra,Austrália,2023,11,1252.98,1270.6175,1253.67,2023-04-07 14:14:10
MXP,Perth,Austrália,2023,8,1253.15,1410.5755555555556,1421.51,2023-04-07 14:14:10
MXP,Kunming,China,2023,3,1253.42,1254.7422222222222,1255.13,2023-04-07 14:14:10
MXP,Willemstad,Curaçao,2023,1,1254.16,1254.16,1254.16,2023-04-07 14:14:10
MXP,Blantyre,Malaui,2023,5,1254.47,1255.155,1254.47,2023-04-07 14:14:10
MXP,Kuching,Malásia,2023,5,1255.18,1255.18,1255.18,2023-04-07 14:14:10
MXP,Namibe,Angola,2023,3,1256.02,1256.02,1256.02,2023-04-07 14:14:10
MXP,Pucallpa,Perú,2023,2,1256.24,1257.538,1256.24,2023-04-07 14:14:10
MXP,Livingstone,Zâmbia,2023,8,1256.75,1258.3775,1257.5,2023-04-07 14:14:10
MXP,Montego Bay,Jamaica,2023,6,1257.14,1257.14,1257.14,2023-04-07 14:14:10
MXP,Puerto Escondido,México,2023,10,1257.38,1259.07,1259.97,2023-04-07 14:14:10
MXP,Hefei,China,2023,3,1257.88,1260.8266666666668,1262.12,2023-04-07 14:14:10
MXP,San Luis Potosí,México,2023,2,1258.2,1261.368181818182,1261.65,2023-04-07 14:14:10
MXP,Melbourne,Austrália,2024,2,1258.3,1258.3,1258.3,2023-04-07 14:14:10
MXP,Fucheu,China,2023,3,1258.54,1323.9492592592592,1333.97,2023-04-07 14:14:10
MXP,Joinville,Brasil,2023,12,1258.55,1258.55,1258.55,2023-04-07 14:14:10
MXP,Ambon,Indonésia,2023,3,1258.75,1261.421818181818,1261.71,2023-04-07 14:14:10
MXP,Santiago,Chile,2023,8,1259.27,2445.415,1454.57,2023-04-07 14:14:10
MXP,Brisbane,Austrália,2024,1,1259.68,1262.4457142857143,1262.89,2023-04-07 14:14:10
MXP,Tijuana,México,2023,8,1261.14,1268.2675,1268.96,2023-04-07 14:14:10
MXP,Surakarta,Indonésia,2023,6,1261.6,1264.26,1265.86,2023-04-07 14:14:10
MXP,Addu City,Maldivas,2023,8,1263.07,1268.2614285714285,1269.06,2023-04-07 14:14:10
MXP,Phu Quoc,Vietname,2023,4,1264.37,1275.999,1280.43,2023-04-07 14:14:10
MXP,Dalian,China,2023,4,1265.03,1270.083,1269.91,2023-04-07 14:14:10
MXP,Brisbane,Austrália,2023,11,1267.18,1272.56,1267.38,2023-04-07 14:14:10
MXP,Kralendijk,Países Baixos Caribenhos,2023,9,1268.21,1270.1499999999999,1269.76,2023-04-07 14:14:10
MXP,Sukhothai,Tailândia,2023,12,1270.12,1270.12,1270.12,2023-04-07 14:14:10
MXP,Papete,Polinésia Francesa,2023,5,1271.06,2280.8966666666665,1777.67,2023-04-07 14:14:10
MXP,Kalmar,Suécia,2023,6,1271.25,1272.2779999999998,1272.15,2023-04-07 14:14:10
MXP,Ndola,Zâmbia,2023,7,1272.03,1277.5763636363636,1277.17,2023-04-07 14:14:10
MXP,Ilhéus,Brasil,2023,4,1272.22,1272.22,1272.22,2023-04-07 14:14:10
MXP,Tirupati,Índia,2023,8,1273.33,1308.608888888889,1276.1,2023-04-07 14:14:10
MXP,San Andrés,Colômbia,2023,12,1273.43,1276.0433333333333,1276.37,2023-04-07 14:14:10
MXP,San Andrés,Colômbia,2023,4,1273.66,1274.124,1274.22,2023-04-07 14:14:10
MXP,Cochabamba,Bolívia,2023,3,1274.64,1424.111379310345,1347.54,2023-04-07 14:14:10
MXP,Hiroshima,Japão,2023,7,1274.67,6300.691724137931,1340.7,2023-04-07 14:14:10
MXP,Brisbane,Austrália,2023,10,1276.55,1291.576,1301.56,2023-04-07 14:14:10
MXP,Ilha de Páscoa,Chile,2023,11,1278.36,1850.6039285714287,1677.25,2023-04-07 14:14:10
MXP,Montevidéu,Uruguai,2023,8,1279.85,1341.6488235294116,1337.53,2023-04-07 14:14:10
MXP,Durango,México,2023,6,1280.45,1283.6357142857144,1284.24,2023-04-07 14:14:10
MXP,Cuzco,Perú,2023,6,1282.33,1287.136,1290.34,2023-04-07 14:14:10
MXP,Freeport,Bahamas,2023,5,1283.04,1391.3,1461.22,2023-04-07 14:14:10
MXP,Maun,Botsuana,2023,8,1286.67,1286.67,1286.67,2023-04-07 14:14:10
MXP,Butuan,Filipinas,2023,6,1287.55,1289.025,1289.235,2023-04-07 14:14:10
MXP,Santa Maria Huatulco,México,2023,3,1288.62,3473.622857142857,1290.86,2023-04-07 14:14:10
MXP,Pagadian,Filipinas,2023,7,1288.94,1595.00875,1690.26,2023-04-07 14:14:10
MXP,Qingdao,China,2023,5,1289.85,1295.002,1294.8249999999998,2023-04-07 14:14:10
MXP,Macau,Macau,2023,2,1289.99,1429.9633333333334,1303.0700000000002,2023-04-07 14:14:10
MXP,Xiamen,China,2023,11,1291.16,1292.69,1293.9,2023-04-07 14:14:10
MXP,Ketchikan,Estados Unidos,2023,2,1291.29,1291.7608333333335,1291.7,2023-04-07 14:14:10
MXP,Juneau,Estados Unidos,2023,2,1291.29,1291.7608333333335,1291.7,2023-04-07 14:14:10
MXP,Nuuk,Gronelândia,2023,3,1291.4,1291.4,1291.4,2023-04-07 14:14:10
MXP,Gustávia,São Bartolomeu,2023,3,1292.06,1525.4432352941176,1609.77,2023-04-07 14:14:10
MXP,Busuanga,Filipinas,2023,4,1292.85,1750.145945945946,1625.76,2023-04-07 14:14:10
MXP,Yinchuan,China,2023,2,1293.61,1295.2625,1295.82,2023-04-07 14:14:10
MXP,Haiphong,Vietname,2023,4,1294.76,1376.813125,1296.92,2023-04-07 14:14:10
MXP,Kingston,Jamaica,2023,7,1295.68,1506.5946153846153,1397.4,2023-04-07 14:14:10
MXP,La Paz,Bolívia,2023,2,1295.82,1820.4909677419355,1715.05,2023-04-07 14:14:10
MXP,Kuching,Malásia,2023,2,1297.28,1311.345,1309.29,2023-04-07 14:14:10
MXP,Sarasota,Estados Unidos,2023,7,1297.43,1313.2585714285717,1318.42,2023-04-07 14:14:10
MXP,Puerto Princesa,Filipinas,2023,8,1298.31,1298.31,1298.31,2023-04-07 14:14:10
MXP,Goiânia,Brasil,2023,6,1298.67,1301.471111111111,1301.49,2023-04-07 14:14:10
MXP,Roseau,Dominica,2023,2,1299.65,1368.9883333333335,1375.78,2023-04-07 14:14:10
MXP,Grand'Anse Praslin,Seicheles,2023,9,1300.5,1313.13,1319.84,2023-04-07 14:14:10
MXP,Tumbes,Perú,2023,5,1300.63,1308.7233333333334,1308.76,2023-04-07 14:14:10
MXP,Basseterre,São Cristóvão e Neves,2023,4,1300.72,1689.8842857142859,1870.43,2023-04-07 14:14:10
MXP,Baltra,Equador,2023,10,1301.64,1534.3656250000001,1535.0,2023-04-07 14:14:10
MXP,Boracay,Filipinas,2023,5,1301.67,3135.1558333333337,1304.36,2023-04-07 14:14:10
MXP,Rayong,Tailândia,2023,2,1302.33,1604.301111111111,1302.74,2023-04-07 14:14:10
MXP,Hulunbuir,China,2023,4,1302.45,1308.6422222222222,1308.71,2023-04-07 14:14:10
MXP,Tokushima,Japão,2023,7,1302.72,1302.72,1302.72,2023-04-07 14:14:10
MXP,Cochabamba,Bolívia,2023,2,1303.7,2150.283636363636,2007.16,2023-04-07 14:14:10
MXP,Boa Vista,Brasil,2023,10,1303.97,1303.97,1303.97,2023-04-07 14:14:10
MXP,Belo Horizonte,Brasil,2023,8,1304.29,1304.29,1304.29,2023-04-07 14:14:10
MXP,Tucson,Estados Unidos,2023,7,1304.85,1311.4336363636362,1312.85,2023-04-07 14:14:10
MXP,São Luís,Brasil,2023,5,1304.9,1305.9366666666667,1304.9,2023-04-07 14:14:10
MXP,Harbin,China,2024,1,1305.01,1307.4099999999999,1307.87,2023-04-07 14:14:10
MXP,Mendoza,Argentina,2023,4,1305.25,1791.393043478261,1422.62,2023-04-07 14:14:10
MXP,Manaus,Brasil,2023,8,1305.48,1362.1555,1360.4499999999998,2023-04-07 14:14:10
MXP,Huizhou,China,2023,3,1306.1,4445.083888888888,4438.055,2023-04-07 14:14:10
MXP,Sihanoukville,Cambodja,2023,7,1306.23,1308.78,1310.48,2023-04-07 14:14:10
MXP,Tokushima,Japão,2023,5,1306.7,1477.8213333333333,1557.83,2023-04-07 14:14:10
MXP,Perth,Austrália,2023,2,1307.85,2143.8931034482757,1981.97,2023-04-07 14:14:10
MXP,Kailua-Kona,Estados Unidos,2023,8,1308.07,1324.9683333333332,1308.24,2023-04-07 14:14:10
MXP,Hayden,Estados Unidos,2023,4,1308.2,1312.3619999999999,1311.375,2023-04-07 14:14:10
MXP,Taichung,Taiwan,2023,4,1309.61,1312.01,1312.47,2023-04-07 14:14:10
MXP,Durango,México,2023,4,1309.78,1309.78,1309.78,2023-04-07 14:14:10
MXP,Yantai,China,2023,4,1309.93,1311.4822222222222,1312.71,2023-04-07 14:14:10
MXP,Fernando de Noronha,Brasil,2023,8,1310.34,1315.0272727272727,1314.7,2023-04-07 14:14:10
MXP,Kralendijk,Países Baixos Caribenhos,2023,7,1310.95,1316.8877777777777,1316.75,2023-04-07 14:14:10
MXP,Lafayette,Estados Unidos,2023,6,1311.29,1313.315,1313.315,2023-04-07 14:14:10
MXP,Mont Lubin,Maurícia,2023,8,1311.76,1377.710588235294,1321.54,2023-04-07 14:14:10
MXP,Saskatoon,Canadá,2023,6,1311.92,1317.155,1316.975,2023-04-07 14:14:10
MXP,Balikpapan,Indonésia,2023,12,1314.39,1314.6,1314.6,2023-04-07 14:14:10
MXP,Siem Reap,Cambodja,2023,2,1314.76,1408.6893333333333,1403.36,2023-04-07 14:14:10
MXP,Tamuning,Guam,2023,11,1315.52,1327.6363636363637,1327.69,2023-04-07 14:14:10
MXP,Shenzhen,China,2023,2,1315.69,4439.745555555555,6039.1,2023-04-07 14:14:10
MXP,Iquique,Chile,2023,3,1315.76,1316.6599999999999,1316.6599999999999,2023-04-07 14:14:10
MXP,Ilha de Páscoa,Chile,2023,9,1316.27,2196.269333333333,1584.18,2023-04-07 14:14:10
MXP,Oral,Cazaquistão,2023,8,1316.28,1319.1425,1320.17,2023-04-07 14:14:10
MXP,Vitória,Brasil,2023,1,1316.89,1316.89,1316.89,2023-04-07 14:14:10
MXP,Jinhua,China,2023,3,1317.34,1327.5290909090909,1329.0,2023-04-07 14:14:10
MXP,Barreiras,Brasil,2023,3,1318.18,1321.0549999999998,1319.54,2023-04-07 14:14:10
MXP,Kuching,Malásia,2023,12,1319.53,1352.3116666666667,1370.8,2023-04-07 14:14:10
MXP,Palmas,Brasil,2023,8,1319.95,1329.5966666666668,1334.44,2023-04-07 14:14:10
MXP,Kailua-Kona,Estados Unidos,2023,12,1319.99,1319.99,1319.99,2023-04-07 14:14:10
MXP,Hoedspruit,África do Sul,2023,8,1320.02,1323.1699999999998,1324.31,2023-04-07 14:14:10
MXP,Akron,Estados Unidos,2023,3,1320.04,1320.04,1320.04,2023-04-07 14:14:10
MXP,Kupang,Indonésia,2023,3,1320.05,1322.6066666666666,1323.96,2023-04-07 14:14:10
MXP,Cozumel,México,2023,12,1320.13,1322.5657142857144,1323.7,2023-04-07 14:14:10
MXP,Iloilo City,Filipinas,2023,7,1321.63,1323.67,1323.67,2023-04-07 14:14:10
MXP,Freeport,Bahamas,2023,6,1322.06,1541.111,1499.9,2023-04-07 14:14:10
MXP,Melbourne,Estados Unidos,2023,8,1322.4,1322.4,1322.4,2023-04-07 14:14:10
MXP,Durango,México,2023,7,1322.57,1322.57,1322.57,2023-04-07 14:14:10
MXP,Londrina,Brasil,2023,4,1322.82,1322.82,1322.82,2023-04-07 14:14:10
MXP,Lamu,Quénia,2023,3,1323.06,1324.774,1325.87,2023-04-07 14:14:10
MXP,Nosy Be,Madagáscar,2023,7,1323.06,1523.0523529411764,1349.05,2023-04-07 14:14:10
MXP,Dalian,China,2023,2,1323.72,1331.524,1333.705,2023-04-07 14:14:10
MXP,Pagadian,Filipinas,2023,2,1324.1,1414.6757142857143,1330.94,2023-04-07 14:14:10
MXP,Juneau,Estados Unidos,2023,7,1324.63,1332.44,1334.625,2023-04-07 14:14:10
MXP,Grand-Case,São Martinho (Saint-Martin),2023,5,1324.79,1328.222,1329.08,2023-04-07 14:14:10
MXP,Papete,Polinésia Francesa,2023,4,1325.17,1832.3204166666667,1735.04,2023-04-07 14:14:10
MXP,La Paz,Bolívia,2023,4,1327.7,1634.8342857142857,1332.25,2023-04-07 14:14:10
MXP,Sydney,Austrália,2024,3,1328.92,1328.92,1328.92,2023-04-07 14:14:10
MXP,Providence,Estados Unidos,2023,5,1329.55,1354.2244444444445,1331.77,2023-04-07 14:14:10
MXP,Temuco,Chile,2023,5,1329.59,1331.3629999999998,1330.84,2023-04-07 14:14:10
MXP,Pagadian,Filipinas,2023,1,1329.94,1335.7728571428572,1332.23,2023-04-07 14:14:10
MXP,Grand-Case,São Martinho (Saint-Martin),2023,2,1330.31,1508.5757894736842,1333.44,2023-04-07 14:14:10
MXP,Bridgetown,Barbados,2023,8,1330.65,1659.3516666666667,1606.71,2023-04-07 14:14:10
MXP,Wilmington,Estados Unidos,2023,8,1330.65,1332.0522222222223,1332.46,2023-04-07 14:14:10
MXP,Assiut,Egito,2023,3,1331.03,1333.085,1333.085,2023-04-07 14:14:10
MXP,Pemba,Moçambique,2023,12,1331.57,1435.766,1442.55,2023-04-07 14:14:10
MXP,Haikou,China,2023,4,1332.19,1535.0754285714286,1574.96,2023-04-07 14:14:10
MXP,Tamuning,Guam,2023,4,1333.47,1714.8233333333335,1905.5,2023-04-07 14:14:10
MXP,Imperatriz,Brasil,2023,5,1335.07,1336.1333333333332,1335.07,2023-04-07 14:14:10
MXP,Melbourne,Austrália,2023,9,1335.28,1335.28,1335.28,2023-04-07 14:14:10
MXP,Auckland,Nova Zelândia,2023,4,1335.43,1977.926896551724,1846.705,2023-04-07 14:14:10
MXP,San Andrés,Colômbia,2023,8,1336.26,2058.0333333333333,1339.18,2023-04-07 14:14:10
MXP,Grande Caimão,Ilhas Cayman,2023,12,1336.9,1339.9908333333335,1338.16,2023-04-07 14:14:10
MXP,Cody,Estados Unidos,2023,2,1337.95,1341.558,1342.46,2023-04-07 14:14:10
MXP,Nanjing,China,2023,2,1338.06,1338.79,1338.79,2023-04-07 14:14:10
MXP,Gaborone,Botsuana,2023,12,1339.02,1341.4783333333332,1341.95,2023-04-07 14:14:10
MXP,Everett,Estados Unidos,2023,8,1339.22,1385.649411764706,1396.88,2023-04-07 14:14:10
MXP,Jeju,Coreia do Sul,2023,5,1339.32,1339.8844444444444,1339.5,2023-04-07 14:14:10
MXP,Langkawi,Malásia,2023,2,1341.63,1368.282380952381,1387.19,2023-04-07 14:14:10
MXP,Nelspruit,África do Sul,2023,8,1342.8,1343.5822222222223,1343.22,2023-04-07 14:14:10
MXP,Kobe,Japão,2023,8,1344.65,1362.3777777777777,1347.5,2023-04-07 14:14:10
MXP,Sihanoukville,Cambodja,2023,4,1345.48,1354.0310000000002,1354.7800000000002,2023-04-07 14:14:10
MXP,Nuuk,Gronelândia,2023,2,1347.29,1355.126,1353.81,2023-04-07 14:14:10
MXP,Nuuk,Gronelândia,2023,6,1349.13,2752.1633333333334,3449.62,2023-04-07 14:14:10
MXP,Porto Velho,Brasil,2023,3,1350.99,1516.385,1356.95,2023-04-07 14:14:10
MXP,Kasane,Botsuana,2023,4,1351.07,1361.1855555555555,1358.94,2023-04-07 14:14:10
MXP,Seattle,Estados Unidos,2023,7,1352.06,1352.3825,1352.49,2023-04-07 14:14:10
MXP,Brisbane,Austrália,2023,6,1352.33,1848.533076923077,1515.04,2023-04-07 14:14:10
MXP,Armênia,Colômbia,2023,3,1352.44,1352.44,1352.44,2023-04-07 14:14:10
MXP,Udon Thani,Tailândia,2023,2,1352.85,1355.66625,1355.13,2023-04-07 14:14:10
MXP,Kobe,Japão,2023,3,1353.37,1777.9348148148147,1801.49,2023-04-07 14:14:10
MXP,Adelaide,Austrália,2024,3,1355.13,1358.379090909091,1359.52,2023-04-07 14:14:10
MXP,Sorong,Indonésia,2023,8,1355.42,1360.9857142857143,1361.84,2023-04-07 14:14:10
MXP,Belém,Brasil,2023,8,1355.77,5101.92375,7956.43,2023-04-07 14:14:10
MXP,Sibu,Malásia,2023,8,1356.54,1362.077142857143,1366.23,2023-04-07 14:14:10
MXP,Nuuk,Gronelândia,2023,5,1356.57,1392.6033333333332,1362.58,2023-04-07 14:14:10
MXP,Nanjing,China,2023,6,1357.18,2008.495,2206.45,2023-04-07 14:14:10
MXP,Dundee,Reino Unido,2023,4,1357.48,1359.2977777777778,1359.24,2023-04-07 14:14:10
MXP,Monterey,Estados Unidos,2023,3,1358.0,1360.3491666666666,1361.49,2023-04-07 14:14:10
MXP,Nagua,República Dominicana,2023,12,1358.6,1360.9424999999999,1360.9699999999998,2023-04-07 14:14:10
MXP,Temuco,Chile,2023,2,1358.75,1360.2877777777778,1359.31,2023-04-07 14:14:10
MXP,Walvis Bay,Namíbia,2023,4,1359.08,1359.08,1359.08,2023-04-07 14:14:10
MXP,Ciudad del Carmen,México,2023,7,1361.31,1370.263,1376.1399999999999,2023-04-07 14:14:10
MXP,Macau,Macau,2023,4,1361.36,1362.9850000000001,1363.21,2023-04-07 14:14:10
MXP,Libéria,Costa Rica,2023,6,1361.41,1404.881666666667,1401.9250000000002,2023-04-07 14:14:10
MXP,Surat Thani,Tailândia,2023,2,1362.21,1362.26,1362.26,2023-04-07 14:14:10
MXP,Veracruz,México,2023,8,1362.87,1371.0900000000001,1371.39,2023-04-07 14:14:10
MXP,Nuuk,Gronelândia,2023,9,1363.56,1366.5266666666666,1367.85,2023-04-07 14:14:10
MXP,Adelaide,Austrália,2023,11,1364.14,1381.2619047619048,1389.02,2023-04-07 14:14:10
MXP,João Pessoa,Brasil,2023,7,1364.15,1365.588888888889,1366.01,2023-04-07 14:14:10
MXP,Surat Thani,Tailândia,2023,8,1365.06,1368.84,1368.8,2023-04-07 14:14:10
MXP,Changsha,China,2023,6,1365.24,1370.692,1370.505,2023-04-07 14:14:10
MXP,Armênia,Colômbia,2023,8,1365.6,1369.278888888889,1365.6,2023-04-07 14:14:10
MXP,Comayagua,Honduras,2023,12,1365.66,1373.7177777777777,1378.3,2023-04-07 14:14:10
MXP,Sendai,Japão,2023,1,1365.74,1365.74,1365.74,2023-04-07 14:14:10
MXP,Ilhéus,Brasil,2023,3,1365.81,1365.81,1365.81,2023-04-07 14:14:10
MXP,Cozumel,México,2023,8,1366.27,1725.002105263158,1684.845,2023-04-07 14:14:10
MXP,Bay City,Estados Unidos,2023,2,1366.29,1366.29,1366.29,2023-04-07 14:14:10
MXP,Paramaribo,Suriname,2023,2,1367.01,1368.0363636363636,1367.57,2023-04-07 14:14:10
MXP,Cancún,México,2023,7,1367.24,1367.24,1367.24,2023-04-07 14:14:10
MXP,Yellowknife,Canadá,2023,4,1370.5,1377.488,1380.42,2023-04-07 14:14:10
MXP,Haikou,China,2023,2,1370.68,1372.29,1372.29,2023-04-07 14:14:10
MXP,Port Moresby,Papua Nova Guiné,2023,2,1370.68,1371.625,1370.96,2023-04-07 14:14:10
MXP,Brisbane,Austrália,2023,5,1370.92,1921.0548275862068,1538.63,2023-04-07 14:14:10
MXP,Foz do Iguaçu,Brasil,2024,3,1371.34,1371.34,1371.34,2023-04-07 14:14:10
MXP,Atlantic City,Estados Unidos,2023,6,1371.5,1373.6333333333334,1371.68,2023-04-07 14:14:10
MXP,Córdova,Argentina,2023,2,1372.51,1582.614705882353,1375.44,2023-04-07 14:14:10
MXP,Saint-Denis,Ilha da Reunião,2023,12,1372.98,1372.9800000000002,1372.98,2023-04-07 14:14:10
MXP,Auckland,Nova Zelândia,2023,6,1373.26,1547.66125,1535.035,2023-04-07 14:14:10
MXP,Baltra,Equador,2023,1,1374.82,1374.82,1374.82,2023-04-07 14:14:10
MXP,Bandar Seri Begawan,Brunei,2023,8,1375.27,1375.2699999999998,1375.27,2023-04-07 14:14:10
MXP,Ilha de Páscoa,Chile,2023,10,1375.91,1376.4557142857143,1375.91,2023-04-07 14:14:10
MXP,San Miguel de Tucumán,Argentina,2023,5,1376.7,1378.273,1378.495,2023-04-07 14:14:10
MXP,Adelaide,Austrália,2023,3,1377.51,1653.6266666666668,1631.59,2023-04-07 14:14:10
MXP,Luang Prabang,Laos,2023,3,1378.59,1380.4344444444444,1380.37,2023-04-07 14:14:10
MXP,Shirahama,Japão,2023,10,1381.71,2220.8166666666666,1387.82,2023-04-07 14:14:10
MXP,Tokushima,Japão,2023,10,1381.71,2219.358333333333,1387.82,2023-04-07 14:14:10
MXP,Surabaia,Indonésia,2023,4,1382.2,1398.7620000000002,1386.94,2023-04-07 14:14:10
MXP,Zhangjiajie,China,2023,8,1382.71,1385.845,1387.27,2023-04-07 14:14:10
MXP,Busan,Coreia do Sul,2023,3,1383.2,2409.58,1389.9,2023-04-07 14:14:10
MXP,Khasab,Omã,2023,12,1383.21,1697.12,1923.91,2023-04-07 14:14:10
MXP,Ciudad del Carmen,México,2023,4,1383.52,1386.2150000000001,1386.78,2023-04-07 14:14:10
MXP,Haikou,China,2023,10,1384.11,1384.11,1384.11,2023-04-07 14:14:10
MXP,Querétaro,México,2023,3,1384.53,1386.758,1385.29,2023-04-07 14:14:10
MXP,Sihanoukville,Cambodja,2023,8,1386.16,1533.6875,1495.5,2023-04-07 14:14:10
MXP,Baltra,Equador,2023,3,1387.81,1541.9930555555557,1424.3,2023-04-07 14:14:10
MXP,Porto Alegre,Brasil,2024,1,1387.81,1390.3833333333334,1390.66,2023-04-07 14:14:10
MXP,Tamuning,Guam,2023,8,1387.95,1388.142,1388.19,2023-04-07 14:14:10
MXP,Kahului,Estados Unidos,2023,12,1391.4,1678.42,1746.99,2023-04-07 14:14:10
MXP,Sucre,Bolívia,2023,3,1392.01,1393.79,1392.01,2023-04-07 14:14:10
MXP,Acapulco,México,2023,1,1393.27,1393.27,1393.27,2023-04-07 14:14:10
MXP,Nan,Tailândia,2023,4,1393.48,1400.68,1403.56,2023-04-07 14:14:10
MXP,Port Blair,Índia,2024,2,1394.43,1396.295,1396.53,2023-04-07 14:14:10
MXP,Pendleton,Estados Unidos,2023,2,1394.53,1396.3141666666668,1396.92,2023-04-07 14:14:10
MXP,Santiago,Chile,2023,7,1396.97,1396.97,1396.97,2023-04-07 14:14:10
MXP,Mahajanga,Madagáscar,2023,6,1397.31,1397.31,1397.31,2023-04-07 14:14:10
MXP,Saint Thomas Island,Ilhas Virgens Americanas,2023,9,1397.37,1397.37,1397.37,2023-04-07 14:14:10
MXP,Cochabamba,Bolívia,2023,6,1399.08,1400.416,1399.08,2023-04-07 14:14:10
MXP,Veracruz,México,2023,7,1399.92,1406.718888888889,1410.04,2023-04-07 14:14:10
MXP,Okayama,Japão,2023,7,1399.99,1404.0049999999999,1404.55,2023-04-07 14:14:10
MXP,Chengdu,China,2023,2,1401.53,1403.41,1403.35,2023-04-07 14:14:10
MXP,Pamplona,Espanha,2023,8,1402.72,1404.5485714285714,1405.92,2023-04-07 14:14:10
MXP,Shenyang,China,2023,2,1403.03,1413.732,1413.33,2023-04-07 14:14:10
MXP,Changchun,China,2023,4,1403.41,1403.41,1403.41,2023-04-07 14:14:10
MXP,Pointe-à-Pitre,Guadalupe,2023,7,1404.98,1409.37,1409.37,2023-04-07 14:14:10
MXP,Puerto Montt,Chile,2023,3,1405.16,1405.16,1405.16,2023-04-07 14:14:10
MXP,Puebla,México,2023,3,1406.46,1583.7822222222221,1630.36,2023-04-07 14:14:10
MXP,Darwin,Austrália,2023,4,1408.27,1449.934705882353,1413.01,2023-04-07 14:14:10
MXP,Cuzco,Perú,2023,7,1408.54,1408.54,1408.54,2023-04-07 14:14:10
MXP,Blantyre,Malaui,2023,7,1408.89,1417.1566666666668,1415.89,2023-04-07 14:14:10
MXP,Simpson Bay,São Martinho (Sint Maarten),2023,12,1409.18,2098.4109523809525,1494.96,2023-04-07 14:14:10
MXP,Adelaide,Austrália,2023,5,1410.13,1532.9623529411765,1536.7,2023-04-07 14:14:10
MXP,João Pessoa,Brasil,2023,8,1410.41,1586.2135714285716,1630.93,2023-04-07 14:14:10
MXP,Kagoshima,Japão,2023,3,1410.77,1412.581111111111,1414.03,2023-04-07 14:14:10
MXP,Tawau,Malásia,2023,12,1411.38,1418.24375,1419.1,2023-04-07 14:14:10
MXP,Changsha,China,2023,5,1411.45,1411.45,1411.45,2023-04-07 14:14:10
MXP,Puebla,México,2023,8,1411.87,1929.9155172413793,1922.06,2023-04-07 14:14:10
MXP,Colombo,Sri Lanka,2023,12,1413.6,1413.5999999999997,1413.6,2023-04-07 14:14:10
MXP,Faisalabad,Paquistão,2023,4,1415.54,1422.8542857142857,1425.78,2023-04-07 14:14:10
MXP,Trujillo,Perú,2023,5,1415.6,1423.56,1422.46,2023-04-07 14:14:10
MXP,São José do Rio Preto,Brasil,2023,2,1415.63,1415.63,1415.63,2023-04-07 14:14:10
MXP,Jaipur,Índia,2023,8,1416.55,1635.3991666666668,1738.13,2023-04-07 14:14:10
MXP,Busuanga,Filipinas,2023,5,1417.19,1418.6555555555556,1417.96,2023-04-07 14:14:10
MXP,Puebla,México,2023,6,1419.2,1420.3977777777777,1420.54,2023-04-07 14:14:10
MXP,Boracay,Filipinas,2023,7,1420.19,1425.4850000000001,1427.25,2023-04-07 14:14:10
MXP,Valparaíso,Estados Unidos,2023,3,1421.21,1427.74125,1427.74,2023-04-07 14:14:10
MXP,Cataratas Vitória,Zimbábue,2023,8,1421.87,1744.0382608695652,1943.32,2023-04-07 14:14:10
MXP,Maun,Botsuana,2023,2,1422.97,1652.640625,1826.76,2023-04-07 14:14:10
MXP,Xiamen,China,2023,2,1426.74,1458.0700000000002,1465.955,2023-04-07 14:14:10
MXP,Auckland,Nova Zelândia,2023,7,1427.6,1427.6,1427.6,2023-04-07 14:14:10
MXP,Auckland,Nova Zelândia,2023,2,1428.16,1774.7545454545455,1717.47,2023-04-07 14:14:10
MXP,Porto Velho,Brasil,2023,8,1429.33,1439.7766666666666,1445.02,2023-04-07 14:14:10
MXP,Rochester,Estados Unidos,2023,1,1429.98,1429.98,1429.98,2023-04-07 14:14:10
MXP,Toyama,Japão,2023,8,1431.16,1431.16,1431.16,2023-04-07 14:14:10
MXP,Saint-Denis,Ilha da Reunião,2024,2,1431.61,1434.742857142857,1436.03,2023-04-07 14:14:10
MXP,Gustávia,São Bartolomeu,2023,2,1432.14,1432.14,1432.14,2023-04-07 14:14:10
MXP,Natal,Brasil,2023,1,1432.32,1432.32,1432.32,2023-04-07 14:14:10
MXP,Wuxi,China,2023,3,1433.85,1438.1027272727272,1440.2,2023-04-07 14:14:10
MXP,La Romana,República Dominicana,2023,8,1435.15,1773.0043333333333,1655.865,2023-04-07 14:14:10
MXP,Rio Branco,Brasil,2023,4,1436.03,1440.95,1440.68,2023-04-07 14:14:10
MXP,Cochabamba,Bolívia,2023,4,1436.68,1775.9206,1829.56,2023-04-07 14:14:10
MXP,Vail,Estados Unidos,2023,4,1436.89,1441.46,1440.375,2023-04-07 14:14:10
MXP,Grand'Anse Praslin,Seicheles,2024,1,1437.35,1439.0774999999999,1437.35,2023-04-07 14:14:10
MXP,Puebla,México,2023,2,1437.68,1446.1644444444444,1450.99,2023-04-07 14:14:10
MXP,Saint George.s,Granada,2023,8,1438.59,1570.7831578947369,1454.45,2023-04-07 14:14:10
MXP,Baltra,Equador,2023,4,1439.58,1737.7655813953488,1849.22,2023-04-07 14:14:10
MXP,Blantyre,Malaui,2023,8,1439.68,1446.9381818181819,1448.5,2023-04-07 14:14:10
MXP,Khasab,Omã,2023,7,1441.43,1441.43,1441.43,2023-04-07 14:14:10
MXP,Tiruchirapalli,Índia,2023,4,1442.42,1442.42,1442.42,2023-04-07 14:14:10
MXP,Hangzhou,China,2023,7,1444.09,1512.5830769230768,1540.83,2023-04-07 14:14:10
MXP,Fernando de Noronha,Brasil,2023,3,1444.29,1801.8463157894737,2118.06,2023-04-07 14:14:10
MXP,Lilongwe,Malaui,2023,4,1444.7,2007.466666666667,2288.76,2023-04-07 14:14:10
MXP,Pietermaritzburg,África do Sul,2023,4,1448.36,1450.4533333333334,1449.22,2023-04-07 14:14:10
MXP,Malé,Maldivas,2023,12,1448.91,1448.91,1448.91,2023-04-07 14:14:10
MXP,El Calafate,Argentina,2023,4,1451.07,1742.5666666666666,1801.26,2023-04-07 14:14:10
MXP,Scarborough,Trinidad e Tobago,2023,4,1453.0,1453.0,1453.0,2023-04-07 14:14:10
MXP,Wenzhou,China,2023,8,1453.36,1612.3218181818183,1646.59,2023-04-07 14:14:10
MXP,Paramaribo,Suriname,2023,3,1454.27,1483.1284615384614,1458.26,2023-04-07 14:14:10
MXP,Saint George.s,Granada,2023,1,1456.6,1458.868,1458.8,2023-04-07 14:14:10
MXP,Pagadian,Filipinas,2023,8,1456.87,2007.774117647059,1597.845,2023-04-07 14:14:10
MXP,Lanzhou,China,2023,2,1457.83,1459.674,1459.855,2023-04-07 14:14:10
MXP,Cochabamba,Bolívia,2024,1,1457.9,1461.0666666666668,1462.65,2023-04-07 14:14:10
MXP,Tamuning,Guam,2023,3,1457.98,1517.7229411764706,1463.58,2023-04-07 14:14:10
MXP,Busuanga,Filipinas,2023,6,1458.65,3908.629,4521.905,2023-04-07 14:14:10
MXP,Ipoh,Malásia,2023,3,1460.96,1466.1918181818182,1468.05,2023-04-07 14:14:10
MXP,Mérida,México,2023,7,1461.32,1988.0188235294117,2252.4,2023-04-07 14:14:10
MXP,Numêá,Nova Caledónia,2023,11,1461.5,1463.3722222222223,1464.0,2023-04-07 14:14:10
MXP,Tamuning,Guam,2023,5,1465.84,1471.1333333333334,1467.21,2023-04-07 14:14:10
MXP,Montrose,Estados Unidos,2023,5,1468.02,1468.02,1468.02,2023-04-07 14:14:10
MXP,Grand'Anse Praslin,Seicheles,2023,12,1468.58,1471.9741666666666,1469.96,2023-04-07 14:14:10
MXP,Basco,Filipinas,2023,3,1468.84,1471.7016666666666,1472.3,2023-04-07 14:14:10
MXP,Zhangjiajie,China,2023,10,1470.69,1478.2899999999997,1481.33,2023-04-07 14:14:10
MXP,Del Carmen,Filipinas,2024,1,1472.44,1472.6000000000001,1472.68,2023-04-07 14:14:10
MXP,Koror,Palau,2023,5,1472.89,1472.89,1472.89,2023-04-07 14:14:10
MXP,Zhuhai,China,2023,3,1473.76,6071.608888888889,6061.215,2023-04-07 14:14:10
MXP,Navegantes,Brasil,2023,12,1474.52,1481.2757142857142,1484.04,2023-04-07 14:14:10
MXP,Adelaide,Austrália,2023,9,1475.03,1498.493333333333,1475.84,2023-04-07 14:14:10
MXP,Arequipa,Perú,2023,9,1475.81,1477.8025,1476.815,2023-04-07 14:14:10
MXP,Cairns,Austrália,2023,12,1476.21,1685.8970967741934,1725.19,2023-04-07 14:14:10
MXP,Shirahama,Japão,2023,8,1477.61,1637.707777777778,1653.92,2023-04-07 14:14:10
MXP,Little Rock,Estados Unidos,2023,7,1478.42,1480.5577777777778,1479.3,2023-04-07 14:14:10
MXP,Nha Trang,Vietname,2023,2,1478.7,1485.143,1487.31,2023-04-07 14:14:10
MXP,Tijuana,México,2023,4,1479.21,1487.0154545454545,1490.25,2023-04-07 14:14:10
MXP,Puerto Princesa,Filipinas,2023,12,1479.55,1481.5322222222221,1481.47,2023-04-07 14:14:10
MXP,Fargo,Estados Unidos,2023,7,1481.64,1483.225,1483.2150000000001,2023-04-07 14:14:10
MXP,Numêá,Nova Caledónia,2023,9,1483.52,1550.095,1485.575,2023-04-07 14:14:10
MXP,Hat Yai,Tailândia,2023,12,1483.69,1492.9166666666667,1492.96,2023-04-07 14:14:10
MXP,Numêá,Nova Caledónia,2023,4,1483.78,2035.6246153846155,1945.8200000000002,2023-04-07 14:14:10
MXP,Dharavandhoo,Maldivas,2023,3,1485.36,1486.85375,1485.97,2023-04-07 14:14:10
MXP,Macau,Macau,2023,8,1492.35,1492.35,1492.35,2023-04-07 14:14:10
MXP,Lucknow,Índia,2023,2,1493.25,1536.4205263157894,1564.92,2023-04-07 14:14:10
MXP,Lhasa,China,2024,1,1494.53,1494.53,1494.53,2023-04-07 14:14:10
MXP,Atlantic City,Estados Unidos,2023,5,1496.01,1502.8045454545454,1506.78,2023-04-07 14:14:10
MXP,Papete,Polinésia Francesa,2023,3,1496.93,1540.1378571428572,1506.6100000000001,2023-04-07 14:14:10
MXP,Papete,Polinésia Francesa,2023,9,1497.31,1757.3146428571429,1778.165,2023-04-07 14:14:10
MXP,Rayong,Tailândia,2023,8,1498.92,1501.64625,1498.92,2023-04-07 14:14:10
MXP,The Valley,Anguila,2023,10,1499.03,1502.345,1502.345,2023-04-07 14:14:10
MXP,Punta Arenas,Chile,2023,5,1499.67,1505.854,1505.77,2023-04-07 14:14:10
MXP,Kralendijk,Países Baixos Caribenhos,2023,8,1500.58,1552.3422222222223,1554.835,2023-04-07 14:14:10
MXP,Basseterre,São Cristóvão e Neves,2023,7,1501.76,1501.856,1501.76,2023-04-07 14:14:10
MXP,Puerto Montt,Chile,2023,8,1504.62,1528.648888888889,1508.4,2023-04-07 14:14:10
MXP,Lihue,Estados Unidos,2023,12,1504.79,1504.79,1504.79,2023-04-07 14:14:10
MXP,Asahikawa,Japão,2023,8,1505.14,1521.209090909091,1519.07,2023-04-07 14:14:10
MXP,Papete,Polinésia Francesa,2023,2,1505.29,1537.2091304347825,1509.09,2023-04-07 14:14:10
MXP,Al Qurayyāt,Arábia Saudita,2023,8,1505.62,1511.1483333333333,1505.62,2023-04-07 14:14:10
MXP,Fernando de Noronha,Brasil,2023,4,1508.98,1516.94,1520.24,2023-04-07 14:14:10
MXP,Oranjestad,Aruba,2023,7,1509.93,1556.3425,1510.17,2023-04-07 14:14:10
MXP,Ilha de Páscoa,Chile,2023,7,1510.62,1743.6166666666668,1512.19,2023-04-07 14:14:10
MXP,Neom,Arábia Saudita,2023,4,1515.56,1515.56,1515.56,2023-04-07 14:14:10
MXP,Cozumel,México,2023,7,1516.75,1522.6911111111112,1522.88,2023-04-07 14:14:10
MXP,Redding,Estados Unidos,2023,8,1517.65,1521.2246153846152,1522.77,2023-04-07 14:14:10
MXP,Kuala Terengganu,Malásia,2023,8,1517.96,1519.876,1520.59,2023-04-07 14:14:10
MXP,Lanzhou,China,2023,3,1519.03,1729.2791666666665,1768.87,2023-04-07 14:14:10
MXP,Bangalore,Índia,2023,9,1521.63,1521.63,1521.63,2023-04-07 14:14:10
MXP,Chongqing,China,2023,9,1521.93,1521.962,1521.97,2023-04-07 14:14:10
MXP,Phitsanulok,Tailândia,2023,4,1522.17,1530.0342857142857,1533.18,2023-04-07 14:14:10
MXP,Ras Al Khaimah,Emirados Árabes Unidos,2023,2,1525.64,1526.1363636363637,1526.3,2023-04-07 14:14:10
MXP,Brisbane,Austrália,2023,2,1526.36,1933.1756249999999,1943.165,2023-04-07 14:14:10
MXP,Baltra,Equador,2023,2,1527.42,2175.6286666666665,2476.81,2023-04-07 14:14:10
MXP,Lhasa,China,2023,3,1527.44,1873.0475000000001,1531.44,2023-04-07 14:14:10
MXP,Cidade de Belize,Belize,2023,6,1528.78,1528.95625,1528.83,2023-04-07 14:14:10
MXP,Shirahama,Japão,2023,5,1530.76,1537.075,1536.99,2023-04-07 14:14:10
MXP,Montevidéu,Uruguai,2023,7,1532.31,1537.8077777777778,1535.56,2023-04-07 14:14:10
MXP,Del Carmen,Filipinas,2023,7,1532.92,2835.205,1563.925,2023-04-07 14:14:10
MXP,Dumaguete City,Filipinas,2023,7,1533.13,1535.495,1535.495,2023-04-07 14:14:10
MXP,Aguadilla,Porto Rico,2023,4,1535.91,1535.91,1535.91,2023-04-07 14:14:10
MXP,Ushuaia,Argentina,2023,3,1535.96,2657.6093333333333,3144.94,2023-04-07 14:14:10
MXP,Jogjacarta,Indonésia,2023,8,1538.73,1542.8755555555556,1538.73,2023-04-07 14:14:10
MXP,São Tomé,São Tomé e Príncipe,2023,7,1540.84,1570.9290476190477,1584.34,2023-04-07 14:14:10
MXP,Manizales,Colômbia,2023,4,1541.3,1541.3,1541.3,2023-04-07 14:14:10
MXP,Grand Junction,Estados Unidos,2023,8,1541.47,1547.9142857142856,1541.47,2023-04-07 14:14:10
MXP,Jaguaruna,Brasil,2023,4,1541.75,1546.8375,1546.75,2023-04-07 14:14:10
MXP,Labuan Bajo,Indonésia,2023,7,1542.73,1542.855,1542.855,2023-04-07 14:14:10
MXP,Komatsu,Japão,2023,8,1543.07,1543.07,1543.07,2023-04-07 14:14:10
MXP,Papete,Polinésia Francesa,2023,11,1543.72,1545.9966666666667,1543.72,2023-04-07 14:14:10
MXP,I Fadang,Marianas do Norte,2023,3,1545.15,1558.99,1561.86,2023-04-07 14:14:10
MXP,Rosario,Argentina,2023,1,1546.55,1547.88,1547.88,2023-04-07 14:14:10
MXP,Ketchikan,Estados Unidos,2023,8,1547.07,1622.21,1634.09,2023-04-07 14:14:10
MXP,Aguadilla,Porto Rico,2023,8,1548.38,1550.46,1550.39,2023-04-07 14:14:10
MXP,Iloilo City,Filipinas,2023,2,1549.73,1550.15875,1550.22,2023-04-07 14:14:10
MXP,Port Moresby,Papua Nova Guiné,2023,3,1550.72,1636.7541379310346,1589.66,2023-04-07 14:14:10
MXP,Jogjacarta,Indonésia,2023,9,1551.67,1554.5,1556.71,2023-04-07 14:14:10
MXP,Cochabamba,Bolívia,2023,8,1552.23,1832.452,1555.62,2023-04-07 14:14:10
MXP,Caiena,Guiana Francesa,2023,8,1552.58,1728.195,1774.79,2023-04-07 14:14:10
MXP,Nuuk,Gronelândia,2023,7,1553.38,1601.0027272727275,1556.92,2023-04-07 14:14:10
MXP,Coolangatta,Austrália,2023,5,1553.97,1555.03,1555.03,2023-04-07 14:14:10
MXP,Shirahama,Japão,2023,7,1555.23,1555.23,1555.23,2023-04-07 14:14:10
MXP,Porto Seguro,Brasil,2023,12,1559.22,1564.36375,1564.28,2023-04-07 14:14:10
MXP,Nadi,Fiji,2023,2,1566.93,2044.5883333333334,1884.45,2023-04-07 14:14:10
MXP,Camberra,Austrália,2023,2,1568.52,2079.719090909091,2351.15,2023-04-07 14:14:10
MXP,Camberra,Austrália,2023,9,1570.13,1574.165,1575.51,2023-04-07 14:14:10
MXP,Piura,Perú,2023,7,1570.76,1576.3483333333334,1575.98,2023-04-07 14:14:10
MXP,Mendoza,Argentina,2023,6,1570.89,1571.4833333333333,1571.38,2023-04-07 14:14:10
MXP,Nadi,Fiji,2023,9,1571.62,1736.4299999999998,1630.72,2023-04-07 14:14:10
MXP,San Salvador de Jujuy,Argentina,2023,3,1573.69,1577.6014285714284,1578.34,2023-04-07 14:14:10
MXP,Tarapoto,Perú,2023,3,1575.84,1575.84,1575.84,2023-04-07 14:14:10
MXP,Tokushima,Japão,2023,8,1576.17,1576.17,1576.17,2023-04-07 14:14:10
MXP,Elko,Estados Unidos,2023,2,1576.31,1582.6083333333333,1582.68,2023-04-07 14:14:10
MXP,Ciudad Obregón,México,2023,4,1578.24,1586.284,1589.66,2023-04-07 14:14:10
MXP,Shijiazhuang,China,2023,4,1578.24,1588.618,1595.4299999999998,2023-04-07 14:14:10
MXP,Malabo,Guiné Equatorial,2023,12,1582.21,1587.6277777777777,1587.33,2023-04-07 14:14:10
MXP,Bridgetown,Barbados,2023,12,1582.9,1786.268,1808.575,2023-04-07 14:14:10
MXP,Jogjacarta,Indonésia,2023,5,1584.66,1591.94125,1591.94,2023-04-07 14:14:10
MXP,Querétaro,México,2023,4,1584.67,1590.49,1584.67,2023-04-07 14:14:10
MXP,Qionghai,China,2023,3,1585.62,1592.9940000000001,1593.6950000000002,2023-04-07 14:14:10
MXP,Adelaide,Austrália,2023,4,1587.8,2144.0857142857144,2170.15,2023-04-07 14:14:10
MXP,Qionghai,China,2023,4,1588.12,4463.58,5319.45,2023-04-07 14:14:10
MXP,I Fadang,Marianas do Norte,2023,5,1588.59,1715.5528571428572,1738.63,2023-04-07 14:14:10
MXP,Dalat,Vietname,2023,2,1590.83,1597.7649999999999,1600.1,2023-04-07 14:14:10
MXP,Blenheim,Nova Zelândia,2023,9,1591.11,1668.87,1727.53,2023-04-07 14:14:10
MXP,Sihanoukville,Cambodja,2023,2,1592.12,1594.831111111111,1594.3,2023-04-07 14:14:10
MXP,Auckland,Nova Zelândia,2023,3,1594.43,3875.1066666666666,1947.09,2023-04-07 14:14:10
MXP,Medellín,Colômbia,2023,7,1596.62,1596.62,1596.62,2023-04-07 14:14:10
MXP,Neuquén,Argentina,2023,5,1598.44,1601.6145454545454,1600.1,2023-04-07 14:14:10
MXP,San Miguel de Tucumán,Argentina,2023,4,1598.55,1836.1185185185186,1774.98,2023-04-07 14:14:10
MXP,Libéria,Costa Rica,2023,12,1599.18,1709.1,1747.64,2023-04-07 14:14:10
MXP,Lhasa,China,2023,4,1600.16,1617.9309523809525,1612.35,2023-04-07 14:14:10
MXP,Córdova,Argentina,2023,7,1600.5,1604.8133333333335,1606.97,2023-04-07 14:14:10
MXP,Kuching,Malásia,2023,8,1606.45,1627.1545454545455,1627.55,2023-04-07 14:14:10
MXP,Eugene,Estados Unidos,2023,7,1606.52,1615.60375,1616.49,2023-04-07 14:14:10
MXP,San Carlos DeBariloche,Argentina,2023,8,1617.7,1621.63,1621.22,2023-04-07 14:14:10
MXP,Antofagasta,Chile,2023,3,1617.81,1621.475,1623.1399999999999,2023-04-07 14:14:10
MXP,Yanbu,Arábia Saudita,2023,3,1619.47,1623.105,1623.82,2023-04-07 14:14:10
MXP,Ouarzazate,Marrocos,2024,1,1620.39,1620.39,1620.39,2023-04-07 14:14:10
MXP,Jeju,Coreia do Sul,2023,8,1621.29,1712.8470588235296,1779.2,2023-04-07 14:14:10
MXP,Port Elizabeth,África do Sul,2023,8,1623.39,1628.17375,1628.73,2023-04-07 14:14:10
MXP,Cuzco,Perú,2023,8,1626.2,1634.7827272727272,1638.34,2023-04-07 14:14:10
MXP,San Cristobal,Equador,2023,4,1627.22,3286.8881818181817,4219.21,2023-04-07 14:14:10
MXP,Nadi,Fiji,2023,10,1631.15,1840.7344736842106,1818.39,2023-04-07 14:14:10
MXP,Lilongwe,Malaui,2023,8,1637.65,1638.381111111111,1638.33,2023-04-07 14:14:10
MXP,Vinh City,Vietname,2023,4,1637.91,1637.91,1637.91,2023-04-07 14:14:10
MXP,Roxas City,Filipinas,2023,7,1638.41,1640.935,1640.935,2023-04-07 14:14:10
MXP,Cali,Colômbia,2023,6,1638.9,3101.690714285714,1672.47,2023-04-07 14:14:10
MXP,Del Carmen,Filipinas,2023,2,1640.89,1640.89,1640.89,2023-04-07 14:14:10
MXP,Shijiazhuang,China,2023,3,1642.17,1644.7,1644.7,2023-04-07 14:14:10
MXP,Ulã Bator,Mongólia,2023,1,1647.51,1647.51,1647.51,2023-04-07 14:14:10
MXP,El Calafate,Argentina,2023,3,1649.62,2135.057777777778,1863.08,2023-04-07 14:14:10
MXP,Baltra,Equador,2023,5,1650.45,1656.872,1652.7649999999999,2023-04-07 14:14:10
MXP,Adelaide,Austrália,2023,6,1652.23,1658.9144444444444,1655.64,2023-04-07 14:14:10
MXP,Tepic,México,2023,4,1652.38,1655.006666666667,1656.32,2023-04-07 14:14:10
MXP,Port Moresby,Papua Nova Guiné,2023,4,1652.69,1862.1436842105265,2032.42,2023-04-07 14:14:10
MXP,Sanya,China,2023,10,1652.82,1652.82,1652.82,2023-04-07 14:14:10
MXP,Baltra,Equador,2023,6,1653.75,1690.33,1661.97,2023-04-07 14:14:10
MXP,Wellington,Nova Zelândia,2023,8,1654.49,1657.5041666666666,1656.21,2023-04-07 14:14:10
MXP,Roxas City,Filipinas,2023,2,1657.34,1657.7949999999998,1657.86,2023-04-07 14:14:10
MXP,Brisbane,Austrália,2023,8,1660.29,1961.01875,1933.14,2023-04-07 14:14:10
MXP,Nadi,Fiji,2023,3,1666.15,2209.012307692308,1872.05,2023-04-07 14:14:10
MXP,Tawau,Malásia,2023,2,1667.41,1677.239,1679.985,2023-04-07 14:14:10
MXP,San José del Cabo,México,2023,12,1668.18,1852.8241666666665,1914.92,2023-04-07 14:14:10
MXP,Yellowknife,Canadá,2023,2,1671.6,1672.7549999999999,1671.945,2023-04-07 14:14:10
MXP,International Falls,Estados Unidos,2023,1,1672.52,1672.75,1672.52,2023-04-07 14:14:10
MXP,Johor Bahru,Malásia,2023,2,1676.86,1680.35,1679.69,2023-04-07 14:14:10
MXP,Ciudad del Carmen,México,2023,5,1677.73,1679.7369999999999,1680.02,2023-04-07 14:14:10
MXP,Papete,Polinésia Francesa,2023,1,1678.14,1678.495,1678.495,2023-04-07 14:14:10
MXP,Formosa,Argentina,2023,3,1682.91,1688.5325,1687.81,2023-04-07 14:14:10
MXP,Papete,Polinésia Francesa,2023,8,1686.06,2597.4225,2887.52,2023-04-07 14:14:10
MXP,Gustávia,São Bartolomeu,2023,4,1689.46,1745.4150000000002,1707.865,2023-04-07 14:14:10
MXP,Rotorua,Nova Zelândia,2023,10,1690.79,1692.1685714285716,1690.79,2023-04-07 14:14:10
MXP,Auckland,Nova Zelândia,2023,12,1691.33,3115.7219999999998,2082.29,2023-04-07 14:14:10
MXP,Manado,Indonésia,2023,2,1692.69,1696.2125,1695.545,2023-04-07 14:14:10
MXP,Camberra,Austrália,2023,5,1694.37,1695.64,1694.48,2023-04-07 14:14:10
MXP,Cali,Colômbia,2023,7,1694.92,1694.92,1694.92,2023-04-07 14:14:10
MXP,Cochabamba,Bolívia,2023,7,1695.12,1705.6666666666667,1705.72,2023-04-07 14:14:10
MXP,San Miguel de Tucumán,Argentina,2023,3,1699.36,1701.8754545454542,1702.31,2023-04-07 14:14:10
MXP,Angeles City,Filipinas,2023,12,1701.41,1709.6166666666668,1713.72,2023-04-07 14:14:10
MXP,Brisbane,Austrália,2023,7,1702.93,1930.67625,1928.53,2023-04-07 14:14:10
MXP,Ushuaia,Argentina,2023,8,1703.97,3955.8827906976744,2340.05,2023-04-07 14:14:10
MXP,Port Elizabeth,África do Sul,2023,3,1712.67,1716.51125,1717.03,2023-04-07 14:14:10
MXP,Tijuana,México,2024,1,1714.25,1714.25,1714.25,2023-04-07 14:14:10
MXP,Papete,Polinésia Francesa,2024,1,1717.3,1719.35,1719.35,2023-04-07 14:14:10
MXP,Lhasa,China,2023,9,1720.15,1722.4575,1722.26,2023-04-07 14:14:10
MXP,Punta Arenas,Chile,2023,4,1721.63,1738.4545454545455,1740.25,2023-04-07 14:14:10
MXP,Brisbane,Austrália,2023,12,1723.57,3711.582727272727,1724.59,2023-04-07 14:14:10
MXP,Puebla,México,2023,7,1724.39,1731.872,1736.86,2023-04-07 14:14:10
MXP,Loreto,México,2023,4,1726.21,1730.4922222222222,1732.03,2023-04-07 14:14:10
MXP,Cayman Brac,Ilhas Cayman,2023,11,1727.31,2407.6583333333333,2745.93,2023-04-07 14:14:10
MXP,Papete,Polinésia Francesa,2023,6,1727.49,3745.447142857143,1731.1950000000002,2023-04-07 14:14:10
MXP,Nadi,Fiji,2024,1,1729.37,1809.8708333333334,1733.13,2023-04-07 14:14:10
MXP,San Cristobal,Equador,2024,3,1734.59,1736.846,1734.59,2023-04-07 14:14:10
MXP,Grand-Case,São Martinho (Saint-Martin),2023,4,1738.22,1742.3700000000001,1742.915,2023-04-07 14:14:10
MXP,Coolangatta,Austrália,2023,4,1738.5,1928.2777419354838,1991.36,2023-04-07 14:14:10
MXP,Queenstown,Nova Zelândia,2023,9,1742.24,1744.3963636363637,1745.22,2023-04-07 14:14:10
MXP,Papete,Polinésia Francesa,2023,12,1746.11,1746.11,1746.11,2023-04-07 14:14:10
MXP,Wellington,Nova Zelândia,2023,5,1749.07,1759.2205263157896,1759.28,2023-04-07 14:14:10
MXP,San Carlos DeBariloche,Argentina,2023,3,1751.4,1757.6283333333333,1757.22,2023-04-07 14:14:10
MXP,Jogjacarta,Indonésia,2023,3,1753.7,1761.11125,1765.55,2023-04-07 14:14:10
MXP,Sanya,China,2023,7,1754.59,1763.8427272727274,1767.68,2023-04-07 14:14:10
MXP,Baltra,Equador,2024,3,1757.57,1759.8579999999997,1757.57,2023-04-07 14:14:10
MXP,Numêá,Nova Caledónia,2023,5,1761.15,1934.66125,2026.38,2023-04-07 14:14:10
MXP,Nha Trang,Vietname,2023,8,1763.94,1765.3433333333335,1763.94,2023-04-07 14:14:10
MXP,São Luís,Brasil,2023,3,1766.48,1769.971,1769.295,2023-04-07 14:14:10
MXP,Camberra,Austrália,2023,4,1771.36,1801.0216666666665,1777.12,2023-04-07 14:14:10
MXP,Moroni,Comores,2023,8,1773.47,1777.77375,1777.32,2023-04-07 14:14:10
MXP,Papete,Polinésia Francesa,2023,7,1777.6,1879.6375,1777.8249999999998,2023-04-07 14:14:10
MXP,Papete,Polinésia Francesa,2023,10,1778.22,1778.22,1778.22,2023-04-07 14:14:10
MXP,Basseterre,São Cristóvão e Neves,2023,8,1779.94,1781.0675,1779.995,2023-04-07 14:14:10
MXP,Lhasa,China,2023,2,1783.82,2029.8046666666667,2088.99,2023-04-07 14:14:10
MXP,Adelaide,Austrália,2023,2,1784.04,1927.8949999999998,1784.1100000000001,2023-04-07 14:14:10
MXP,Sapporo,Japão,2023,4,1788.43,2427.11,2014.01,2023-04-07 14:14:10
MXP,Saba Island,Países Baixos Caribenhos,2023,8,1788.86,1791.9527272727273,1791.94,2023-04-07 14:14:10
MXP,Numêá,Nova Caledónia,2023,3,1792.77,2221.422941176471,1972.15,2023-04-07 14:14:10
MXP,Nadi,Fiji,2023,11,1793.2,1793.2,1793.2,2023-04-07 14:14:10
MXP,Whitehorse,Canadá,2023,4,1793.33,1805.123,1812.865,2023-04-07 14:14:10
MXP,Port Moresby,Papua Nova Guiné,2023,8,1798.78,2137.9683333333332,1876.83,2023-04-07 14:14:10
MXP,Antsiranana,Madagáscar,2023,4,1801.79,1801.79,1801.79,2023-04-07 14:14:10
MXP,Bayingol,China,2023,6,1805.88,1807.946,1808.24,2023-04-07 14:14:10
MXP,Harbin,China,2023,2,1807.68,1830.14,1832.84,2023-04-07 14:14:10
MXP,Apia,Samoa,2023,10,1811.85,1823.7877777777778,1825.57,2023-04-07 14:14:10
MXP,Nantong,China,2023,2,1813.8,1815.2233333333334,1813.8,2023-04-07 14:14:10
MXP,Tetuão,Marrocos,2023,10,1818.39,1818.39,1818.39,2023-04-07 14:14:10
MXP,La Paz,Bolívia,2023,8,1819.76,1821.098,1821.99,2023-04-07 14:14:10
MXP,Camberra,Austrália,2023,6,1821.84,1829.3228571428572,1830.47,2023-04-07 14:14:10
MXP,Labuan Bajo,Indonésia,2023,8,1822.04,1986.2420833333333,1836.1,2023-04-07 14:14:10
MXP,Porto de Espanha,Trinidad e Tobago,2023,7,1826.22,1826.22,1826.22,2023-04-07 14:14:10
MXP,Coolangatta,Austrália,2023,3,1826.89,1836.3975,1832.9050000000002,2023-04-07 14:14:10
MXP,San Cristobal,Equador,2023,5,1833.33,1857.0093333333332,1847.53,2023-04-07 14:14:10
MXP,Cairns,Austrália,2023,4,1834.0,1839.7673333333332,1837.79,2023-04-07 14:14:10
MXP,Punta del Este,Uruguai,2023,2,1834.66,1845.359090909091,1847.07,2023-04-07 14:14:10
MXP,Maroochydore,Austrália,2023,3,1834.84,1834.84,1834.84,2023-04-07 14:14:10
MXP,Ningbo,China,2023,5,1837.5,1839.9622222222222,1839.88,2023-04-07 14:14:10
MXP,Calama,Chile,2023,10,1838.63,1846.1814285714286,1847.34,2023-04-07 14:14:10
MXP,San Cristobal,Equador,2023,3,1838.71,2144.6983999999998,2028.17,2023-04-07 14:14:10
MXP,Jackson,Estados Unidos,2023,7,1843.55,1845.4611111111112,1844.56,2023-04-07 14:14:10
MXP,Moroni,Comores,2024,1,1843.79,1848.5390909090909,1848.7,2023-04-07 14:14:10
MXP,Nadi,Fiji,2023,8,1844.97,2293.726060606061,2322.3,2023-04-07 14:14:10
MXP,El Calafate,Argentina,2023,2,1849.58,1915.082142857143,1852.145,2023-04-07 14:14:10
MXP,Suva,Fiji,2023,8,1849.81,3228.3052000000002,3121.53,2023-04-07 14:14:10
MXP,Jeju,Coreia do Sul,2023,2,1852.75,1856.1483333333333,1856.8,2023-04-07 14:14:10
MXP,Toledo,Estados Unidos,2023,6,1857.04,1876.8672727272728,1874.23,2023-04-07 14:14:10
MXP,Puerto Iguazú,Argentina,2023,2,1866.02,2443.431666666667,1875.66,2023-04-07 14:14:10
MXP,Nadi,Fiji,2023,7,1867.36,2090.8009523809524,2215.35,2023-04-07 14:14:10
MXP,Darwin,Austrália,2023,7,1870.21,1873.6416666666667,1874.3,2023-04-07 14:14:10
MXP,Ningbo,China,2023,4,1875.23,1878.725,1878.52,2023-04-07 14:14:10
MXP,La Paz,Bolívia,2023,6,1880.41,1880.4925,1880.41,2023-04-07 14:14:10
MXP,Harbin,China,2023,3,1881.29,1881.29,1881.29,2023-04-07 14:14:10
MXP,Cabo Frio,Brasil,2023,5,1882.45,1882.45,1882.45,2023-04-07 14:14:10
MXP,Trujillo,Perú,2023,4,1885.56,1885.56,1885.56,2023-04-07 14:14:10
MXP,Darwin,Austrália,2023,10,1886.35,1890.562,1892.71,2023-04-07 14:14:10
MXP,Townsville,Austrália,2023,5,1888.94,1896.3036363636363,1899.93,2023-04-07 14:14:10
MXP,Zhanjiang,China,2023,1,1895.94,1899.4216666666664,1900.09,2023-04-07 14:14:10
MXP,Andenes,Noruega,2023,3,1896.53,1897.9522222222222,1896.65,2023-04-07 14:14:10
MXP,Donegal,Irlanda,2023,3,1897.53,1905.8275,1905.92,2023-04-07 14:14:10
MXP,Adelaide,Austrália,2023,7,1900.14,1902.8933333333334,1904.27,2023-04-07 14:14:10
MXP,Hobart,Austrália,2023,9,1901.13,1908.3225,1908.3,2023-04-07 14:14:10
MXP,Wellington,Nova Zelândia,2023,3,1903.65,1903.6500000000003,1903.65,2023-04-07 14:14:10
MXP,Nantong,China,2023,5,1907.26,1909.8155555555556,1909.73,2023-04-07 14:14:10
MXP,Ottawa,Canadá,2023,10,1907.28,1907.28,1907.28,2023-04-07 14:14:10
MXP,Broome,Austrália,2023,9,1907.38,1909.625,1909.625,2023-04-07 14:14:10
MXP,Darwin,Austrália,2023,3,1907.73,1911.5700000000002,1912.97,2023-04-07 14:14:10
MXP,Queenstown,Nova Zelândia,2023,7,1908.2,2119.7063636363637,2113.695,2023-04-07 14:14:10
MXP,Mobile,Estados Unidos,2023,8,1915.64,1918.238888888889,1920.15,2023-04-07 14:14:10
MXP,San José,Costa Rica,2023,7,1919.48,2021.52,2055.425,2023-04-07 14:14:10
MXP,Porto Velho,Brasil,2023,5,1921.2,1927.2,1927.2,2023-04-07 14:14:10
MXP,Ushuaia,Argentina,2023,1,1925.35,1925.35,1925.35,2023-04-07 14:14:10
MXP,Cairns,Austrália,2023,3,1934.86,1939.56125,1939.07,2023-04-07 14:14:10
MXP,Sinop,Brasil,2023,2,1936.63,1941.1644444444444,1943.16,2023-04-07 14:14:10
MXP,Osorno,Chile,2023,3,1942.47,1946.9099999999999,1947.42,2023-04-07 14:14:10
MXP,Nadi,Fiji,2023,5,1942.61,2093.81,2167.71,2023-04-07 14:14:10
MXP,Baltra,Equador,2023,7,1945.0,2189.2248148148146,2061.4,2023-04-07 14:14:10
MXP,Phu Quoc,Vietname,2023,8,1948.1,1957.3544444444442,1957.46,2023-04-07 14:14:10
MXP,Cairns,Austrália,2023,5,1952.34,1952.51,1952.51,2023-04-07 14:14:10
MXP,Adelaide,Austrália,2023,8,1957.1,1963.139,1966.38,2023-04-07 14:14:10
MXP,Cidade de Ho Chi Minh,Vietname,2023,12,1958.23,1958.23,1958.23,2023-04-07 14:14:10
MXP,Nadi,Fiji,2023,4,1960.98,2199.9804166666668,2257.16,2023-04-07 14:14:10
MXP,Christchurch,Nova Zelândia,2023,7,1970.73,1971.3763636363635,1971.59,2023-04-07 14:14:10
MXP,Nadi,Fiji,2023,6,1971.5,2335.7281081081082,2377.23,2023-04-07 14:14:10
MXP,Bandar Seri Begawan,Brunei,2023,2,1972.82,1984.4450000000002,1987.695,2023-04-07 14:14:10
MXP,Kralendijk,Países Baixos Caribenhos,2023,12,1978.11,1983.0581818181818,1983.37,2023-04-07 14:14:10
MXP,Hobart,Austrália,2023,2,1978.94,2048.1133333333332,2070.56,2023-04-07 14:14:10
MXP,Nosy Be,Madagáscar,2023,2,1985.58,1985.58,1985.58,2023-04-07 14:14:10
MXP,Gustávia,São Bartolomeu,2023,12,1996.56,2027.8226315789473,2010.04,2023-04-07 14:14:10
MXP,Basseterre,São Cristóvão e Neves,2023,3,2000.3,2003.385,2003.385,2023-04-07 14:14:10
MXP,Wellington,Nova Zelândia,2023,4,2000.87,2089.273181818182,2012.41,2023-04-07 14:14:10
MXP,Rarotonga,Ilhas Cook,2023,9,2001.02,2091.4944444444445,2098.81,2023-04-07 14:14:10
MXP,Bydgoszcz,Polónia,2023,8,2003.3,2007.416,2010.16,2023-04-07 14:14:10
MXP,Christchurch,Nova Zelândia,2023,4,2006.12,2144.487391304348,2201.99,2023-04-07 14:14:10
MXP,Newcastle,Austrália,2023,9,2009.65,2101.014117647059,2120.73,2023-04-07 14:14:10
MXP,Apia,Samoa,2023,9,2023.87,2035.7949999999996,2039.13,2023-04-07 14:14:10
MXP,Vieques,Porto Rico,2023,6,2023.9,2024.8022222222223,2024.74,2023-04-07 14:14:10
MXP,Bonito,Brasil,2023,2,2032.72,2032.795,2032.795,2023-04-07 14:14:10
MXP,Vancouver,Canadá,2023,12,2043.4,2043.4,2043.4,2023-04-07 14:14:10
MXP,Georgetown,Guiana,2023,4,2045.05,2045.05,2045.05,2023-04-07 14:14:10
MXP,Yantai,China,2023,7,2046.84,2048.8987500000003,2047.68,2023-04-07 14:14:10
MXP,Learmonth,Austrália,2023,12,2048.86,2058.8144444444447,2063.68,2023-04-07 14:14:10
MXP,Hamilton Island,Austrália,2023,9,2049.76,2075.0983333333334,2085.98,2023-04-07 14:14:10
MXP,Ipatinga,Brasil,2023,4,2051.73,2056.483333333333,2058.65,2023-04-07 14:14:10
MXP,Whyalla,Austrália,2023,9,2052.12,2073.722,2064.455,2023-04-07 14:14:10
MXP,Wellington,Nova Zelândia,2023,7,2056.25,2364.2357894736842,2057.15,2023-04-07 14:14:10
MXP,Owensboro,Estados Unidos,2023,9,2058.6,2067.9244444444444,2067.71,2023-04-07 14:14:10
MXP,Jaguaruna,Brasil,2023,2,2058.94,2059.2128571428575,2059.01,2023-04-07 14:14:10
MXP,Vaitape,Polinésia Francesa,2023,2,2063.35,2894.0875,2894.3,2023-04-07 14:14:10
MXP,Alexandria,Egito,2023,7,2063.94,2063.94,2063.94,2023-04-07 14:14:10
MXP,Numêá,Nova Caledónia,2023,2,2064.19,2073.905,2073.32,2023-04-07 14:14:10
MXP,Hobart,Austrália,2023,7,2065.1,2072.4440000000004,2072.38,2023-04-07 14:14:10
MXP,Apia,Samoa,2023,6,2072.28,2414.1063636363633,2444.56,2023-04-07 14:14:10
MXP,Ushuaia,Argentina,2023,4,2075.82,2080.241666666667,2081.11,2023-04-07 14:14:10
MXP,Camberra,Austrália,2023,8,2078.75,2119.394761904762,2089.5,2023-04-07 14:14:10
MXP,Cairns,Austrália,2023,6,2081.25,2141.7417647058824,2096.22,2023-04-07 14:14:10
MXP,Scarborough,Trinidad e Tobago,2023,12,2094.49,2097.3033333333333,2097.21,2023-04-07 14:14:10
MXP,Cabo Frio,Brasil,2023,9,2106.43,2107.193333333333,2106.48,2023-04-07 14:14:10
MXP,San Carlos DeBariloche,Argentina,2023,2,2111.22,2115.8399999999997,2117.74,2023-04-07 14:14:10
MXP,El Aiune,Sara Ocidental,2023,7,2115.96,2132.6355555555556,2120.45,2023-04-07 14:14:10
MXP,Vaitape,Polinésia Francesa,2023,11,2124.89,2222.443333333333,2149.97,2023-04-07 14:14:10
MXP,Baton Rouge,Estados Unidos,2023,9,2127.18,2134.77,2134.77,2023-04-07 14:14:10
MXP,Queenstown,Nova Zelândia,2023,4,2129.36,2136.859090909091,2136.54,2023-04-07 14:14:10
MXP,Maroochydore,Austrália,2023,6,2138.48,2276.573,2309.4849999999997,2023-04-07 14:14:10
MXP,Rarotonga,Ilhas Cook,2023,10,2143.33,2153.5190909090907,2155.69,2023-04-07 14:14:10
MXP,Coolangatta,Austrália,2023,6,2146.94,2233.44375,2235.5950000000003,2023-04-07 14:14:10
MXP,San Cristobal,Equador,2023,7,2151.94,3085.150625,2285.48,2023-04-07 14:14:10
MXP,Christchurch,Nova Zelândia,2023,3,2152.75,2157.005,2156.1800000000003,2023-04-07 14:14:10
MXP,Melbourne,Austrália,2023,7,2158.18,2158.18,2158.18,2023-04-07 14:14:10
MXP,Mérida,México,2023,12,2163.35,2176.117777777778,2183.38,2023-04-07 14:14:10
MXP,Vaitape,Polinésia Francesa,2023,6,2164.67,2968.2664705882353,2622.93,2023-04-07 14:14:10
MXP,Baltra,Equador,2023,12,2173.23,2176.9333333333334,2176.175,2023-04-07 14:14:10
MXP,Coolangatta,Austrália,2023,7,2174.52,2176.2466666666664,2174.52,2023-04-07 14:14:10
MXP,Roxas City,Filipinas,2023,4,2178.17,2183.779090909091,2183.97,2023-04-07 14:14:10
MXP,Baltra,Equador,2023,8,2189.49,2500.6126315789475,2626.42,2023-04-07 14:14:10
MXP,Vaitape,Polinésia Francesa,2023,4,2194.59,2550.9067391304347,2238.5,2023-04-07 14:14:10
MXP,Camberra,Austrália,2023,7,2197.22,2197.7949999999996,2197.91,2023-04-07 14:14:10
MXP,Proserpine,Austrália,2023,6,2204.41,2208.41875,2204.41,2023-04-07 14:14:10
MXP,Maroochydore,Austrália,2023,2,2220.61,2506.236666666667,2220.78,2023-04-07 14:14:10
MXP,Vaitape,Polinésia Francesa,2023,5,2220.89,3362.703043478261,2374.25,2023-04-07 14:14:10
MXP,Jeju,Coreia do Sul,2023,4,2225.59,2226.7557142857145,2225.59,2023-04-07 14:14:10
MXP,Roseau,Dominica,2023,8,2228.9,2228.9,2228.9,2023-04-07 14:14:10
MXP,Raiatea,Polinésia Francesa,2023,8,2232.13,2242.2609090909095,2248.19,2023-04-07 14:14:10
MXP,Nelson (Nova Zelândia),Nova Zelândia,2023,3,2238.11,2750.9114285714286,2943.72,2023-04-07 14:14:10
MXP,Sohag,Egito,2023,10,2238.66,2246.6736363636364,2249.52,2023-04-07 14:14:10
MXP,Assiut,Egito,2023,10,2239.59,2247.6036363636363,2250.45,2023-04-07 14:14:10
MXP,Libreville,Gabão,2023,12,2243.17,2245.7122222222224,2244.1,2023-04-07 14:14:10
MXP,Vaitape,Polinésia Francesa,2023,3,2249.4,3654.5212500000002,2348.95,2023-04-07 14:14:10
MXP,Kilindoni,Tanzânia,2023,2,2251.01,2253.6855555555553,2254.02,2023-04-07 14:14:10
MXP,Xiamen,China,2023,8,2252.07,2252.07,2252.07,2023-04-07 14:14:10
MXP,Punta Arenas,Chile,2023,8,2262.46,2268.80125,2263.69,2023-04-07 14:14:10
MXP,Suva,Fiji,2023,3,2269.21,4861.259999999999,4550.39,2023-04-07 14:14:10
MXP,Vaitape,Polinésia Francesa,2023,7,2278.63,2802.4145454545455,2495.05,2023-04-07 14:14:10
MXP,Fakarava,Polinésia Francesa,2023,5,2281.56,2287.1349999999998,2288.72,2023-04-07 14:14:10
MXP,Pereira,Colômbia,2023,2,2281.87,2299.05,2299.38,2023-04-07 14:14:10
MXP,Toyooka,Japão,2023,5,2289.74,2301.0253846153846,2305.28,2023-04-07 14:14:10
MXP,Wellington,Nova Zelândia,2023,2,2294.8,2326.8518181818185,2299.82,2023-04-07 14:14:10
MXP,Hohhot,China,2023,8,2300.18,2300.4133333333334,2300.25,2023-04-07 14:14:10
MXP,Vaitape,Polinésia Francesa,2023,10,2303.47,2328.5739999999996,2303.47,2023-04-07 14:14:10
MXP,Kalibo,Filipinas,2023,4,2304.97,2310.908181818182,2311.11,2023-04-07 14:14:10
MXP,Launceston,Austrália,2023,2,2310.74,2316.912,2317.7,2023-04-07 14:14:10
MXP,Cidade Antiga de Lijiang,China,2023,1,2314.77,2316.8766666666666,2317.77,2023-04-07 14:14:10
MXP,Raiatea,Polinésia Francesa,2023,9,2315.94,2321.9654545454546,2324.37,2023-04-07 14:14:10
MXP,Qionghai,China,2023,10,2317.53,2317.53,2317.53,2023-04-07 14:14:10
MXP,Gustávia,São Bartolomeu,2023,8,2326.19,2327.395,2327.395,2023-04-07 14:14:10
MXP,Geraldton,Austrália,2023,4,2331.2,2331.2,2331.2,2023-04-07 14:14:10
MXP,Camberra,Austrália,2023,12,2331.48,2335.255,2335.255,2023-04-07 14:14:10
MXP,Rio Grande,Argentina,2023,7,2333.63,2333.63,2333.63,2023-04-07 14:14:10
MXP,Maupiti,Polinésia Francesa,2023,9,2333.83,2333.83,2333.83,2023-04-07 14:14:10
MXP,I Fadang,Marianas do Norte,2023,7,2336.54,2339.335,2339.73,2023-04-07 14:14:10
MXP,Broome,Austrália,2023,4,2339.68,2458.7086666666664,2515.0,2023-04-07 14:14:10
MXP,Rarotonga,Ilhas Cook,2023,8,2343.51,2584.77125,2579.92,2023-04-07 14:14:10
MXP,Fakarava,Polinésia Francesa,2023,2,2347.76,2350.525,2350.525,2023-04-07 14:14:10
MXP,Mount Gambier,Austrália,2023,3,2350.47,2361.752727272727,2362.77,2023-04-07 14:14:10
MXP,Maupiti,Polinésia Francesa,2023,10,2351.13,2362.694,2363.7349999999997,2023-04-07 14:14:10
MXP,Tikehau,Polinésia Francesa,2023,10,2356.78,2436.016666666667,2483.44,2023-04-07 14:14:10
MXP,Pellston,Estados Unidos,2023,7,2357.75,2357.75,2357.75,2023-04-07 14:14:10
MXP,Burnie,Austrália,2023,3,2361.69,2366.8489999999997,2364.14,2023-04-07 14:14:10
MXP,Kingscote,Austrália,2023,3,2368.51,2377.1233333333334,2375.64,2023-04-07 14:14:10
MXP,Lafayette,Estados Unidos,2023,7,2370.46,2381.7233333333334,2381.85,2023-04-07 14:14:10
MXP,Vaitape,Polinésia Francesa,2023,9,2372.28,2426.0204545454544,2434.74,2023-04-07 14:14:10
MXP,Hervey Bay,Austrália,2023,2,2376.68,2387.036,2390.52,2023-04-07 14:14:10
MXP,Vaitape,Polinésia Francesa,2023,8,2384.1,3180.6783783783785,3166.44,2023-04-07 14:14:10
MXP,Suva,Fiji,2023,5,2388.29,2389.8050000000003,2388.365,2023-04-07 14:14:10
MXP,Rockhampton,Austrália,2023,2,2398.22,2400.51125,2399.21,2023-04-07 14:14:10
MXP,Tiputa,Polinésia Francesa,2023,10,2400.9,2409.7166666666667,2400.9,2023-04-07 14:14:10
MXP,Geraldton,Austrália,2023,12,2422.96,2434.7355555555555,2440.49,2023-04-07 14:14:10
MXP,San Carlos DeBariloche,Argentina,2023,7,2427.0,2510.69,2510.69,2023-04-07 14:14:10
MXP,Vaitape,Polinésia Francesa,2023,12,2435.01,3901.73,2439.2,2023-04-07 14:14:10
MXP,San Pedro Town,Belize,2023,4,2452.35,2454.1945454545453,2453.36,2023-04-07 14:14:10
MXP,Sendai,Japão,2023,2,2466.81,2472.705,2473.48,2023-04-07 14:14:10
MXP,Feira de Santana,Brasil,2024,2,2478.55,2481.7342857142858,2482.85,2023-04-07 14:14:10
MXP,Tijuana,México,2023,7,2491.92,2655.801904761905,2532.33,2023-04-07 14:14:10
MXP,Mount Gambier,Austrália,2023,9,2495.27,2495.27,2495.27,2023-04-07 14:14:10
MXP,Tiputa,Polinésia Francesa,2023,9,2495.93,2496.13,2496.13,2023-04-07 14:14:10
MXP,Cockburn Town,Ilhas Turcas e Caicos,2023,4,2500.44,7136.383500000001,7361.74,2023-04-07 14:14:10
MXP,Albany,Austrália,2023,2,2503.65,2510.371,2513.415,2023-04-07 14:14:10
MXP,Sanya,China,2023,11,2504.03,2508.292222222222,2507.45,2023-04-07 14:14:10
MXP,Mahajanga,Madagáscar,2023,7,2505.83,2540.9192000000003,2532.13,2023-04-07 14:14:10
MXP,San José del Cabo,México,2023,11,2516.39,2522.186,2526.05,2023-04-07 14:14:10
MXP,Maupiti,Polinésia Francesa,2023,6,2517.49,2520.9011111111113,2523.41,2023-04-07 14:14:10
MXP,Santa Cruz da Graciosa,Portugal,2023,7,2522.71,2527.3416666666667,2528.23,2023-04-07 14:14:10
MXP,Antsiranana,Madagáscar,2023,7,2526.05,2547.4195238095235,2534.27,2023-04-07 14:14:10
MXP,Parauapebas,Brasil,2023,3,2528.46,2532.76,2534.21,2023-04-07 14:14:10
MXP,Porto Plata,República Dominicana,2023,12,2535.37,2536.128333333333,2536.47,2023-04-07 14:14:10
MXP,Apia,Samoa,2023,5,2536.75,2539.3799999999997,2538.14,2023-04-07 14:14:10
MXP,Ushuaia,Argentina,2023,2,2563.48,3032.183571428571,3220.78,2023-04-07 14:14:10
MXP,Lomé,Togo,2023,11,2563.78,2563.78,2563.78,2023-04-07 14:14:10
MXP,San Luis,Argentina,2023,2,2568.78,2569.5,2569.59,2023-04-07 14:14:10
MXP,Hilo,Estados Unidos,2023,3,2574.42,2585.3025000000002,2591.82,2023-04-07 14:14:10
MXP,Rarotonga,Ilhas Cook,2023,4,2579.36,2584.071111111111,2587.75,2023-04-07 14:14:10
MXP,Coolangatta,Austrália,2023,2,2586.26,2748.4833333333336,2586.45,2023-04-07 14:14:10
MXP,Ixtapa,México,2023,11,2600.02,2606.5709090909095,2607.15,2023-04-07 14:14:10
MXP,Taichung,Taiwan,2023,2,2604.48,2604.48,2604.48,2023-04-07 14:14:10
MXP,Port Elizabeth,África do Sul,2023,12,2605.46,3809.8903076923075,3789.8,2023-04-07 14:14:10
MXP,Thiruvananthapuram,Índia,2023,4,2607.32,2609.257142857143,2607.32,2023-04-07 14:14:10
MXP,Grand-Case,São Martinho (Saint-Martin),2023,8,2608.07,2615.66,2620.72,2023-04-07 14:14:10
MXP,Nanchong,China,2023,4,2608.2,2618.6169999999997,2618.26,2023-04-07 14:14:10
MXP,San Cristobal,Equador,2023,12,2613.62,2700.7715,2636.165,2023-04-07 14:14:10
MXP,Port Vila,Vanuatu,2023,5,2631.82,2633.953,2633.685,2023-04-07 14:14:10
MXP,Szymany,Polónia,2023,7,2632.54,2642.2033333333334,2632.54,2023-04-07 14:14:10
MXP,Lincoln,Estados Unidos,2023,4,2642.44,2943.3147222222224,3020.53,2023-04-07 14:14:10
MXP,Hong Kong,Hong Kong,2023,8,2651.75,2651.75,2651.75,2023-04-07 14:14:10
MXP,Hilo,Estados Unidos,2023,4,2657.34,2659.58,2659.84,2023-04-07 14:14:10
MXP,Cali,Colômbia,2023,12,2662.92,2662.92,2662.92,2023-04-07 14:14:10
MXP,Darwin,Austrália,2023,2,2677.47,2690.6554545454546,2695.57,2023-04-07 14:14:10
MXP,Santa Cruz da Serra,Bolívia,2023,7,2687.13,2687.13,2687.13,2023-04-07 14:14:10
MXP,Apia,Samoa,2023,3,2689.46,3021.0074999999997,3084.245,2023-04-07 14:14:10
MXP,Blenheim,Nova Zelândia,2023,7,2722.4,2722.635,2722.635,2023-04-07 14:14:10
MXP,Yellowknife,Canadá,2023,3,2743.71,2749.6355555555556,2749.68,2023-04-07 14:14:10
MXP,Kahului,Estados Unidos,2023,9,2749.72,2750.7233333333334,2749.72,2023-04-07 14:14:10
MXP,Natal,Brasil,2023,7,2754.62,2759.2250000000004,2760.76,2023-04-07 14:14:10
MXP,Christchurch,Nova Zelândia,2023,2,2758.07,2765.8325,2769.21,2023-04-07 14:14:10
MXP,Invercargill,Nova Zelândia,2023,5,2781.59,2789.565,2790.64,2023-04-07 14:14:10
MXP,Ixtapa,México,2023,5,2801.78,2801.885,2801.885,2023-04-07 14:14:10
MXP,Port Lincoln,Austrália,2023,3,2808.65,2866.350909090909,2823.17,2023-04-07 14:14:10
MXP,Shenzhen,China,2023,1,2817.72,2819.773333333333,2817.72,2023-04-07 14:14:10
MXP,Port Louis,Maurícia,2024,2,2820.75,2922.3266666666664,2820.75,2023-04-07 14:14:10
MXP,Suva,Fiji,2023,11,2823.92,2825.6549999999997,2825.09,2023-04-07 14:14:10
MXP,Vishakhapatnam,Índia,2023,2,2824.68,2841.1463636363637,2843.78,2023-04-07 14:14:10
MXP,Wellington,Nova Zelândia,2023,1,2845.28,2845.28,2845.28,2023-04-07 14:14:10
MXP,Newcastle,Austrália,2023,2,2870.83,2870.83,2870.83,2023-04-07 14:14:10
MXP,Ciudad del Carmen,México,2023,8,2887.38,2894.43875,2896.45,2023-04-07 14:14:10
MXP,Toyooka,Japão,2023,3,2929.64,2929.64,2929.64,2023-04-07 14:14:10
MXP,Cairns,Austrália,2023,2,2950.1,2960.383333333333,2958.6949999999997,2023-04-07 14:14:10
MXP,Grand Rapids,Estados Unidos,2023,11,2959.06,2963.81,2963.1,2023-04-07 14:14:10
MXP,Darwin,Austrália,2023,6,2971.63,2973.685,2972.245,2023-04-07 14:14:10
MXP,Mossoró,Brasil,2023,5,2990.26,3009.866666666667,3012.9,2023-04-07 14:14:10
MXP,Kununurra,Austrália,2023,4,2992.94,3007.6549999999997,3008.98,2023-04-07 14:14:10
MXP,Rarotonga,Ilhas Cook,2023,6,3012.02,3012.02,3012.02,2023-04-07 14:14:10
MXP,São Salvador,El Salvador,2024,1,3029.71,3042.058,3043.11,2023-04-07 14:14:10
MXP,Hilo,Estados Unidos,2023,6,3036.6,3047.7475,3042.86,2023-04-07 14:14:10
MXP,Roswell,Estados Unidos,2023,7,3049.84,3065.6042857142857,3071.91,2023-04-07 14:14:10
MXP,Maseru,Lesoto,2023,3,3067.88,3079.766,3079.825,2023-04-07 14:14:10
MXP,Lhasa,China,2023,5,3077.31,3084.341111111111,3085.15,2023-04-07 14:14:10
MXP,Bandar Seri Begawan,Brunei,2023,9,3108.5,3117.705,3121.215,2023-04-07 14:14:10
MXP,Lihue,Estados Unidos,2023,6,3119.7,3119.8959999999997,3119.7,2023-04-07 14:14:10
MXP,Christchurch,Nova Zelândia,2023,1,3179.81,3183.4489999999996,3183.965,2023-04-07 14:14:10
MXP,Port Vila,Vanuatu,2023,8,3180.52,3187.5750000000003,3184.86,2023-04-07 14:14:10
MXP,Tucson,Estados Unidos,2023,12,3204.68,3225.223,3226.375,2023-04-07 14:14:10
MXP,Kerikeri,Nova Zelândia,2023,2,3208.3,3214.191666666667,3215.32,2023-04-07 14:14:10
MXP,Dillingham,Estados Unidos,2023,6,3232.37,3235.374444444444,3235.73,2023-04-07 14:14:10
MXP,Walvis Bay,Namíbia,2023,11,3244.52,3244.52,3244.52,2023-04-07 14:14:10
MXP,Invercargill,Nova Zelândia,2023,3,3262.71,3262.71,3262.71,2023-04-07 14:14:10
MXP,Apia,Samoa,2023,2,3295.01,3300.143,3299.99,2023-04-07 14:14:10
MXP,Apia,Samoa,2023,4,3302.3,3318.5370000000003,3320.0,2023-04-07 14:14:10
MXP,San Cristobal,Equador,2023,8,3310.47,3316.616666666667,3317.28,2023-04-07 14:14:10
MXP,Maupiti,Polinésia Francesa,2023,8,3351.51,3370.358571428572,3367.76,2023-04-07 14:14:10
MXP,Savusavu,Fiji,2023,8,3377.67,4601.3150000000005,4928.24,2023-04-07 14:14:10
MXP,Veneza,Itália,2024,1,3490.2,3503.2125,3507.55,2023-04-07 14:14:10
MXP,Tiputa,Polinésia Francesa,2023,4,3516.54,3533.2955555555554,3532.69,2023-04-07 14:14:10
MXP,Tiputa,Polinésia Francesa,2023,8,3532.97,3558.28,3559.72,2023-04-07 14:14:10
MXP,Quito,Equador,2023,12,3541.2,3541.1999999999994,3541.2,2023-04-07 14:14:10
MXP,Rapid City,Estados Unidos,2023,6,3561.35,3571.907272727273,3577.11,2023-04-07 14:14:10
MXP,Spokane,Estados Unidos,2023,6,3628.04,3635.4610000000002,3634.925,2023-04-07 14:14:10
MXP,Suva,Fiji,2023,6,3643.7,3650.1463636363637,3652.12,2023-04-07 14:14:10
MXP,Rarotonga,Ilhas Cook,2023,3,3683.72,3683.72,3683.72,2023-04-07 14:14:10
MXP,Suva,Fiji,2023,4,3713.69,3718.62,3714.18,2023-04-07 14:14:10
MXP,San Cristobal,Equador,2023,10,3750.35,3760.1322222222225,3766.95,2023-04-07 14:14:10
MXP,Chennai,Índia,2023,10,3793.38,3802.9166666666665,3793.38,2023-04-07 14:14:10
MXP,Ilha de Páscoa,Chile,2023,8,3835.95,3837.5588888888888,3836.45,2023-04-07 14:14:10
MXP,Cruz,Brasil,2023,2,3837.54,3838.796363636364,3839.21,2023-04-07 14:14:10
MXP,San Cristobal,Equador,2023,6,3858.44,3879.048888888889,3877.61,2023-04-07 14:14:10
MXP,State College,Estados Unidos,2023,4,3879.56,3882.467777777778,3879.81,2023-04-07 14:14:10
MXP,Cabo Frio,Brasil,2023,2,3925.64,3925.64,3925.64,2023-04-07 14:14:10
MXP,Cuenca,Equador,2023,6,3926.29,3927.375,3927.53,2023-04-07 14:14:10
MXP,Honiara,Ilhas Salomão,2023,2,3959.85,3968.7149999999997,3973.2,2023-04-07 14:14:10
MXP,Burlington,Estados Unidos,2023,5,3990.57,3999.5025,4004.03,2023-04-07 14:14:10
MXP,Kotzebue,Estados Unidos,2023,4,4026.9,4039.508888888889,4031.83,2023-04-07 14:14:10
MXP,Mar del Plata,Argentina,2023,4,4087.82,4095.429,4094.9799999999996,2023-04-07 14:14:10
MXP,Ilha de Páscoa,Chile,2023,1,4168.59,4168.745,4168.745,2023-04-07 14:14:10
MXP,Mar del Plata,Argentina,2023,9,4175.92,4179.801111111111,4180.26,2023-04-07 14:14:10
MXP,Ilha de Páscoa,Chile,2023,3,4197.72,4197.72,4197.72,2023-04-07 14:14:10
MXP,Lae,Papua Nova Guiné,2023,4,4300.56,4321.706,4323.610000000001,2023-04-07 14:14:10
MXP,Lebanon,Estados Unidos,2023,2,4307.13,4316.7775,4321.66,2023-04-07 14:14:10
MXP,Ilha de Páscoa,Chile,2023,4,4333.08,4363.61375,4358.32,2023-04-07 14:14:10
MXP,Ha Long,Vietname,2023,3,4601.8,4606.97125,4609.78,2023-04-07 14:14:10
MXP,Puerto Iguazú,Argentina,2023,3,4623.06,4623.06,4623.06,2023-04-07 14:14:10
MXP,Camberra,Austrália,2023,3,4770.74,5210.034736842105,4780.94,2023-04-07 14:14:10
MXP,Patna,Índia,2023,2,4957.45,4986.342727272727,4990.96,2023-04-07 14:14:10
MXP,Cordova,Estados Unidos,2023,4,4985.71,4993.4,4993.4,2023-04-07 14:14:10
MXP,Turim,Itália,2023,7,5199.43,5199.43,5199.43,2023-04-07 14:14:10
MXP,Taveuni Island,Fiji,2023,11,5207.77,5214.756666666666,5214.52,2023-04-07 14:14:10
MXP,Labasa,Fiji,2023,8,5274.36,5293.232727272727,5291.9,2023-04-07 14:14:10
MXP,Savusavu,Fiji,2023,6,5339.42,5348.867272727272,5351.76,2023-04-07 14:14:10
MXP,Macau,Macau,2023,7,5380.13,5393.285,5397.03,2023-04-07 14:14:10
MXP,Porto Alegre,Brasil,2023,12,5477.86,5482.1722222222215,5479.58,2023-04-07 14:14:10
MXP,Alotau,Papua Nova Guiné,2023,3,5582.13,5592.376666666667,5594.34,2023-04-07 14:14:10
MXP,Bundaberg,Austrália,2023,2,5626.71,5651.23,5659.48,2023-04-07 14:14:10
MXP,Alotau,Papua Nova Guiné,2023,11,5680.9,5714.2325,5716.18,2023-04-07 14:14:10
MXP,Suva,Fiji,2023,9,5720.26,5720.26,5720.26,2023-04-07 14:14:10
MXP,Adak Island,Estados Unidos,2023,4,5791.32,5809.453333333334,5798.41,2023-04-07 14:14:10
MXP,Savusavu,Fiji,2023,9,5792.94,5792.94,5792.94,2023-04-07 14:14:10
MXP,Virgin Gorda,Ilhas Virgens Britânicas,2023,2,5811.89,5822.555,5824.6,2023-04-07 14:14:10
MXP,Culebra,Porto Rico,2023,4,6090.26,6096.4525,6094.415,2023-04-07 14:14:10
MXP,Cairns,Austrália,2023,10,6190.81,6190.81,6190.81,2023-04-07 14:14:10
MXP,Surakarta,Indonésia,2023,2,6537.61,6537.61,6537.61,2023-04-07 14:14:10
MXP,Popondetta,Papua Nova Guiné,2023,3,6607.46,6638.830909090909,6618.84,2023-04-07 14:14:10
MXP,Flores,Guatemala,2023,4,6693.72,6700.4675,6696.49,2023-04-07 14:14:10
MXP,Suva,Fiji,2023,2,6740.1,6752.468333333333,6754.84,2023-04-07 14:14:10
MXP,Labasa,Fiji,2023,2,6774.1,6786.535,6788.92,2023-04-07 14:14:10
MXP,Sidney,Estados Unidos,2023,4,6792.16,6825.045833333334,6822.53,2023-04-07 14:14:10
MXP,Flores,Guatemala,2023,8,6794.32,6806.79,6809.18,2023-04-07 14:14:10
MXP,Road Town,Ilhas Virgens Britânicas,2023,4,6807.48,6812.823333333334,6807.48,2023-04-07 14:14:10
MXP,Savusavu,Fiji,2023,2,6808.11,6820.6033333333335,6823.0,2023-04-07 14:14:10
MXP,Madang,Papua Nova Guiné,2023,4,6861.68,7003.33076923077,6911.33,2023-04-07 14:14:10
MXP,Pierre,Estados Unidos,2023,4,6935.58,6966.483636363637,6966.59,2023-04-07 14:14:10
MXP,Numêá,Nova Caledónia,2023,8,6946.34,6946.34,6946.34,2023-04-07 14:14:10
MXP,Cockburn Town,Ilhas Turcas e Caicos,2023,6,7040.74,7056.602500000001,7057.02,2023-04-07 14:14:10
MXP,Cockburn Harbour,Ilhas Turcas e Caicos,2023,6,7064.51,7075.85125,7074.15,2023-04-07 14:14:10
MXP,Niigata,Japão,2023,7,7084.44,7160.083636363636,7150.02,2023-04-07 14:14:10
MXP,Kwajalein,Ilhas Marshall,2023,4,7193.07,7202.727777777778,7202.79,2023-04-07 14:14:10
MXP,Labasa,Fiji,2023,6,7231.33,7244.130909090909,7248.05,2023-04-07 14:14:10
MXP,Majuro,Ilhas Marshall,2023,4,7298.99,7298.99,7298.99,2023-04-07 14:14:10
MXP,Koror,Palau,2023,8,7597.47,7614.67125,7622.49,2023-04-07 14:14:10
MXP,Cockburn Town,Ilhas Turcas e Caicos,2023,3,7629.71,7818.4325,7919.3,2023-04-07 14:14:10
MXP,Newcastle,São Cristóvão e Neves,2023,4,7670.15,7684.223333333332,7686.92,2023-04-07 14:14:10
MXP,Kwajalein,Ilhas Marshall,2023,7,7970.81,7979.075384615384,7974.11,2023-04-07 14:14:10
MXP,Alotau,Papua Nova Guiné,2023,8,8020.7,8055.656,8067.42,2023-04-07 14:14:10
MXP,Tsushima,Japão,2023,4,8057.0,9626.056,10645.47,2023-04-07 14:14:10
MXP,Kwajalein,Ilhas Marshall,2023,8,9023.98,9029.722,9027.695,2023-04-07 14:14:10
MXP,Majuro,Ilhas Marshall,2023,11,9109.37,9118.5525,9113.14,2023-04-07 14:14:10
MXP,Nanyang,China,2023,4,9441.43,9441.43,9441.43,2023-04-07 14:14:10
MXP,Hiroshima,Japão,2023,3,9637.97,9694.663333333334,9694.11,2023-04-07 14:14:10
MXP,Koror,Palau,2023,3,10078.69,10084.524545454546,10079.02,2023-04-07 14:14:10
MXP,Wellington,Nova Zelândia,2023,9,11547.26,11547.26,11547.26,2023-04-07 14:14:10
MXP,Virgin Gorda,Ilhas Virgens Britânicas,2023,3,13465.85,13470.698999999999,13471.71,2023-04-07 14:14:10
